1.188024147592623159e+01
1.188047048225751112e+01
1.188039889591031617e+01
1.188027697465715171e+01
1.188051577779746992e+01
1.188031031614433530e+01
1.188033572239343982e+01
1.188050528154987084e+01
1.188026205097727050e+01
1.188042810140630934e+01
1.188044875611043238e+01
1.188024479291238045e+01
1.188048837185146134e+01
1.188036873123936843e+01
1.188029629693806832e+01
1.188052017425147255e+01
1.188028836925904130e+01
1.188036350335612923e+01
1.188048926457465271e+01
1.188025223444974365e+01
1.188045496118184730e+01
1.188042406548016494e+01
1.188025457598119061e+01
1.188050170770060454e+01
1.188033905754337027e+01
1.188031914566584746e+01
1.188051817400039489e+01
1.188027078245447221e+01
1.188039243285323465e+01
1.188046855018152215e+01
1.188024803415637543e+01
1.188047822320704405e+01
1.188039741017380102e+01
1.188027033157559487e+01
1.188050995055418291e+01
1.188031131343451285e+01
1.188034452540411934e+01
1.188050978750600528e+01
1.188025824241412742e+01
1.188042119664947194e+01
1.188044415824487388e+01
1.188024973019253316e+01
1.188049683228381426e+01
1.188036988612003242e+01
1.188029126973253646e+01
1.188051275767381654e+01
1.188028685064257495e+01
1.188037135975813108e+01
1.188049534212039404e+01
1.188025120360327946e+01
1.188044845415078044e+01
1.188041725042055852e+01
1.188025735184996101e+01
1.188050997954391264e+01
1.188034264845886767e+01
1.188031634963216376e+01
1.188050999594175039e+01
1.188026686225347994e+01
1.188039853325563833e+01
1.188047547355043321e+01
1.188024988061813580e+01
1.188047290450168703e+01
1.188038907097759456e+01
1.188027066477591376e+01
1.188051713595278791e+01
1.188031686893050143e+01
1.188034433762608799e+01
1.188050174858711472e+01
1.188025231844860130e+01
1.188042493112684284e+01
1.188045109849682213e+01
1.188025424956665965e+01
1.188049335310759780e+01
1.188036088641172228e+01
1.188028916877030561e+01
1.188051806847369107e+01
1.188029368832155797e+01
1.188037387382110133e+01
1.188048831517110315e+01
1.188024391393454948e+01
1.188044947652664973e+01
1.188042336977852642e+01
1.188026405744594172e+01
1.188050877501254377e+01
1.188033392745056638e+01
1.188031210820721384e+01
1.188051283952896675e+01
1.188027416608293407e+01
1.188040354356052219e+01
1.188047020503562834e+01
1.188024203109563537e+01
1.188047116567738115e+01
1.188039361711559749e+01
1.188027883892545766e+01
1.188051837196144866e+01
1.188030933694489910e+01
1.188033849674570419e+01
1.188050179182081401e+01
1.188025923009688434e+01
1.188043195022369503e+01
1.188044812449859045e+01
1.188024672189333053e+01
1.188048910156371463e+01
1.188036327777996881e+01
1.188029793986820692e+01
1.188052161999630840e+01
1.188028812622002306e+01
1.188036715679555932e+01
1.188048552108074496e+01
1.188024962960939490e+01
1.188045778545690112e+01
1.188042295759797717e+01
1.188025770971177231e+01
1.188050252615671099e+01
1.188033382146175754e+01
1.188032054634898316e+01
1.188051830418945265e+01
1.188027114097187109e+01
1.188039677241502545e+01
1.188046483913291773e+01
1.188024589382066587e+01
1.188047989257269599e+01
1.188039573953279060e+01
1.188027441021861286e+01
1.188051085017693609e+01
1.188030667339851831e+01
1.188034571735066436e+01
1.188050853711115096e+01
1.188025903635359271e+01
1.188042595261273071e+01
1.188044072936962259e+01
1.188024829811747018e+01
1.188049731898539285e+01
1.188036762175065242e+01
1.188029596859325387e+01
1.188051367876414410e+01
1.188028313963675586e+01
1.188037241929308685e+01
1.188049275841508923e+01
1.188025226013489188e+01
1.188045330099932428e+01
1.188041429681632977e+01
1.188025683987304504e+01
1.188050935458601032e+01
1.188033982829800550e+01
1.188032130961638089e+01
1.188051083144084430e+01
1.188026433848388841e+01
1.188039956125698460e+01
1.188047171462443075e+01
1.188025104291189749e+01
1.188047748755827726e+01
1.188038671545276337e+01
1.188027122607613428e+01
1.188051555472863186e+01
1.188031360443065765e+01
1.188034919706236181e+01
1.188050235530398169e+01
1.188025114249824554e+01
1.188042603080474535e+01
1.188044642035098164e+01
1.188025539496660699e+01
1.188049731867274872e+01
1.188035917593573743e+01
1.188029087524771121e+01
1.188051574834879531e+01
1.188029015998038496e+01
1.188037829910664911e+01
1.188048853093553703e+01
1.188024413518306588e+01
1.188045073099818616e+01
1.188041810404162568e+01
1.188026510988825812e+01
1.188051180189022915e+01
1.188033283679359720e+01
1.188031493560262142e+01
1.188051003297854180e+01
1.188027061090443581e+01
1.188040725649148932e+01
1.188046987061797921e+01
1.188024358550801374e+01
1.188047261910382701e+01
1.188038814234765361e+01
1.188027977499734256e+01
1.188052020188192692e+01
1.188030878131432289e+01
1.188034232003176882e+01
1.188049875875524286e+01
1.188025592251648632e+01
1.188043474982364067e+01
1.188044710802963344e+01
1.188024944155305462e+01
1.188049074659122972e+01
1.188035798733282178e+01
1.188029878802480788e+01
1.188052208380789843e+01
1.188028798099445638e+01
1.188037175655576583e+01
1.188048250322259136e+01
1.188024685741212316e+01
1.188045956195809616e+01
1.188042117808815945e+01
1.188026134249270882e+01
1.188050429890555471e+01
1.188032909046403240e+01
1.188032137890698436e+01
1.188051734035461138e+01
1.188027126518262300e+01
1.188040185112335045e+01
1.188046203839430603e+01
1.188024393063970763e+01
1.188048063153214429e+01
1.188039318562861446e+01
1.188027864652558385e+01
1.188051263276775593e+01
1.188030282721162045e+01
1.188034663550413050e+01
1.188050619959950005e+01
1.188025929603234232e+01
1.188043115857469978e+01
1.188043829164258014e+01
1.188024737463406666e+01
1.188049709471858861e+01
1.188036436250714090e+01
1.188030047161246117e+01
1.188051530873749151e+01
1.188028042633482428e+01
1.188037353267768914e+01
1.188048921264431002e+01
1.188025254820370691e+01
1.188045825739865613e+01
1.188041230249530855e+01
1.188025711672986517e+01
1.188050831394619244e+01
1.188033601430289643e+01
1.188032574591583668e+01
1.188051211729882262e+01
1.188026290824283393e+01
1.188040096503536880e+01
1.188046722213797324e+01
1.188025129353623299e+01
1.188048182424571486e+01
1.188038517793736304e+01
1.188027277215762822e+01
1.188051389402161284e+01
1.188030945941385319e+01
1.188035326512172851e+01
1.188050309726843956e+01
1.188025103663332338e+01
1.188042778411394984e+01
1.188044131463732711e+01
1.188025559150471899e+01
1.188050070444569073e+01
1.188035804877697643e+01
1.188029365476718269e+01
1.188051368712375044e+01
1.188028596432904394e+01
1.188038175381645090e+01
1.188048854542682342e+01
1.188024528655922829e+01
1.188045284039980842e+01
1.188041276069445829e+01
1.188026528621273847e+01
1.188051397470137260e+01
1.188033202887080719e+01
1.188031880618823877e+01
1.188050778828067422e+01
1.188026667896224531e+01
1.188040992766340054e+01
1.188046901592164950e+01
1.188024583027343795e+01
1.188047502947748235e+01
1.188038294664556993e+01
1.188028001008673584e+01
1.188052099387098437e+01
1.188030817779329773e+01
1.188034704210732073e+01
1.188049652251018351e+01
1.188025257548814828e+01
1.188043655266180565e+01
1.188044530762245898e+01
1.188025254021177446e+01
1.188049334032003124e+01
1.188035330182216853e+01
1.188029919383849098e+01
1.188052143785158776e+01
1.188028746652123857e+01
1.188037701251762712e+01
1.188048042442397190e+01
1.188024439371404739e+01
1.188046049785192970e+01
1.188041843782659868e+01
1.188026500699772114e+01
1.188050690292380729e+01
1.188032522484528108e+01
1.188032208219187957e+01
1.188051531553888474e+01
1.188027074544189787e+01
1.188040727174086619e+01
1.188046021118746864e+01
1.188024259602157784e+01
1.188048077878775644e+01
1.188038960184052684e+01
1.188028256975361963e+01
1.188051503243104889e+01
1.188030001297088845e+01
1.188034775541883725e+01
1.188050296467934253e+01
1.188025871455382010e+01
1.188043635382756413e+01
1.188043675027226698e+01
1.188024733518819076e+01
1.188049659066446750e+01
1.188036011971989581e+01
1.188030435613402780e+01
1.188051726737978342e+01
1.188027879880210236e+01
1.188037515743942585e+01
1.188048502860207201e+01
1.188025189667803971e+01
1.188046284924604201e+01
1.188041102397600746e+01
1.188025843839200490e+01
1.188050733148665827e+01
1.188033137317788146e+01
1.188032932981484890e+01
1.188051340023328351e+01
1.188026249850297766e+01
1.188040313146872506e+01
1.188046241657633750e+01
1.188025061516687586e+01
1.188048547899824925e+01
1.188038409269017492e+01
1.188027540991428133e+01
1.188051261647154533e+01
1.188030473669963882e+01
1.188035634313363254e+01
1.188050349843589792e+01
1.188025177461269521e+01
1.188043046357113397e+01
1.188043625139414061e+01
1.188025497756301618e+01
1.188050316216350666e+01
1.188035705821346255e+01
1.188029745339641252e+01
1.188051228481075228e+01
1.188028150702740504e+01
1.188038419209720864e+01
1.188048791393878467e+01
1.188024701481439571e+01
1.188045593315942305e+01
1.188040780781122052e+01
1.188026486607714816e+01
1.188051507258986916e+01
1.188033102735490232e+01
1.188032351240465090e+01
1.188050639934324693e+01
1.188026283477996969e+01
1.188041167046892710e+01
1.188046727889167364e+01
1.188024832614346948e+01
1.188047836805652757e+01
1.188037844523239883e+01
1.188027993516583436e+01
1.188052068057802479e+01
1.188030707528361418e+01
1.188035232621916037e+01
1.188049523924534334e+01
1.188024966162250706e+01
1.188043761969811740e+01
1.188044248560271399e+01
1.188025554280925533e+01
1.188049670084972220e+01
1.188034953801620830e+01
1.188029961640853749e+01
1.188051977641533341e+01
1.188028620808155189e+01
1.188038249672618463e+01
1.188047928592584768e+01
1.188024266644700866e+01
1.188046097234931686e+01
1.188041465018922160e+01
1.188026824537303483e+01
1.188051002316630367e+01
1.188032240713836174e+01
1.188032313135896700e+01
1.188051247447767622e+01
1.188026932475466069e+01
1.188041256211427310e+01
1.188045920287181190e+01
1.188024222428789045e+01
1.188048078812252939e+01
1.188038506125184313e+01
1.188028578927543322e+01
1.188051763496267199e+01
1.188029825733715228e+01
1.188034951359784230e+01
1.188049919874277549e+01
1.188025718007167875e+01
1.188044107335785426e+01
1.188043581074671096e+01
1.188024838161817875e+01
1.188049628284690584e+01
1.188035511670899247e+01
1.188030734106702191e+01
1.188051908639472920e+01
1.188027812370436109e+01
1.188037764121815876e+01
1.188048065221469329e+01
1.188025035034998922e+01
1.188046666964072351e+01
1.188041005908531389e+01
1.188026085077828498e+01
1.188050685139317331e+01
1.188032625297961786e+01
1.188033192063701193e+01
1.188051420991438256e+01
1.188026283068394129e+01
1.188040628011335009e+01
1.188045777349941545e+01
1.188024920430255627e+01
1.188048814867176972e+01
1.188038299533069875e+01
1.188027902454253315e+01
1.188051208515795309e+01
1.188029987084463990e+01
1.188035844721316003e+01
1.188050313996845020e+01
1.188025296478030413e+01
1.188043413691821293e+01
1.188043168373473080e+01
1.188025388049280728e+01
1.188050452753159014e+01
1.188035573106361653e+01
1.188030200968656480e+01
1.188051178405046038e+01
1.188027726195880085e+01
1.188038578636587950e+01
1.188048631753535922e+01
1.188024886055652907e+01
1.188045991890411379e+01
1.188040362682385975e+01
1.188026427237811333e+01
1.188051508982452908e+01
1.188032940471722299e+01
1.188032867660044900e+01
1.188050596239117063e+01
1.188025953970017312e+01
1.188041279526626148e+01
1.188046447730577881e+01
1.188025059838571806e+01
1.188048239717404897e+01
1.188037490595188572e+01
1.188028002183822096e+01
1.188051941594700089e+01
1.188030514033292917e+01
1.188035772100050735e+01
1.188049484819330459e+01
1.188024757813923671e+01
1.188043836427076627e+01
1.188043861680296054e+01
1.188025801217730049e+01
1.188050046936526982e+01
1.188034681978072449e+01
1.188030052249685298e+01
1.188051739512964922e+01
1.188028400294607501e+01
1.188038773364794309e+01
1.188047887585819495e+01
1.188024196317464742e+01
1.188046145419208877e+01
1.188040994876868162e+01
1.188027070568549881e+01
1.188051321849261477e+01
1.188032060214067975e+01
1.188032493454784699e+01
1.188050921995540499e+01
1.188026695246425568e+01
1.188041727425224181e+01
1.188045867288106194e+01
1.188024295975048794e+01
1.188048112968319714e+01
1.188037983999413605e+01
1.188028807642221274e+01
1.188051996499766716e+01
1.188029736890734789e+01
1.188035221259142027e+01
1.188049536557629615e+01
1.188025479873004997e+01
1.188044494585144761e+01
1.188043504123644567e+01
1.188025049810003964e+01
1.188049658946851572e+01
1.188034974082847306e+01
1.188030934612749334e+01
1.188052030911656054e+01
1.188027807480428777e+01
1.188038114690622571e+01
1.188047655645337919e+01
1.188024816048665677e+01
1.188046946569584073e+01
1.188040893359487171e+01
1.188026418015810926e+01
1.188050719363464580e+01
1.188032110974400091e+01
1.188033359619619489e+01
1.188051416043104602e+01
1.188026348131769439e+01
1.188041041688432209e+01
1.188045372331872329e+01
1.188024743042483600e+01
1.188048972830949523e+01
1.188038142378352902e+01
1.188028330513970410e+01
1.188051248731331277e+01
1.188029533701679341e+01
1.188035980589034146e+01
1.188050175141681741e+01
1.188025413536167108e+01
1.188043865369893659e+01
1.188042795278447983e+01
1.188025274795420927e+01
1.188050485653605648e+01
1.188035367057543290e+01
1.188030691151580243e+01
1.188051221948697744e+01
1.188027367136147916e+01
1.188038689115067115e+01
1.188048363251403572e+01
1.188025035743259927e+01
1.188046450826372613e+01
1.188040043208402885e+01
1.188026398126687155e+01
1.188051423741235268e+01
1.188032687441145185e+01
1.188033383169917911e+01
1.188050635567985758e+01
1.188025715350923406e+01
1.188041374256605742e+01
1.188046064787451783e+01
1.188025223795815322e+01
1.188048672037369968e+01
1.188037239189250549e+01
1.188028072061838891e+01
1.188051754151478256e+01
1.188030222791825530e+01
1.188036275565964672e+01
1.188049508384962571e+01
1.188024656099517529e+01
1.188043926218835544e+01
1.188043389305601494e+01
1.188025964108028099e+01
1.188050418530592545e+01
1.188034505063467350e+01
1.188030228501890484e+01
1.188051472635266137e+01
1.188028086250897886e+01
1.188039229995737678e+01
1.188047881336001055e+01
1.188024236825502022e+01
1.188046239971491147e+01
1.188040465780597543e+01
1.188027221559120505e+01
1.188051601453881645e+01
1.188031956359592201e+01
1.188032774412978654e+01
1.188050602573776082e+01
1.188026379425547674e+01
1.188042107874594322e+01
1.188045816700897106e+01
1.188024472511232865e+01
1.188048218860544658e+01
1.188037435810879927e+01
1.188028941267255689e+01
1.188052158725695406e+01
1.188029697927027328e+01
1.188035595588445403e+01
1.188049192749839555e+01
1.188025187228113566e+01
1.188044777296761545e+01
1.188043396564406251e+01
1.188025345491194429e+01
1.188049778194702633e+01
1.188034446180757797e+01
1.188031050951087231e+01
1.188052058906732888e+01
1.188027820395058498e+01
1.188038561850146202e+01
1.188047314167469892e+01
1.188024573241745507e+01
1.188047119356787462e+01
1.188040720430910824e+01
1.188026807144417418e+01
1.188050848684218863e+01
1.188031641182273290e+01
1.188033463727435368e+01
1.188051303437332606e+01
1.188026397421357316e+01
1.188041533381334780e+01
1.188045056102401809e+01
1.188024575837319929e+01
1.188049033467341964e+01
1.188037901875977376e+01
1.188028781212304352e+01
1.188051379540815233e+01
1.188029155083339106e+01
1.188036081188969995e+01
1.188049926967992320e+01
1.188025483628807777e+01
1.188044367778592125e+01
1.188042521574410948e+01
1.188025205260954209e+01
1.188050441369394328e+01
1.188035064195246093e+01
1.188031168406466520e+01
1.188051341047180287e+01
1.188027105149623530e+01
1.188038796672324082e+01
1.188047995683961489e+01
1.188025113148531098e+01
1.188046927391314256e+01
1.188039822482238428e+01
1.188026441942852429e+01
1.188051289703573232e+01
1.188032335158016650e+01
1.188033851969057864e+01
1.188050726458073925e+01
1.188025585657527117e+01
1.188041498723552714e+01
1.188045603741528033e+01
1.188025298756213388e+01
1.188049086552435440e+01
1.188037074691498418e+01
1.188028236292989881e+01
1.188051551189771260e+01
1.188029841128824060e+01
1.188036703876048605e+01
1.188049553150494120e+01
1.188024663317406748e+01
1.188044074827620378e+01
1.188042868119291562e+01
1.188026031644079339e+01
1.188050738336575307e+01
1.188034393360846330e+01
1.188030510192425737e+01
1.188051224578252629e+01
1.188027700916820351e+01
1.188039591375851600e+01
1.188047862950957700e+01
1.188024374422035301e+01
1.188046415446773274e+01
1.188039922286258410e+01
1.188027281864940754e+01
1.188051800477737530e+01
1.188031888711126882e+01
1.188033160244381747e+01
1.188050333561061578e+01
1.188026019722005344e+01
1.188042383516675926e+01
1.188045721530191123e+01
1.188024723853756548e+01
1.188048418314475008e+01
1.188036909099712979e+01
1.188028999426023447e+01
1.188052220053962138e+01
1.188029662313365975e+01
1.188036062651774749e+01
1.188048924797137751e+01
1.188024883500695417e+01
1.188044957272013491e+01
1.188043216711011674e+01
1.188025685879489224e+01
1.188049992812098310e+01
1.188033973319341108e+01
1.188031115950452765e+01
1.188051976553681932e+01
1.188027803857358045e+01
1.188039079407344900e+01
1.188047065169048722e+01
1.188024354028190821e+01
1.188047202882957976e+01
1.188040455545586305e+01
1.188027206506436961e+01
1.188051064178340610e+01
1.188031254114319957e+01
1.188033546817344188e+01
1.188051083030241450e+01
1.188026388321207882e+01
1.188042065375928225e+01
1.188044838397853731e+01
1.188024464933976354e+01
1.188049028133753637e+01
1.188037560117979474e+01
1.188029207102507812e+01
1.188051577297040851e+01
1.188028877966986840e+01
1.188036193750035530e+01
1.188049585231916083e+01
1.188025473504563578e+01
1.188044875828557068e+01
1.188042341195542662e+01
1.188025219013176503e+01
1.188050361439788816e+01
1.188034662193972046e+01
1.188031588992419785e+01
1.188051499860167581e+01
1.188026952409509995e+01
1.188038947901979370e+01
1.188047558812804638e+01
1.188025097973947553e+01
1.188047374020061042e+01
1.188039679187092190e+01
1.188026587122476840e+01
1.188051153788118874e+01
1.188031897007656390e+01
1.188034238770801743e+01
1.188050824756058255e+01
1.188025561011805387e+01
1.188041693526057685e+01
1.188045104910701255e+01
1.188025279531688128e+01
1.188049438428497595e+01
1.188036962833215249e+01
1.188028508897522961e+01
1.188051379665104612e+01
1.188029396575860908e+01
1.188037034072040221e+01
1.188049571543626470e+01
1.188024759935013286e+01
1.188044312265450486e+01
1.188042344469332789e+01
1.188026014315888190e+01
1.188050969265071721e+01
1.188034303512552903e+01
1.188030895370089013e+01
1.188051037111135777e+01
1.188027282943450302e+01
1.188039849492000322e+01
1.188047786840935771e+01
1.188024576187342518e+01
1.188046687983990246e+01
1.188039411689225311e+01
1.188027276580206859e+01
1.188051893836691342e+01
1.188031809808274097e+01
1.188033633356689478e+01
1.188050146993376721e+01
1.188025661720124049e+01
1.188042562308501715e+01
1.188045543425033301e+01
1.188025007524974797e+01
1.188048711919472922e+01
1.188036446966226123e+01
1.188029019142578591e+01
1.188052170354161419e+01
1.188029583952167201e+01
1.188036591306557987e+01
1.188048751546046944e+01
1.188024616230561570e+01
1.188045057653643966e+01
1.188042937869834681e+01
1.188026023799361575e+01
1.188050287858104959e+01
1.188033589672295953e+01
1.188031174483492514e+01
1.188051789877093078e+01
1.188027718363914786e+01
1.188039626190930242e+01
1.188046912235922292e+01
1.188024202601043378e+01
1.188047232883385185e+01
1.188040086669594508e+01
1.188027569498837543e+01
1.188051337019789422e+01
1.188030971165968275e+01
1.188033656525442971e+01
1.188050776271339437e+01
1.188026292289389829e+01
1.188042590996302117e+01
1.188044707065567707e+01
1.188024446132252443e+01
1.188049001040397457e+01
1.188037120978190053e+01
1.188029567250463181e+01
1.188051802392023504e+01
1.188028708456146454e+01
1.188036363189059230e+01
1.188049184270428071e+01
1.188025368644170143e+01
1.188045342413750838e+01
1.188042227481733093e+01
1.188025339304162742e+01
1.188050293447451899e+01
1.188034180271318974e+01
1.188031922081942504e+01
1.188051652300356409e+01
1.188026898926203856e+01
1.188039179834703418e+01
1.188047095904804529e+01
1.188024991239664807e+01
1.188047748337203835e+01
1.188039575059309527e+01
1.188026841675780432e+01
1.188051061539449904e+01
1.188031405343575919e+01
1.188034526239336408e+01
1.188050883012878600e+01
1.188025616423801445e+01
1.188041983626053266e+01
1.188044615644102642e+01
1.188025182567760574e+01
1.188049694767699016e+01
1.188036858067351886e+01
1.188028881772985201e+01
1.188051278025982072e+01
1.188028931066443583e+01
1.188037264306850282e+01
1.188049520148063998e+01
1.188024908851248540e+01
1.188044648711192153e+01
1.188041864598454644e+01
1.188025942262347456e+01
1.188051091691370331e+01
1.188034187925519625e+01
1.188031360845279671e+01
1.188050937412567798e+01
1.188026879295035521e+01
1.188040018322776703e+01
1.188047618635294711e+01
1.188024797210307781e+01
1.188047051968560908e+01
1.188038974099631950e+01
1.188027246297806627e+01
1.188051877511619736e+01
1.188031675490277550e+01
1.188034158188448686e+01
1.188050055860271570e+01
1.188025352278827462e+01
1.188042672588537663e+01
1.188045261024933730e+01
1.188025275931861025e+01
1.188049078972406036e+01
1.188036078983002852e+01
1.188029046975328917e+01
1.188052021717744466e+01
1.188029427121133885e+01
1.188037137627320305e+01
1.188048670370089077e+01
1.188024426937554168e+01
1.188045117953431884e+01
1.188042554083991575e+01
1.188026314285259311e+01
1.188050629819976400e+01
1.188033310929535524e+01
1.188031273792048559e+01
1.188051525657586005e+01
1.188027540567087215e+01
1.188040154735798559e+01
1.188046837334168515e+01
1.188024150389503575e+01
1.188047255494441856e+01
1.188039623809989465e+01
1.188027858692845662e+01
1.188051624507247972e+01
1.188030792267230851e+01
1.188033835336485389e+01
1.188050421491252884e+01
1.188026100832217224e+01
1.188043064399098547e+01
1.188044630552345282e+01
1.188024537109292922e+01
1.188048999630167657e+01
1.188036609179058622e+01
1.188029835813980561e+01
1.188052007586169445e+01
1.188028630617205472e+01
1.188036622345298277e+01
1.188048769563685880e+01
1.188025176258638638e+01
1.188045728338159002e+01
1.188042138818843974e+01
1.188025567999883059e+01
1.188050280753764554e+01
1.188033655050616844e+01
1.188032156257139427e+01
1.188051751843662274e+01
1.188026914672438394e+01
1.188039511961005168e+01
1.188046654502673505e+01
1.188024815066578377e+01
1.188048022193916609e+01
1.188039463128431983e+01
1.188027191486596124e+01
1.188051047430934304e+01
1.188030904666046794e+01
1.188034718725355177e+01
1.188050860717221724e+01
1.188025711235981596e+01
1.188042373070346258e+01
1.188044180341837297e+01
1.188025042535951314e+01
1.188049841736246748e+01
1.188036713468849115e+01
1.188029326526141283e+01
1.188051268129760629e+01
1.188028492144651693e+01
1.188037414344705311e+01
1.188049369151896784e+01
1.188025063480485954e+01
1.188045072442724148e+01
1.188041464941590242e+01
1.188025858957981207e+01
1.188051107775424242e+01
1.188034005120355374e+01
1.188031867243151041e+01
1.188050932392930648e+01
1.188026535353928459e+01
1.188040130925015880e+01
1.188047342666318151e+01
1.188024990287818738e+01
1.188047481289128982e+01
1.188038633984843173e+01
1.188027238476539083e+01
1.188051769457107198e+01
1.188031454420251798e+01
1.188034688809708683e+01
1.188050051367124738e+01
1.188025129542471703e+01
1.188042756980176229e+01
1.188044874550296903e+01
1.188025486511847184e+01
1.188049481846143252e+01
1.188035814867500051e+01
1.188029128976988069e+01
1.188051805804395222e+01
1.188029174063292004e+01
1.188037654170518920e+01
1.188048657659836849e+01
1.188024342150518109e+01
1.188045185456967623e+01
1.188042081323657229e+01
1.188026524052331467e+01
1.188050973630421936e+01
1.188033130847833441e+01
1.188031453214576061e+01
1.188051225570380609e+01
1.188027268143330417e+01
1.188040621243408879e+01
1.188046804550881674e+01
1.188024209198573011e+01
1.188047317218293131e+01
1.188039096773023573e+01
1.188028053672653428e+01
1.188051879050538417e+01
1.188030695808073567e+01
1.188034111345732136e+01
1.188050065610426564e+01
1.188025827228521969e+01
1.188043450234584419e+01
1.188044564594862251e+01
1.188024733555875301e+01
1.188049064346501638e+01
1.188036064988775564e+01
1.188030007487824236e+01
1.188052148066916480e+01
1.188028609890275611e+01
1.188036984909282801e+01
1.188048388037287140e+01
1.188024923767239827e+01
1.188046010679249598e+01
1.188042027603143325e+01
1.188025885209249211e+01
1.188050353270565296e+01
1.188033132839248651e+01
1.188032301993028916e+01
1.188051761566607212e+01
1.188026956118787325e+01
1.188039942127900694e+01
1.188046276405354362e+01
1.188024608069459376e+01
1.188048187781177667e+01
1.188039297926824034e+01
1.188027603439514124e+01
1.188051127625700154e+01
1.188030442288630084e+01
1.188034841444887135e+01
1.188050733117681723e+01
1.188025797975037179e+01
1.188042844229785544e+01
1.188043831141149909e+01
1.188024905056076364e+01
1.188049887636917212e+01
1.188036490938811163e+01
1.188029800638691924e+01
1.188051350689415564e+01
1.188028122945171106e+01
1.188037521403858143e+01
1.188049108843885904e+01
1.188025177809871913e+01
1.188045552386813242e+01
1.188041164443451336e+01
1.188025811961118094e+01
1.188051041032560207e+01
1.188033728675439527e+01
1.188032367412857937e+01
1.188051007239005941e+01
1.188026285243359936e+01
1.188040232316558154e+01
1.188046965327585269e+01
1.188025115984542879e+01
1.188047934846896148e+01
1.188038394924034513e+01
1.188027297205013610e+01
1.188051605677752143e+01
1.188031134733150118e+01
1.188035178608753917e+01
1.188050104729836320e+01
1.188025014692077619e+01
1.188042863122229953e+01
1.188044405663278624e+01
1.188025610691728318e+01
1.188049873875414164e+01
1.188035642307748674e+01
1.188029300678503120e+01
1.188051566928595904e+01
1.188028828664629444e+01
1.188038099929784153e+01
1.188048673750276585e+01
1.188024367603697584e+01
1.188045304941073610e+01
1.188041553971434006e+01
1.188026638459624884e+01
1.188051272156782545e+01
1.188033022503921643e+01
1.188031735629881958e+01
1.188050937179091449e+01
1.188026920212712056e+01
1.188040994811977136e+01
1.188046767719940000e+01
1.188024368616638071e+01
1.188047454895620980e+01
1.188038548784626691e+01
1.188028155336334990e+01
1.188052058306640824e+01
1.188030643276857745e+01
1.188034492213385107e+01
1.188049754137395553e+01
1.188025503728483123e+01
1.188043731195396546e+01
1.188044461757159453e+01
1.188025010141921101e+01
1.188049220031293629e+01
1.188035535731155434e+01
1.188030098693855408e+01
1.188052191121249734e+01
1.188028600606723018e+01
1.188037442565782875e+01
1.188048078174925948e+01
1.188024653071267167e+01
1.188046187784974883e+01
1.188041850589336335e+01
1.188026253655684350e+01
1.188050521191198072e+01
1.188032659913450928e+01
1.188032389531279875e+01
1.188051662194951064e+01
1.188026975705695243e+01
1.188040447100294728e+01
1.188045988903152761e+01
1.188024417240335318e+01
1.188048259404880014e+01
1.188039045378073588e+01
1.188028032595705419e+01
1.188051296627075359e+01
1.188030058364950214e+01
1.188034935150399818e+01
1.188050496622846275e+01
1.188025832598110831e+01
1.188043361600283632e+01
1.188043581140544269e+01
1.188024816983118015e+01
1.188049861149845299e+01
1.188036169417399890e+01
1.188030256542940144e+01
1.188051505125551444e+01
1.188027852992071232e+01
1.188037632139196376e+01
1.188048751682441306e+01
1.188025216202023060e+01
1.188046044675090052e+01
1.188040960483168718e+01
1.188025842654190711e+01
1.188050931205103211e+01
1.188033352818752597e+01
1.188032816370430567e+01
1.188051128481199115e+01
1.188026144438920184e+01
1.188040369687776732e+01
1.188046513605728194e+01
1.188025150926137741e+01
1.188048365174124577e+01
1.188038238743578212e+01
1.188027453609526773e+01
1.188051432377694816e+01
1.188030726458088182e+01
1.188035590071167391e+01
1.188050173202893767e+01
1.188025007294469404e+01
1.188043033311122088e+01
1.188043892737670859e+01
1.188025639855324833e+01
1.188050209185814765e+01
1.188035529520020894e+01
1.188029579357746179e+01
1.188051352489490853e+01
1.188028415560174267e+01
1.188038448977429695e+01
1.188048671351424446e+01
1.188024486958374482e+01
1.188045509020352242e+01
1.188041017473470617e+01
1.188026664593484938e+01
1.188051486242200916e+01
1.188032944081758480e+01
1.188032122539455315e+01
1.188050703799672192e+01
1.188026533306310739e+01
1.188041264043131839e+01
1.188046680371650865e+01
1.188024598301969625e+01
1.188047687876536251e+01
1.188038027376862260e+01
1.188028185774028422e+01
1.188052134324867559e+01
1.188030587634258595e+01
1.188034963604008709e+01
1.188049521583212709e+01
1.188025174806949025e+01
1.188043911814713738e+01
1.188044281743851194e+01
1.188025326060679809e+01
1.188049470734603119e+01
1.188035065855630101e+01
1.188030144188029347e+01
1.188052123276619021e+01
1.188028555923287399e+01
1.188037966870170337e+01
1.188047861953407924e+01
1.188024411738197372e+01
1.188046279723501897e+01
1.188041578297562850e+01
1.188026626743401692e+01
1.188050772903322283e+01
1.188032272762606212e+01
1.188032462471642603e+01
1.188051456317386467e+01
1.188026932106263267e+01
1.188040987549799077e+01
1.188045799024331828e+01
1.188024287939467705e+01
1.188048270427163899e+01
1.188038690139826237e+01
1.188028431781396854e+01
1.188051528440521842e+01
1.188029777319334990e+01
1.188035047348908080e+01
1.188050169545274670e+01
1.188025783871595564e+01
1.188043879293340410e+01
1.188043421562602475e+01
1.188024816296610631e+01
1.188049805085140775e+01
1.188035749323225332e+01
1.188030651650627334e+01
1.188051693852343682e+01
1.188027691793866225e+01
1.188037792498800016e+01
1.188048329521105195e+01
1.188025160879899467e+01
1.188046501846787706e+01
1.188040829331768933e+01
1.188025977235747632e+01
1.188050825605700744e+01
1.188032893551515556e+01
1.188033180733641814e+01
1.188051251017791188e+01
1.188026106346960731e+01
1.188040582141898049e+01
1.188046029212872767e+01
1.188025092668295457e+01
1.188048728434390355e+01
1.188038129334127824e+01
1.188027719076883848e+01
1.188051295987191303e+01
1.188030259324660953e+01
1.188035902684984713e+01
1.188050209170815208e+01
1.188025085358636623e+01
1.188043295384026976e+01
1.188043382664527670e+01
1.188025587156741381e+01
1.188050452469691898e+01
1.188035432086872234e+01
1.188029960333107837e+01
1.188051202872596690e+01
1.188027974938706954e+01
1.188038696017791018e+01
1.188048605742366881e+01
1.188024665372673994e+01
1.188045811224955628e+01
1.188040518758202424e+01
1.188026629837338533e+01
1.188051593170053444e+01
1.188032847962784544e+01
1.188032593831640327e+01
1.188050555381099649e+01
1.188026153715407141e+01
1.188041439579037473e+01
1.188046505838529043e+01
1.188024854607897041e+01
1.188048013999256902e+01
1.188037574413700348e+01
1.188028183668009596e+01
1.188052099661256733e+01
1.188030483543460925e+01
1.188035492348317135e+01
1.188049384235363704e+01
1.188024887799863727e+01
1.188044017585034418e+01
1.188044000168139114e+01
1.188025633850626761e+01
1.188049798926979861e+01
1.188034687566056036e+01
1.188030189682255511e+01
1.188051953258037052e+01
1.188028437928635306e+01
1.188038515341404810e+01
1.188047740210177139e+01
1.188024242867031788e+01
1.188046323977455998e+01
1.188041201361886401e+01
1.188026958496232233e+01
1.188051077440925241e+01
1.188031990296740759e+01
1.188032568374001841e+01
1.188051167791226526e+01
1.188026799021358215e+01
1.188041516351712801e+01
1.188045691983074548e+01
1.188024254103826038e+01
1.188048266004565257e+01
1.188038238813836323e+01
1.188028761530940258e+01
1.188051782003684309e+01
1.188029602532030538e+01
1.188035221973472488e+01
1.188049788065623780e+01
1.188025639918663323e+01
1.188044350664675974e+01
1.188043323523498174e+01
1.188024923827049406e+01
1.188049767064510043e+01
1.188035252356930371e+01
1.188030957281467970e+01
1.188051870176597014e+01
1.188027626706920437e+01
1.188038037734112251e+01
1.188047886700952027e+01
1.188025015612832291e+01
1.188046882848867014e+01
1.188040731162275243e+01
1.188026221010538741e+01
1.188050768908208177e+01
1.188032385190563822e+01
1.188033445755779027e+01
1.188051327712122429e+01
1.188026143693899073e+01
1.188040892268534421e+01
1.188045559685142116e+01
1.188024960208895919e+01
1.188048993767411510e+01
1.188038020423724284e+01
1.188028082822279075e+01
1.188051233273723106e+01
1.188029776493568335e+01
1.188036117347490261e+01
1.188050170414814666e+01
1.188025210129577935e+01
1.188043656822111949e+01
1.188042920966995730e+01
1.188025484807572774e+01
1.188050586628078165e+01
1.188035302611630328e+01
1.188030418058375837e+01
1.188051142953439587e+01
1.188027554119515550e+01
1.188038857622506939e+01
1.188048444500534728e+01
1.188024857097817133e+01
1.188046203218747898e+01
1.188040096389307898e+01
1.188026576145081847e+01
1.188051591650397398e+01
1.188032691081105874e+01
1.188033112177465611e+01
1.188050502242945328e+01
1.188025827740884566e+01
1.188041551907142335e+01
1.188046225237471276e+01
1.188025090012583185e+01
1.188048410116943643e+01
1.188037217264736611e+01
1.188028196071372733e+01
1.188051969030055588e+01
1.188030297150173809e+01
1.188036033537820657e+01
1.188049336725504723e+01
1.188024682816218025e+01
1.188044089478680121e+01
1.188043613798371290e+01
1.188025889516103284e+01
1.188050169199674322e+01
1.188034413936750688e+01
1.188030281989095371e+01
1.188051710064746480e+01
1.188028225704734275e+01
1.188039040423573844e+01
1.188047692401432975e+01
1.188024175780332214e+01
1.188046367289198635e+01
1.188040732454840409e+01
1.188027213244575186e+01
1.188051390964384879e+01
1.188031809709920239e+01
1.188032748417750462e+01
1.188050836511433417e+01
1.188026570676633398e+01
1.188041988473994337e+01
1.188045634228716985e+01
1.188024330845705023e+01
1.188048293263634747e+01
1.188037718430526546e+01
1.188028998355514965e+01
1.188052009824093957e+01
1.188029515521655100e+01
1.188035489830402724e+01
1.188049398400126044e+01
1.188025410658010017e+01
1.188044738142994383e+01
1.188043244149606004e+01
1.188025138708411177e+01
1.188049789248164601e+01
1.188034716836998150e+01
1.188031164705425624e+01
1.188051988237151058e+01
1.188027625633522355e+01
1.188038384806108461e+01
1.188047470592495536e+01
1.188024804918793542e+01
1.188047161791510042e+01
1.188040618626490463e+01
1.188026557273282435e+01
1.188050793636435287e+01
1.188031873131830629e+01
1.188033618512244871e+01
1.188051319559012953e+01
1.188026214464262864e+01
1.188041301373759140e+01
1.188045148362681047e+01
1.188024790040287471e+01
1.188049149980786723e+01
1.188037865634931478e+01
1.188028514298372684e+01
1.188051263614791075e+01
1.188029325505782019e+01
1.188036256279990077e+01
1.188050029302892163e+01
1.188025334529312893e+01
1.188044103257673711e+01
1.188042542249721478e+01
1.188025377322920484e+01
1.188050616546869698e+01
1.188035101025283602e+01
1.188030911680247392e+01
1.188051176907113238e+01
1.188027197581970640e+01
1.188038968760352709e+01
1.188048174564380766e+01
1.188025015357632519e+01
1.188046656633201081e+01
1.188039772435378794e+01
1.188026551117127738e+01
1.188051502138828930e+01
1.188032444212027983e+01
1.188033631007310831e+01
1.188050532902068568e+01
1.188025591823078564e+01
1.188041644800028429e+01
1.188045841525295998e+01
1.188025263249699393e+01
1.188048836982866163e+01
1.188036962945894004e+01
1.188028268261657949e+01
1.188051776083043798e+01
1.188030013272488716e+01
1.188036539997652241e+01
1.188049353100398875e+01
1.188024584069775180e+01
1.188044175036834460e+01
1.188043141162591176e+01
1.188026061792051635e+01
1.188050535682710240e+01
1.188034236022052959e+01
1.188030458842070836e+01
1.188051436630637525e+01
1.188027919677934818e+01
1.188039499465237370e+01
1.188047680877065204e+01
1.188024219618059263e+01
1.188046455494738396e+01
1.188040203476368184e+01
1.188027373092009142e+01
1.188051665988184169e+01
1.188031706993518455e+01
1.188033028445854811e+01
1.188050509784064346e+01
1.188026262970926084e+01
1.188042370466461151e+01
1.188045580563725245e+01
1.188024511143287576e+01
1.188048391136792503e+01
1.188037170656177643e+01
1.188029139690758029e+01
1.188052168091636673e+01
1.188029479905863539e+01
1.188035861966346118e+01
1.188049046946034792e+01
1.188025125709789265e+01
1.188045021248024469e+01
1.188043135813101614e+01
1.188025438597300365e+01
1.188049899363195472e+01
1.188034189619577674e+01
1.188031287056294438e+01
1.188052012900018006e+01
1.188027644005038219e+01
1.188038828824594084e+01
1.188047121612450496e+01
1.188024568950411997e+01
1.188047333578171916e+01
1.188040447146413037e+01
1.188026950993258879e+01
1.188050913339326797e+01
1.188031404327485419e+01
1.188033726498556675e+01
1.188051204182127663e+01
1.188026271045816351e+01
1.188041789303855467e+01
1.188044825299774665e+01
1.188024628484613032e+01
1.188049208054073347e+01
1.188037628570879889e+01
1.188028969822382663e+01
1.188051384969533686e+01
1.188028948263163365e+01
1.188036358343337540e+01
1.188049778814827739e+01
1.188025413320218604e+01
1.188044601585352922e+01
1.188042262903596580e+01
1.188025312047099113e+01
1.188050568078529956e+01
1.188034803226745950e+01
1.188031393762290833e+01
1.188051287331160921e+01
1.188026937480730361e+01
1.188039075267685085e+01
1.188047805028862669e+01
1.188025102317153170e+01
1.188047129054017681e+01
1.188039547733892576e+01
1.188026597733993661e+01
1.188051362372018005e+01
1.188032098167240314e+01
1.188034104332974650e+01
1.188050616436638762e+01
1.188025464658379349e+01
1.188041765797536975e+01
1.188045378771115068e+01
1.188025347991948344e+01
1.188049247478511461e+01
1.188036796521964078e+01
1.188028433892328550e+01
1.188051566066592635e+01
1.188029638530007404e+01
1.188036972184804618e+01
1.188049392247727631e+01
1.188024594574320325e+01
1.188044318031811031e+01
1.188042618487271795e+01
1.188026138679950172e+01
1.188050851704056221e+01
1.188034124689738391e+01
1.188030740686366826e+01
1.188051180548125529e+01
1.188027541455939051e+01
1.188039863706778476e+01
1.188047658877995794e+01
1.188024361320982969e+01
1.188046623639721489e+01
1.188039658729614878e+01
1.188027441683818886e+01
1.188051861494510675e+01
1.188031642092093954e+01
1.188033413405020866e+01
1.188050232242309434e+01
1.188025910121515771e+01
1.188042647605944069e+01
1.188045483882227948e+01
1.188024767392220582e+01
1.188048582083324334e+01
1.188036643007035664e+01
1.188029204506186254e+01
1.188052226136080236e+01
1.188029449312949914e+01
1.188036327378811308e+01
1.188048770506176588e+01
1.188024828203869276e+01
1.188045201065481393e+01
1.188042956485373125e+01
1.188025784572834453e+01
1.188050104899122239e+01
1.188033716267210416e+01
1.188031356638995462e+01
1.188051927421221521e+01
1.188027634478575223e+01
1.188039344193844649e+01
1.188046864750990395e+01
1.188024355051680381e+01
1.188047415097250692e+01
1.188040184610532535e+01
1.188027356400683665e+01
1.188051119794909916e+01
1.188031017389202404e+01
1.188033811812674756e+01
1.188050980720577599e+01
1.188026270505880433e+01
1.188042318782283679e+01
1.188044600929498529e+01
1.188024521830641156e+01
1.188049198801340012e+01
1.188037290661274881e+01
1.188029401899794557e+01
1.188051574312863323e+01
1.188028672089773430e+01
1.188036470666494893e+01
1.188049434029773721e+01
1.188025412742038078e+01
1.188045106947870622e+01
1.188042077572415067e+01
1.188025328940092962e+01
1.188050482408340969e+01
1.188034406176927682e+01
1.188031820288171758e+01
1.188051438860872011e+01
1.188026786678987712e+01
1.188039223883131257e+01
1.188047365095939867e+01
1.188025097035708910e+01
1.188047572917519723e+01
1.188039401611581880e+01
1.188026745003529072e+01
1.188051219143648929e+01
1.188031665646645330e+01
1.188034496394736550e+01
1.188050708968497737e+01
1.188025443083451016e+01
1.188041955870392918e+01
1.188044876911506265e+01
1.188025338343548576e+01
1.188049596538439445e+01
1.188036684227198236e+01
1.188028707667343120e+01
1.188051386051559177e+01
1.188029199870583597e+01
1.188037306520006808e+01
1.188049406636040750e+01
1.188024695452975266e+01
1.188044549029772057e+01
1.188042091956577195e+01
1.188026129972890743e+01
1.188051079732575310e+01
1.188034036884616995e+01
1.188031126286216299e+01
1.188050983925875670e+01
1.188027129269526583e+01
1.188040124432188449e+01
1.188047580613375764e+01
1.188024568489336019e+01
1.188046888534443468e+01
1.188039145579393363e+01
1.188027443503350256e+01
1.188051951794392380e+01
1.188031567611148631e+01
1.188033886368019054e+01
1.188050036446456481e+01
1.188025557501469720e+01
1.188042827142418645e+01
1.188045305412107133e+01
1.188025057440054155e+01
1.188048867406005726e+01
1.188036178878533633e+01
1.188029229369747242e+01
1.188052173127742428e+01
1.188029377468086167e+01
1.188036855466563146e+01
1.188048588579308351e+01
1.188024565703136126e+01
1.188045300108228730e+01
1.188042678881152270e+01
1.188026129555669463e+01
1.188050391593423960e+01
1.188033331444204777e+01
1.188031418078873358e+01
1.188051737113480932e+01
1.188027557153368363e+01
1.188039890102860596e+01
1.188046704304736956e+01
1.188024207673809052e+01
1.188047441605719357e+01
1.188039818292887340e+01
1.188027726752303792e+01
1.188051384748323080e+01
1.188030734346948591e+01
1.188033922083259419e+01
1.188050669982820651e+01
1.188026183732691798e+01
1.188042843275111515e+01
1.188044463791936778e+01
1.188024506344943632e+01
1.188049166162342729e+01
1.188036855067448450e+01
1.188029769237518707e+01
1.188051792438878529e+01
1.188028503797938207e+01
1.188036638400741296e+01
1.188049028787544614e+01
1.188025317597637986e+01
1.188045572147563433e+01
1.188041960193538316e+01
1.188025451876651140e+01
1.188050407086396021e+01
1.188033928439557840e+01
1.188032159891786499e+01
1.188051585595981763e+01
1.188026735889130237e+01
1.188039452085582148e+01
1.188046897732990637e+01
1.188024999820951422e+01
1.188047945531006633e+01
1.188039296237541009e+01
1.188027001641678382e+01
1.188051118204402279e+01
1.188031178478413175e+01
1.188034789195386409e+01
1.188050762996487819e+01
1.188025502721211524e+01
1.188042240588782938e+01
1.188044383223819800e+01
1.188025250078751149e+01
1.188049850753860603e+01
1.188036580730569014e+01
1.188029082190266017e+01
1.188051274904957566e+01
1.188028738886234059e+01
1.188037540442663698e+01
1.188049352560726213e+01
1.188024850056601345e+01
1.188044878907134283e+01
1.188041607974818881e+01
1.188026065252315355e+01
1.188051199494208277e+01
1.188033924986782175e+01
1.188031593077472969e+01
1.188050874525578671e+01
1.188026729962372308e+01
1.188040294933532337e+01
1.188047411219963934e+01
1.188024796451885656e+01
1.188047245273275188e+01
1.188038704513201260e+01
1.188027418762804999e+01
1.188051932154839818e+01
1.188031439124334199e+01
1.188034412249529659e+01
1.188049936070342838e+01
1.188025252085429706e+01
1.188042936834038699e+01
1.188045023153820168e+01
1.188025333697068575e+01
1.188049227045620704e+01
1.188035808397188298e+01
1.188029260681635435e+01
1.188052020463284286e+01
1.188029228177721031e+01
1.188037402580965285e+01
1.188048499251582690e+01
1.188024380069856889e+01
1.188045357482751818e+01
1.188042296333475534e+01
1.188026428349975738e+01
1.188050726443800009e+01
1.188033051512292282e+01
1.188031518702964817e+01
1.188051468163096658e+01
1.188027388060677403e+01
1.188040419135985459e+01
1.188046622903855720e+01
1.188024158779023054e+01
1.188047459057551691e+01
1.188039357501220650e+01
1.188028024182991516e+01
1.188051665819934044e+01
1.188030555846420100e+01
1.188034100115019598e+01
1.188050309873217891e+01
1.188026001531560460e+01
1.188043316755812384e+01
1.188044382875196980e+01
1.188024600367911354e+01
1.188049157640348952e+01
1.188036345900698265e+01
1.188030045398440393e+01
1.188051992203721596e+01
1.188028428131573122e+01
1.188036894902094076e+01
1.188048608355734359e+01
1.188025134392927384e+01
1.188045957590584933e+01
1.188041869508069581e+01
1.188025683438658753e+01
1.188050385767450123e+01
1.188033406180010765e+01
1.188032400464751959e+01
1.188051680868238869e+01
1.188026755643681653e+01
1.188039780017627578e+01
1.188046450504206142e+01
1.188024832159624822e+01
1.188048218174176540e+01
1.188039184767249523e+01
1.188027354217001808e+01
1.188051094518070983e+01
1.188030680905989911e+01
1.188034986373595103e+01
1.188050737638599230e+01
1.188025603290490295e+01
1.188042624711390260e+01
1.188043942359126603e+01
1.188025117374512796e+01
1.188049995608059106e+01
1.188036438987873744e+01
1.188029529643114124e+01
1.188051255115919069e+01
1.188028303093219762e+01
1.188037693062587152e+01
1.188049199654089705e+01
1.188025011950099952e+01
1.188045296634140868e+01
1.188041203430091386e+01
1.188025987693920271e+01
1.188051212432432813e+01
1.188033747167365384e+01
1.188032102088116915e+01
1.188050859962213757e+01
1.188026389123233173e+01
1.188040407746646743e+01
1.188047134354302159e+01
1.188024997915900016e+01
1.188047668343235408e+01
1.188038360606218369e+01
1.188027414854505714e+01
1.188051819864387859e+01
1.188031224757571991e+01
1.188034945308261747e+01
1.188049923021639209e+01
1.188025032438657824e+01
1.188043018978713050e+01
1.188044636611626537e+01
1.188025553284295199e+01
1.188049623816002054e+01
1.188035541978167231e+01
1.188029344670944276e+01
1.188051799264803421e+01
1.188028983023072804e+01
1.188037921234558070e+01
1.188048479537691549e+01
1.188024298423203895e+01
1.188045420383351036e+01
1.188041824138262470e+01
1.188026647164646477e+01
1.188051064618755248e+01
1.188032870938755536e+01
1.188031698249809054e+01
1.188051161897129937e+01
1.188027124164799808e+01
1.188040887223117892e+01
1.188046585111414544e+01
1.188024220865036362e+01
1.188047514107198666e+01
1.188038831483778246e+01
1.188028227635892087e+01
1.188051915422373916e+01
1.188030460919286924e+01
1.188034374579828700e+01
1.188049947190204669e+01
1.188025736495697338e+01
1.188043703403070950e+01
1.188044314187706618e+01
1.188024800304437001e+01
1.188049214054461977e+01
1.188035803046490457e+01
1.188030224369536469e+01
1.188052128561025178e+01
1.188028411028123621e+01
1.188037254545976218e+01
1.188048219774326952e+01
1.188024889960991359e+01
1.188046239732073417e+01
1.188041757946014521e+01
1.188026004386951406e+01
1.188050448917313773e+01
1.188032885537917771e+01
1.188032551783636848e+01
1.188051687307307880e+01
1.188026802707676133e+01
1.188040206240382624e+01
1.188046065544592444e+01
1.188024632243249989e+01
1.188048382333019504e+01
1.188039021523616334e+01
1.188027770129411387e+01
1.188051164917464320e+01
1.188030220308357876e+01
1.188035112534138094e+01
1.188050607533766723e+01
1.188025697376613188e+01
1.188043091273004670e+01
1.188043586975872046e+01
1.188024985638739039e+01
1.188050038696754029e+01
1.188036220472719151e+01
1.188030007830255741e+01
1.188051328110233840e+01
1.188027935919813594e+01
1.188037801145090633e+01
1.188048937503806890e+01
1.188025134939589478e+01
1.188045771680134521e+01
1.188040897918427952e+01
1.188025944882407181e+01
1.188051141436438307e+01
1.188033476410681999e+01
1.188032606264563285e+01
1.188050926102484084e+01
1.188026141367615907e+01
1.188040507649138178e+01
1.188046755699841484e+01
1.188025133048920345e+01
1.188048117009449811e+01
1.188038118149389177e+01
1.188027476131663462e+01
1.188051650455817132e+01
1.188030911954548152e+01
1.188035438795984078e+01
1.188049969089755109e+01
1.188024920379887561e+01
1.188043121216587039e+01
1.188044166809919133e+01
1.188025687061040614e+01
1.188050011197758593e+01
1.188035368002856274e+01
1.188029517342125629e+01
1.188051553582615760e+01
1.188028645178987475e+01
1.188038370065679139e+01
1.188048490175197358e+01
1.188024327208004216e+01
1.188045533828471712e+01
1.188041296182779050e+01
1.188026770682535549e+01
1.188051358895464915e+01
1.188032763395439417e+01
1.188031980224991457e+01
1.188050865849825222e+01
1.188026783931402974e+01
1.188041262925187169e+01
1.188046544944968730e+01
1.188024384220593532e+01
1.188047644046931417e+01
1.188038283165570164e+01
1.188028337296081283e+01
1.188052090893126156e+01
1.188030411480453097e+01
1.188034753844033631e+01
1.188049627647665574e+01
1.188025420347093863e+01
1.188043985246890877e+01
1.188044210234460252e+01
1.188025081432611429e+01
1.188049360854645009e+01
1.188035273752857357e+01
1.188030321899664088e+01
1.188052168282266408e+01
1.188028407026568800e+01
1.188037709721356983e+01
1.188047901942421980e+01
1.188024625858402494e+01
1.188046416204805666e+01
1.188041581965803850e+01
1.188026377891640095e+01
1.188050607425446437e+01
1.188032412947071137e+01
1.188032643532341837e+01
1.188051584985643672e+01
1.188026829487306735e+01
1.188040708142935920e+01
1.188045770724764694e+01
1.188024446942447376e+01
1.188048451627655488e+01
1.188038771931885051e+01
1.188028204677104327e+01
1.188051324614710147e+01
1.188029837214922679e+01
1.188035208052203728e+01
1.188050368375921906e+01
1.188025740667350405e+01
1.188043605247020196e+01
1.188043330856272917e+01
1.188024901845182413e+01
1.188050008124351642e+01
1.188035903484366784e+01
1.188030469188204385e+01
1.188051473954408621e+01
1.188027667445415503e+01
1.188037911194092189e+01
1.188048577876136846e+01
1.188025182916604905e+01
1.188046260457394787e+01
1.188040689532699901e+01
1.188025978548583694e+01
1.188051025850429987e+01
1.188033106235734415e+01
1.188033060396082163e+01
1.188051039989913704e+01
1.188026002845499463e+01
1.188040641925302232e+01
1.188046301652750358e+01
1.188025177857592141e+01
1.188048543857656725e+01
1.188037959633585849e+01
1.188027634259558951e+01
1.188051469957558837e+01
1.188030510046397126e+01
1.188035854765347210e+01
1.188050031851528310e+01
1.188024916192499170e+01
1.188043286170967150e+01
1.188043651698278858e+01
1.188025725711369240e+01
1.188050343134885445e+01
1.188035255226056641e+01
1.188029796639474434e+01
1.188051330879637568e+01
1.188028238668522008e+01
1.188038722552823678e+01
1.188048483966612956e+01
1.188024450760417139e+01
1.188045730952572576e+01
1.188040757699220151e+01
1.188026805283966603e+01
1.188051569717289624e+01
1.188032687414905020e+01
1.188032366845494892e+01
1.188050623629942848e+01
1.188026403430423095e+01
1.188041534152128698e+01
1.188046455783975297e+01
1.188024619058168518e+01
1.188047868878661539e+01
1.188037760096152873e+01
1.188028374617579708e+01
1.188052163706017339e+01
1.188030360607874769e+01
1.188035224254553590e+01
1.188049386244286332e+01
1.188025097300287314e+01
1.188044166107150090e+01
1.188044030341937329e+01
1.188025403316195217e+01
1.188049602801586424e+01
