1.188024147592622803e+01
1.188033428958814675e+01
1.188041306501911443e+01
1.188030955173530678e+01
1.188024661830777440e+01
1.188035695058204588e+01
1.188040406652432424e+01
1.188029014510530779e+01
1.188025754501163078e+01
1.188037325957756885e+01
1.188039282674933617e+01
1.188027569649340798e+01
1.188026855923000902e+01
1.188038736805026829e+01
1.188038131245483875e+01
1.188026105235051588e+01
1.188028208664804453e+01
1.188040219314780011e+01
1.188036437267002476e+01
1.188024756902627033e+01
1.188030286439447103e+01
1.188041232642578038e+01
1.188034067869183730e+01
1.188024232367102151e+01
1.188032751673388532e+01
1.188041235555296105e+01
1.188031721547059050e+01
1.188024649945642786e+01
1.188034839238520846e+01
1.188040578179395013e+01
1.188029903371868734e+01
1.188025379645937996e+01
1.188036494293866774e+01
1.188039846934584709e+01
1.188028260420208682e+01
1.188026169513619834e+01
1.188038226737221059e+01
1.188038850088947029e+01
1.188026454019620104e+01
1.188027527799629546e+01
1.188039967555469190e+01
1.188037060614399110e+01
1.188024983630632825e+01
1.188029684358000893e+01
1.188040991994594364e+01
1.188034716027514648e+01
1.188024470031290747e+01
1.188032000231389418e+01
1.188041066526282208e+01
1.188032587300228293e+01
1.188024669113865173e+01
1.188033906401368966e+01
1.188040763809252631e+01
1.188030815857545264e+01
1.188024989384276431e+01
1.188035691287224616e+01
1.188040385164363144e+01
1.188028902597024761e+01
1.188025569867718367e+01
1.188037738330378978e+01
1.188039436127910697e+01
1.188026845139648024e+01
1.188026983851946561e+01
1.188039601975439297e+01
1.188037590951473810e+01
1.188025368953370098e+01
1.188029101953328492e+01
1.188040595580623027e+01
1.188035413575797605e+01
1.188024816452710297e+01
1.188031165705559111e+01
1.188040854159268989e+01
1.188033522101824424e+01
1.188024682163031187e+01
1.188032953950373383e+01
1.188040963784866477e+01
1.188031693396787780e+01
1.188024621324071184e+01
1.188034950153915581e+01
1.188040839787835523e+01
1.188029502188463837e+01
1.188025106715329926e+01
1.188037232302448132e+01
1.188039871149128501e+01
1.188027328126871041e+01
1.188026556383732490e+01
1.188039091078604770e+01
1.188038073964836627e+01
1.188025907748293619e+01
1.188028495233661808e+01
1.188040084103021776e+01
1.188036176685676537e+01
1.188025215293789572e+01
1.188030271373756364e+01
1.188040642226395249e+01
1.188034471820564342e+01
1.188024679842679099e+01
1.188032042694410251e+01
1.188041148083718745e+01
1.188032496023404860e+01
1.188024329992600769e+01
1.188034272939934688e+01
1.188041158754218074e+01
1.188030092925869319e+01
1.188024804057047135e+01
1.188036659738480694e+01
1.188040169985249328e+01
1.188027938583791077e+01
1.188026201646783875e+01
1.188038433883948386e+01
1.188038556893237541e+01
1.188026563576004335e+01
1.188027840861763984e+01
1.188039514401874897e+01
1.188036989781195274e+01
1.188025617025212988e+01
1.188029366859466407e+01
1.188040448819494443e+01
1.188035374766824326e+01
1.188024683993939590e+01
1.188031218393720501e+01
1.188041266294026421e+01
1.188033213891019457e+01
1.188024168710274786e+01
1.188033631885176611e+01
1.188041312830171492e+01
1.188030722396711703e+01
1.188024652803607495e+01
1.188035981403574226e+01
1.188040373812269834e+01
1.188028683723198142e+01
1.188025869843296078e+01
1.188037661772463416e+01
1.188039070002801623e+01
1.188027280248118522e+01
1.188027146210890272e+01
1.188038940776599972e+01
1.188037808879455604e+01
1.188025995100221799e+01
1.188028513363430605e+01
1.188040260663310477e+01
1.188036180465708114e+01
1.188024739963749887e+01
1.188030498292485149e+01
1.188041264844878242e+01
1.188033868501916501e+01
1.188024171335293033e+01
1.188032981390024290e+01
1.188041305294789041e+01
1.188031432942841015e+01
1.188024614991084604e+01
1.188035183796824157e+01
1.188040534218953503e+01
1.188029537964671256e+01
1.188025524171172975e+01
1.188036829099518421e+01
1.188039614439618319e+01
1.188027999828467962e+01
1.188026448600572849e+01
1.188038397647119382e+01
1.188038574614235898e+01
1.188026354047115341e+01
1.188027764923974949e+01
1.188040038271677545e+01
1.188036864822086258e+01
1.188024900593132926e+01
1.188029867319498223e+01
1.188041105888473403e+01
1.188034502859454555e+01
1.188024340412871283e+01
1.188032276556890388e+01
1.188041170286621195e+01
1.188032244308720031e+01
1.188024638089380680e+01
1.188034286029649778e+01
1.188040693992055807e+01
1.188030449969703817e+01
1.188025154835159114e+01
1.188035996207974065e+01
1.188040160403706835e+01
1.188028680807798310e+01
1.188025804268022156e+01
1.188037889203584108e+01
1.188039230588979933e+01
1.188026726845882308e+01
1.188027151831942874e+01
1.188039730441813902e+01
1.188037436426689730e+01
1.188025207051528831e+01
1.188029285633015242e+01
1.188040781098426457e+01
1.188035163818285866e+01
1.188024646235088788e+01
1.188031491531384631e+01
1.188040960369770715e+01
1.188033144416761999e+01
1.188024674038488016e+01
1.188033335266003121e+01
1.188040871502708029e+01
1.188031358303315521e+01
1.188024783422885022e+01
1.188035210758795301e+01
1.188040655980745441e+01
1.188029310511328163e+01
1.188025270749029261e+01
1.188037389448784609e+01
1.188039741069341559e+01
1.188027162223640332e+01
1.188026671933464407e+01
1.188039293349561731e+01
1.188037931453111540e+01
1.188025673344474953e+01
1.188028705054411915e+01
1.188040315186906604e+01
1.188035883089542999e+01
1.188025037171091647e+01
1.188030630905250185e+01
1.188040728026156678e+01
1.188034091368082734e+01
1.188024696173262740e+01
1.188032392680119109e+01
1.188041053860760776e+01
1.188032210246628573e+01
1.188024456440803789e+01
1.188034493493845289e+01
1.188041043697511867e+01
1.188029907643117333e+01
1.188024888402511081e+01
1.188036852876380145e+01
1.188040101917231439e+01
1.188027705975894044e+01
1.188026293195732919e+01
1.188038707460859733e+01
1.188038398731854883e+01
1.188026280285169456e+01
1.188028088376288949e+01
1.188039757858399526e+01
1.188036663872287413e+01
1.188025457309730371e+01
1.188029730304710263e+01
1.188040507735948204e+01
1.188035025608756357e+01
1.188024708403230534e+01
1.188031514856451842e+01
1.188041200893222182e+01
1.188032977589979033e+01
1.188024230137908610e+01
1.188033833151081708e+01
1.188041279433340591e+01
1.188030513836288549e+01
1.188024667439951543e+01
1.188036232387623592e+01
1.188040340612152512e+01
1.188028382944972527e+01
1.188025966849457049e+01
1.188037985965438281e+01
1.188038880480127446e+01
1.188026981108013125e+01
1.188027424453598258e+01
1.188039167355871051e+01
1.188037477687192656e+01
1.188025865040587270e+01
1.188028846328959887e+01
1.188040304632585453e+01
1.188035887969544824e+01
1.188024743797569549e+01
1.188030736731813697e+01
1.188041258659063182e+01
1.188033664166606229e+01
1.188024151505754489e+01
1.188033192528734361e+01
1.188041347194016240e+01
1.188031176821580104e+01
1.188024585317118209e+01
1.188035498100768983e+01
1.188040505123584722e+01
1.188029186338289556e+01
1.188025646273230329e+01
1.188037171691282801e+01
1.188039395769205342e+01
1.188027716433569836e+01
1.188026733882358421e+01
1.188038591566952995e+01
1.188038272149736230e+01
1.188026246343672732e+01
1.188028039414529147e+01
1.188040093328569213e+01
1.188036637662865402e+01
1.188024852991413383e+01
1.188030061750274058e+01
1.188041178182131397e+01
1.188034302291435473e+01
1.188024241971211126e+01
1.188032523919317285e+01
1.188041264264698249e+01
1.188031931171510180e+01
1.188024595640321301e+01
1.188034650091971933e+01
1.188040645753777902e+01
1.188030078228883468e+01
1.188025304666689053e+01
1.188036323902476887e+01
1.188039932438508117e+01
1.188028433124792116e+01
1.188026063660394449e+01
1.188038053035202957e+01
1.188038986883456971e+01
1.188026618531493028e+01
1.188027355232767235e+01
1.188039827373378188e+01
1.188037264257913428e+01
1.188025086064479474e+01
1.188029462855097229e+01
1.188040932996810994e+01
1.188034939001667922e+01
1.188024489794564431e+01
1.188031788464940774e+01
1.188041074680326048e+01
1.188032783737088671e+01
1.188024645266394330e+01
1.188033720483043432e+01
1.188040796652961006e+01
1.188031000753610655e+01
1.188024945386706754e+01
1.188035499836166586e+01
1.188040449903670037e+01
1.188029100686388873e+01
1.188025472802137195e+01
1.188037542718314121e+01
1.188039572375357622e+01
1.188027023110869784e+01
1.188026810803333611e+01
1.188039456424938223e+01
1.188037789282609680e+01
1.188025474076363608e+01
1.188028894317624662e+01
1.188040529067637330e+01
1.188035616950632267e+01
1.188024854100927286e+01
1.188030972283979736e+01
1.188040833490039105e+01
1.188033709010853833e+01
1.188024693261897191e+01
1.188032764451123313e+01
1.188040963424604612e+01
1.188031893841841047e+01
1.188024601721313545e+01
1.188034737197493840e+01
1.188040891748079275e+01
1.188029719887640212e+01
1.188025013581672695e+01
1.188037024674752473e+01
1.188040005516763387e+01
1.188027509877172605e+01
1.188026390327721415e+01
1.188038945297871329e+01
1.188038256536878379e+01
1.188026017013042868e+01
1.188028310247398522e+01
1.188040003324817384e+01
1.188036357016233246e+01
1.188025278963821485e+01
1.188030093567751777e+01
1.188040587676425552e+01
1.188034655745000556e+01
1.188024725119440994e+01
1.188031843570569990e+01
1.188041120765470993e+01
1.188032713492149384e+01
1.188024326335767533e+01
1.188034043313040122e+01
1.188041204028123587e+01
1.188030320621772518e+01
1.188024714621283628e+01
1.188036450407180311e+01
1.188040296265049989e+01
1.188028117627420599e+01
1.188026052553155765e+01
1.188038287939807347e+01
1.188038714509279714e+01
1.188026682657241828e+01
1.188027682937330276e+01
1.188039411483896934e+01
1.188037148876840199e+01
1.188025712258828293e+01
1.188029198452920809e+01
1.188040360382186478e+01
1.188035562232368214e+01
1.188024757655329466e+01
1.188031007106831893e+01
1.188041220788012531e+01
1.188033444636155878e+01
1.188024173761828095e+01
1.188033394685827204e+01
1.188041353241997200e+01
1.188030949388828184e+01
1.188024571857268619e+01
1.188035778035926704e+01
1.188040482734249892e+01
1.188028858519081510e+01
1.188025747107728058e+01
1.188037511132503887e+01
1.188039197416357950e+01
1.188027416642031753e+01
1.188027014438738327e+01
1.188038809770489301e+01
1.188037952572949330e+01
1.188026122694706821e+01
1.188028347409153263e+01
1.188040143564302475e+01
1.188036375087825647e+01
1.188024833081893306e+01
1.188030277370574339e+01
1.188041209408637400e+01
1.188034104167480542e+01
1.188024181699401893e+01
1.188032747452760240e+01
1.188041337578669676e+01
1.188031650580523646e+01
1.188024550903063847e+01
1.188034989328657076e+01
1.188040616397621108e+01
1.188029711866713889e+01
1.188025433735040615e+01
1.188036666742354619e+01
1.188039711692411160e+01
1.188028159813578633e+01
1.188026337588944870e+01
1.188038236949896920e+01
1.188038710201400328e+01
1.188026509463554703e+01
1.188027596736734282e+01
1.188039901418385469e+01
1.188037065398265923e+01
1.188025004050082067e+01
1.188029644160149267e+01
1.188041045429284459e+01
1.188034732737091836e+01
1.188024357759726612e+01
1.188032055298053180e+01
1.188041187144064637e+01
1.188032448374612038e+01
1.188024600036793110e+01
1.188034098293224439e+01
1.188040742932159688e+01
1.188030629444875252e+01
1.188025097488421622e+01
1.188035815594197686e+01
1.188040232391676021e+01
1.188028866801989736e+01
1.188025706459460551e+01
1.188037702549424957e+01
1.188039363791130576e+01
1.188026901389527090e+01
1.188026981208705024e+01
1.188039583626314766e+01
1.188037636711662337e+01
1.188025314532091947e+01
1.188029070560378209e+01
1.188040715567515448e+01
1.188035377961534422e+01
1.188024676654040057e+01
1.188031288312170730e+01
1.188040953011473810e+01
1.188033335912967559e+01
1.188024668930652261e+01
1.188033148411792439e+01
1.188040885623877152e+01
1.188031550082993348e+01
1.188024754824911966e+01
1.188035008649499957e+01
1.188040710423279300e+01
1.188029519698397074e+01
1.188025179446625579e+01
1.188037185120924200e+01
1.188039873540967584e+01
1.188027345641744148e+01
1.188026503796563027e+01
1.188039144155181326e+01
1.188038121753014309e+01
1.188025783293377735e+01
1.188028508302962294e+01
1.188040239804666065e+01
1.188036075154475313e+01
1.188025088902886139e+01
1.188030445847321914e+01
1.188040689260997240e+01
1.188034275479659740e+01
1.188024726338409209e+01
1.188032199850024639e+01
1.188041036889831403e+01
1.188032418385490985e+01
1.188024448826546475e+01
1.188034271681529397e+01
1.188041088178730931e+01
1.188030132352309565e+01
1.188024800489391453e+01
1.188036641357471268e+01
1.188040230194555669e+01
1.188027889595011821e+01
1.188026136378162256e+01
1.188038558988303350e+01
1.188038568767616177e+01
1.188026396107428440e+01
1.188027917098256481e+01
1.188039665067717898e+01
1.188036832677166821e+01
1.188025537701079948e+01
1.188029558923595985e+01
1.188040434530006628e+01
1.188035209254147695e+01
1.188024770791153806e+01
1.188031311193484818e+01
1.188041160513522776e+01
1.188033201409882977e+01
1.188024235154075114e+01
1.188033598496428311e+01
1.188041318505316113e+01
1.188030743599870576e+01
1.188024584820113461e+01
1.188036023236472261e+01
1.188040456926084154e+01
1.188028562218805462e+01
1.188025831437670377e+01
1.188037836211145759e+01
1.188039022475955875e+01
1.188027109565691930e+01
1.188027280813922815e+01
1.188039049767604638e+01
1.188037626992860396e+01
1.188025977787801679e+01
1.188028681714105517e+01
1.188040199297048005e+01
1.188036076778307049e+01
1.188024830948557664e+01
1.188030521724819266e+01
1.188041203849440919e+01
1.188033897802501571e+01
1.188024163232245023e+01
1.188032955234249677e+01
1.188041380571370098e+01
1.188031401426966660e+01
1.188024514520032859e+01
1.188035297176250360e+01
1.188040599802993924e+01
1.188029361878327173e+01
1.188025540479200259e+01
1.188037014772685929e+01
1.188039506666818923e+01
1.188027864853806648e+01
1.188026614861940899e+01
1.188038444862638521e+01
1.188038408788036548e+01
1.188026389937247984e+01
1.188027875208145367e+01
1.188039962950316308e+01
1.188036833385989155e+01
1.188024955471985500e+01
1.188029840097910572e+01
1.188041116126626306e+01
1.188034536053917378e+01
1.188024259057947596e+01
1.188032294605264916e+01
1.188041286794966922e+01
1.188032143613635938e+01
1.188024545716480240e+01
1.188034458132721660e+01
1.188040710334915318e+01
1.188030254979073597e+01
1.188025232346210203e+01
1.188036152644976440e+01
1.188040014505914499e+01
1.188028606404946785e+01
1.188025962583998307e+01
1.188037877862049640e+01
1.188039117876753181e+01
1.188026786414265601e+01
1.188027188417881774e+01
1.188039681649872215e+01
1.188037463508350200e+01
1.188025195570120296e+01
1.188029243493425469e+01
1.188040866654218064e+01
1.188035162119783905e+01
1.188024515915775048e+01
1.188031575094242953e+01
1.188041078112319049e+01
1.188032982000960480e+01
1.188024624753314029e+01
1.188033533519394069e+01
1.188040826581970499e+01
1.188031185654973498e+01
1.188024905031451617e+01
1.188035308804623114e+01
1.188040509578046411e+01
1.188029299095647673e+01
1.188025382066528124e+01
1.188037344945663243e+01
1.188039702001959341e+01
1.188027205531229669e+01
1.188026643336500854e+01
1.188039304606752466e+01
1.188037984098628108e+01
1.188025586110660647e+01
1.188028687910183834e+01
1.188040456300428183e+01
1.188035820712596369e+01
1.188024896555829635e+01
1.188030778050398695e+01
1.188040809376726514e+01
1.188033896079734575e+01
1.188024707311204153e+01
1.188032575846004235e+01
1.188040959445769573e+01
1.188032092820319363e+01
1.188024587223312345e+01
1.188034525158481713e+01
1.188040937110029738e+01
1.188029938399687602e+01
1.188024927683404641e+01
1.188036813887623566e+01
1.188040133333721649e+01
1.188027696845225023e+01
1.188026228996081279e+01
1.188038793309022623e+01
1.188038436613746640e+01
1.188026132158980630e+01
1.188028126036338961e+01
1.188039917905219234e+01
1.188036537170221507e+01
1.188025345957851187e+01
1.188029916469487546e+01
1.188040530364601466e+01
1.188034837890348427e+01
1.188024773755631003e+01
1.188031646956209997e+01
1.188041088562894210e+01
1.188032928779006880e+01
1.188024329262833945e+01
1.188033814301673807e+01
1.188041241736974030e+01
1.188030550045158051e+01
1.188024632442747830e+01
1.188036237106829773e+01
1.188040416826827617e+01
1.188028301941946552e+01
1.188025907063287256e+01
1.188038136728905947e+01
1.188038870298374761e+01
1.188026805982794443e+01
1.188027526097877384e+01
1.188039305579133753e+01
1.188037306466819665e+01
1.188025809852514669e+01
1.188029032640656979e+01
1.188040269074731548e+01
1.188035746206237597e+01
1.188024835721108374e+01
1.188030799233180446e+01
1.188041169002214659e+01
1.188033673320625994e+01
1.188024186402980398e+01
1.188033157273214968e+01
1.188041385981937026e+01
1.188031178958279277e+01
1.188024497367617194e+01
1.188035570520697704e+01
1.188040587149082583e+01
1.188029037762525775e+01
1.188025627093346692e+01
1.188037356846025538e+01
1.188039322965472167e+01
1.188027555493564336e+01
1.188026884851051435e+01
1.188038676998585252e+01
1.188038092976303517e+01
1.188026252460029575e+01
1.188028185811866955e+01
1.188040022786896799e+01
1.188036565158994406e+01
1.188024931891322566e+01
1.188030059907708136e+01
1.188041146667142556e+01
1.188034338516310839e+01
1.188024199840034356e+01
1.188032512411840713e+01
1.188041362949724267e+01
1.188031871110860038e+01
1.188024491986229592e+01
1.188034791388749944e+01
1.188040695158592897e+01
1.188029888655615984e+01
1.188025345774147645e+01
1.188036502612966494e+01
1.188039806242759511e+01
1.188028320811373462e+01
1.188026230397683314e+01
1.188038074961837864e+01
1.188038840732471080e+01
1.188026667613907605e+01
1.188027434086841438e+01
1.188039759727112887e+01
1.188037261227541741e+01
1.188025114227079371e+01
1.188029423798570861e+01
1.188040977400561715e+01
1.188034962228658031e+01
1.188024382178258698e+01
1.188031832472959159e+01
1.188041198428957657e+01
1.188032654832505486e+01
1.188024565873900862e+01
1.188033908542472439e+01
1.188040788986763374e+01
1.188030809893712814e+01
1.188025043168475747e+01
1.188035634838020549e+01
1.188040300230610669e+01
1.188029053068465934e+01
1.188025614195499280e+01
1.188037514287196039e+01
1.188039490671107501e+01
1.188027079685794085e+01
1.188026816451090539e+01
1.188039430953176456e+01
1.188037832831855667e+01
1.188025429073482719e+01
1.188028857315813624e+01
1.188040643102757699e+01
1.188035592335956458e+01
1.188024712774667258e+01
1.188031083826545142e+01
1.188040941532726968e+01
1.188033528489610902e+01
1.188024666900048310e+01
1.188032961444622870e+01
1.188040896610417363e+01
1.188031741066714098e+01
1.188024730476012536e+01
1.188034807376697799e+01
1.188040759075534858e+01
1.188029729235691256e+01
1.188025095006130805e+01
1.188036978314878134e+01
1.188039999248680800e+01
1.188027533813283654e+01
1.188026341019565280e+01
1.188038988684286856e+01
1.188038308893969308e+01
1.188025899753948522e+01
1.188028312603423053e+01
1.188040158859632456e+01
1.188036267372711308e+01
1.188025144742402972e+01
1.188030260648044134e+01
1.188040647453728305e+01
1.188034458833317508e+01
1.188024759520281748e+01
1.188032008768141168e+01
1.188041015813124979e+01
1.188032624544582383e+01
1.188024446982560711e+01
1.188034050854351875e+01
1.188041125533614562e+01
1.188030358130523112e+01
1.188024719975391541e+01
1.188036426384471689e+01
1.188040352139947053e+01
1.188028078467036153e+01
1.188025983884312353e+01
1.188038404682812832e+01
1.188038736579217769e+01
1.188026517101725332e+01
1.188027746711458477e+01
1.188039568415721803e+01
1.188037000732842507e+01
1.188025620879372468e+01
1.188029389126241497e+01
1.188040358649904427e+01
1.188035390239651079e+01
1.188024836896585335e+01
1.188031110629890108e+01
1.188041114657728770e+01
1.188033422893392377e+01
1.188024247265491873e+01
1.188033364257762869e+01
1.188041349835131655e+01
1.188030975379485632e+01
1.188024509240640292e+01
1.188035810046952179e+01
1.188040567966335104e+01
1.188028746427161941e+01
1.188025699261550727e+01
1.188037681897360898e+01
1.188039162656930969e+01
1.188027241426508773e+01
1.188027138714161168e+01
1.188038929850544001e+01
1.188037773984233247e+01
1.188026092658172139e+01
1.188028520574881419e+01
1.188040090867116660e+01
1.188036261449945030e+01
1.188024923011469092e+01
1.188030310359382824e+01
1.188041142275445416e+01
1.188034129527217431e+01
1.188024182733482981e+01
1.188032717439400798e+01
1.188041406491302432e+01
1.188031628721214794e+01
1.188024449695337736e+01
1.188035092386582647e+01
1.188040690439362024e+01
1.188029541181697013e+01
1.188025437259644335e+01
1.188036855087092469e+01
1.188039615378688119e+01
1.188028014971353485e+01
1.188026498743675141e+01
1.188038296769165747e+01
1.188038541279715155e+01
1.188026535791904337e+01
1.188027716038289761e+01
1.188039828476837201e+01
1.188037024270338726e+01
1.188025064094161287e+01
1.188029621797804403e+01
1.188041046575802362e+01
1.188034768790285156e+01
1.188024283712056040e+01
1.188032064025651735e+01
1.188041302930278142e+01
1.188032358734792382e+01
1.188024500408703510e+01
1.188034263340934338e+01
1.188040771781818350e+01
1.188030433723237067e+01
1.188025162676661317e+01
1.188035980456026053e+01
1.188040093264240227e+01
1.188028780195522494e+01
1.188025866135827968e+01
1.188037701437488103e+01
1.188039243121541411e+01
1.188026957354234625e+01
1.188027027473199482e+01
1.188039530676759448e+01
1.188037658083910841e+01
1.188025311989683885e+01
1.188029026630667317e+01
1.188040792940942580e+01
1.188035385071277616e+01
1.188024548566731653e+01
1.188031360287865468e+01
1.188041076609185431e+01
1.188033182084374850e+01
1.188024607712324254e+01
1.188033345421469278e+01
1.188040853602542413e+01
1.188031370633603956e+01
1.188024868182066029e+01
1.188035118240918564e+01
1.188040564365224228e+01
1.188029497616546593e+01
1.188025297560830218e+01
1.188037145334354605e+01
1.188039824942774203e+01
1.188027392075227162e+01
1.188026481690656588e+01
1.188039146732038631e+01
1.188038175060988166e+01
1.188025705024291057e+01
1.188028483047948392e+01
1.188040377153329885e+01
1.188036024670624613e+01
1.188024944005406702e+01
1.188030583035224907e+01
1.188040781687532288e+01
1.188034083388219564e+01
1.188024724305738111e+01
1.188032388053496824e+01
1.188040951992570271e+01
1.188032290305583061e+01
1.188024577624832112e+01
1.188034314225941124e+01
1.188040976021502537e+01
1.188030157403933451e+01
1.188024849028276009e+01
1.188036600291134093e+01
1.188040254410782381e+01
1.188027888773363472e+01
1.188026072698485258e+01
1.188038635198936532e+01
1.188038613881738392e+01
1.188026253265164378e+01
1.188027942806587767e+01
1.188039827683352279e+01
1.188036717099088868e+01
1.188025416400102152e+01
1.188029740005671897e+01
1.188040470294690110e+01
1.188035018350427130e+01
1.188024825601752532e+01
1.188031452851448577e+01
1.188041051705811491e+01
1.188033141721702179e+01
1.188024338579659478e+01
1.188033586215322579e+01
1.188041271932201504e+01
1.188030780831631716e+01
1.188024557654779123e+01
1.188036020133487547e+01
1.188040531398179134e+01
1.188028491390343078e+01
1.188025765478667495e+01
1.188037980217544565e+01
1.188039024046741332e+01
1.188026933685631903e+01
1.188027370405472283e+01
1.188039196571406286e+01
1.188037462620698470e+01
1.188025909805224956e+01
1.188028869314101499e+01
1.188040175048484492e+01
1.188035926719055979e+01
1.188024917941331360e+01
1.188030594900880388e+01
1.188041111173988718e+01
1.188033899656035075e+01
1.188024206523136250e+01
1.188032920015242411e+01
1.188041410976401835e+01
1.188031410780087782e+01
1.188024429562713813e+01
1.188035359038911132e+01
1.188040686775458532e+01
1.188029221444647909e+01
1.188025510014784203e+01
1.188037198807381323e+01
1.188039446579041503e+01
1.188027696911199982e+01
1.188026757379769549e+01
1.188038542457018210e+01
1.188038230214725921e+01
1.188026384247416622e+01
1.188028028506653833e+01
1.188039898595498656e+01
1.188036750591778201e+01
1.188025036116477118e+01
1.188029846161512104e+01
1.188041076788155870e+01
1.188034571188061150e+01
1.188024225769104270e+01
1.188032276611015092e+01
1.188041381229432858e+01
1.188032094316336540e+01
1.188024438494857549e+01
1.188034590024561510e+01
1.188040770292433734e+01
1.188030068411343265e+01
1.188025260364801561e+01
1.188036336609223120e+01
1.188039898159025753e+01
1.188028482833389354e+01
1.188026126883962696e+01
1.188037911823895243e+01
1.188038966309123623e+01
1.188026828226228382e+01
1.188027277015442884e+01
1.188039613505129921e+01
1.188037452091849744e+01
1.188025230903316753e+01
1.188029206576639396e+01
1.188040901851855935e+01
1.188035190982303924e+01
1.188024413793968748e+01
1.188031608327390565e+01
1.188041203919351219e+01
1.188032863601504552e+01
1.188024535799809556e+01
1.188033716720564570e+01
1.188040832077521891e+01
1.188030991413856263e+01
1.188024991805787245e+01
1.188035453916837625e+01
1.188040364081053823e+01
1.188029239479849508e+01
1.188025527336509235e+01
1.188037324688582785e+01
1.188039611238222371e+01
1.188027261403780876e+01
1.188026657729752422e+01
1.188039272690395975e+01
1.188038024474081134e+01
1.188025550566991129e+01
1.188028646248641884e+01
1.188040563633100177e+01
1.188035806676369077e+01
1.188024754782710168e+01
1.188030878183114325e+01
1.188040925748640397e+01
1.188033722183640428e+01
1.188024668024785058e+01
1.188032774268964964e+01
1.188040904533158937e+01
1.188031931291633825e+01
1.188024710199117528e+01
1.188034607048021130e+01
1.188040802114900352e+01
1.188029938860238666e+01
1.188025017365141345e+01
1.188036769376034840e+01
1.188040118075492302e+01
1.188027726430775388e+01
1.188026183877600950e+01
1.188038827100560901e+01
1.188038492539418023e+01
1.188026022743217602e+01
1.188028118231492236e+01
1.188040072204408659e+01
1.188036459614210116e+01
1.188025204857509465e+01
1.188030075286821052e+01
1.188040602527746081e+01
1.188034641524997603e+01
1.188024795647700138e+01
1.188031819379133758e+01
1.188040990821990306e+01
1.188032828642057837e+01
1.188024450695551693e+01
1.188033831257739514e+01
1.188041155878515553e+01
1.188030584627946418e+01
1.188024646919162208e+01
1.188036208295403995e+01
1.188040467524199428e+01
1.188028272379399120e+01
1.188025836028468873e+01
1.188038244579120217e+01
1.188038901889160570e+01
1.188026643376464264e+01
1.188027577361153675e+01
1.188039467752975753e+01
1.188037168047335967e+01
1.188025706919318125e+01
1.188029220813883313e+01
1.188040280165316176e+01
1.188035568641994644e+01
1.188024906517503787e+01
1.188030913215842155e+01
1.188041063571730227e+01
1.188033641821317055e+01
1.188024266302944199e+01
1.188033130778781121e+01
1.188041373425140534e+01
1.188031208816737205e+01
1.188024440878399624e+01
1.188035593073072960e+01
1.188040673449193285e+01
1.188028935487507098e+01
1.188025570592276026e+01
1.188037522953759861e+01
1.188039300868669912e+01
1.188027376821086989e+01
1.188026998155427627e+01
1.188038807531193086e+01
1.188037918765046896e+01
1.188026209586291237e+01
1.188028362810440974e+01
1.188039979550838332e+01
1.188036441971066282e+01
1.188025019712839736e+01
1.188030102820036049e+01
1.188041074156239674e+01
1.188034359013746588e+01
1.188024209945463383e+01
1.188032479512207651e+01
1.188041424833689241e+01
1.188031858417674158e+01
1.188024391089129850e+01
1.188034883856820123e+01
1.188040776775035390e+01
1.188029724282885446e+01
1.188025336772549068e+01
1.188036692521872695e+01
1.188039721897754575e+01
1.188028166859829682e+01
1.188026385417402864e+01
1.188038147344077800e+01
1.188038669751625598e+01
1.188026683699300001e+01
1.188027561877283489e+01
1.188039690202836596e+01
1.188037210173536273e+01
1.188025178593754916e+01
1.188029407149919336e+01
1.188040969653896184e+01
1.188035000133984909e+01
1.188024315994380586e+01
1.188031832490287165e+01
1.188041312467431965e+01
1.188032576373952232e+01
1.188024459954948497e+01
1.188034065714650467e+01
1.188040829937682474e+01
1.188030614557636611e+01
1.188025095668633391e+01
1.188035807259723065e+01
1.188040168830898402e+01
1.188028954450925845e+01
1.188025774162219328e+01
1.188037523963617659e+01
1.188039362689572798e+01
1.188027131043163998e+01
1.188026872492429042e+01
1.188039374756727895e+01
1.188037847721160922e+01
1.188025435142261799e+01
1.188028812620947150e+01
1.188040711855834886e+01
1.188035607533226390e+01
1.188024587904059715e+01
1.188031144235605296e+01
1.188041069957406748e+01
1.188033383961034417e+01
1.188024594295150038e+01
1.188033156107038479e+01
1.188040877702283282e+01
1.188031555770132996e+01
1.188024834714150302e+01
1.188034928174102234e+01
1.188040614445362131e+01
1.188029696060293716e+01
1.188025219167644053e+01
1.188036944197508227e+01
1.188039941157723867e+01
1.188027582409886662e+01
1.188026326084155215e+01
1.188038983033017182e+01
1.188038361838349388e+01
1.188025830760310697e+01
1.188028280056940922e+01
1.188040291518037073e+01
1.188036228613948886e+01
1.188024996635263086e+01
1.188030387288304013e+01
1.188040750278572233e+01
1.188034271007303211e+01
1.188024744258923704e+01
1.188032200985468734e+01
1.188040941195262334e+01
1.188032486289662515e+01
1.188024572720998506e+01
1.188034104567945626e+01
1.188041008645534191e+01
1.188030376591745352e+01
1.188024777599377657e+01
1.188036384239211074e+01
1.188040368581607709e+01
1.188028085385301580e+01
1.188025921733954959e+01
1.188038471079176261e+01
1.188038788021419734e+01
1.188026380391538872e+01
1.188027760782104103e+01
1.188039732503412438e+01
1.188036896734568160e+01
1.188025490424820951e+01
1.188029564113675818e+01
1.188040407452067093e+01
1.188035197223509343e+01
1.188024880524014648e+01
1.188031261238676173e+01
1.188041010420801058e+01
1.188033352180112701e+01
1.188024354079391109e+01
1.188033359348376905e+01
1.188041294689148231e+01
1.188031012616681537e+01
1.188024490366321473e+01
1.188035799798980641e+01
1.188040639720517966e+01
1.188028685811720919e+01
1.188025628103122422e+01
1.188037818392456302e+01
1.188039175524853341e+01
1.188027065891163936e+01
1.188027215941862025e+01
1.188039084336649509e+01
1.188037617395641732e+01
1.188026012133805409e+01
1.188028708362509711e+01
1.188040078437517799e+01
1.188036103817899836e+01
1.188025004072236257e+01
1.188030394215135210e+01
1.188041047550551532e+01
1.188034123371875417e+01
1.188024233989091272e+01
1.188032683276147061e+01
1.188041428177165848e+01
1.188031644516686924e+01
1.188024368653987395e+01
1.188035143794139081e+01
1.188040781333069695e+01
1.188029409535260861e+01
1.188025396100096920e+01
1.188037036920765921e+01
1.188039568166607296e+01
1.188027841009104968e+01
1.188026631970803493e+01
1.188038406124745450e+01
1.188038364413234405e+01
1.188026517926725845e+01
1.188027875413764178e+01
1.188039771245399301e+01
1.188036931321969369e+01
1.188025145475073430e+01
1.188029636369266306e+01
1.188040999960225008e+01
1.188034801829752318e+01
1.188024259472780564e+01
1.188032040403184020e+01
1.188041392258309514e+01
1.188032319958651684e+01
1.188024390679004227e+01
1.188034385305290996e+01
1.188040841578753160e+01
1.188030251201991128e+01
1.188025177602061966e+01
1.188036168625554900e+01
1.188039987494208560e+01
1.188028645907365899e+01
1.188026026907582278e+01
1.188037747657291199e+01
1.188039087045916098e+01
1.188026991040540992e+01
1.188027125540623707e+01
1.188039463063058321e+01
1.188037637795522983e+01
1.188025353839518239e+01
1.188028992825299390e+01
1.188040818858276104e+01
1.188035418640621188e+01
1.188024452711389145e+01
1.188031383125759533e+01
1.188041203400548085e+01
1.188033074578965120e+01
1.188024510022010105e+01
1.188033522784325058e+01
1.188040872108175527e+01
1.188031174104139076e+01
1.188024943347381424e+01
1.188035272793049657e+01
1.188040424098452164e+01
1.188029425929295257e+01
1.188025445732252905e+01
1.188037134010575535e+01
1.188039725524197721e+01
1.188027446212753979e+01
1.188026505191367299e+01
1.188039109121691084e+01
1.188038211339393690e+01
1.188025678879119162e+01
1.188028437710070762e+01
1.188040477109911564e+01
1.188036020701438034e+01
1.188024802853873041e+01
1.188030671511840808e+01
1.188040905468550079e+01
1.188033917016842089e+01
1.188024672399810910e+01
1.188032586790349043e+01
1.188040909445372684e+01
1.188032120808462544e+01
1.188024693824730704e+01
1.188034407750090438e+01
1.188040839726813402e+01
1.188030148326275892e+01
1.188024946439996832e+01
1.188036558646015806e+01
1.188040229929464608e+01
1.188027923174142408e+01
1.188026032628565609e+01
1.188038659591162727e+01
1.188038672354554137e+01
1.188026152254862211e+01
1.188027925476274760e+01
1.188039979704135796e+01
1.188036651728333482e+01
1.188025269419238938e+01
1.188029889759462954e+01
1.188040554390875059e+01
1.188034823647357996e+01
1.188024834667819185e+01
1.188031631615800343e+01
1.188040962097760733e+01
1.188033030617203067e+01
1.188024459746984007e+01
1.188033613117666931e+01
1.188041179349406384e+01
1.188030811502113160e+01
1.188024581353791476e+01
1.188035987437457486e+01
1.188040576137933080e+01
1.188028471097879901e+01
1.188025693119614523e+01
1.188038078735735148e+01
1.188039064409456103e+01
1.188026775025349124e+01
1.188027409212103791e+01
1.188039362929450782e+01
1.188037334611284734e+01
1.188025795909739912e+01
1.188029053893233922e+01
1.188040199127025609e+01
1.188035744547870998e+01
1.188024979464272235e+01
1.188030718980653333e+01
1.188041007503635704e+01
1.188033857995823261e+01
1.188024292079711408e+01
1.188032898392351910e+01
1.188041389303210416e+01
1.188031443547694366e+01
1.188024379888307180e+01
1.188035372588220540e+01
1.188040773099603875e+01
1.188029129293622788e+01
1.188025445708472994e+01
1.188037359326537512e+01
1.188039436938667137e+01
1.188027515878160756e+01
1.188026859156924431e+01
1.188038682723558992e+01
1.188038061431434578e+01
1.188026328525935504e+01
1.188028208312106671e+01
1.188039865541626661e+01
1.188036618348472118e+01
1.188025120780156207e+01
1.188029899268449618e+01
1.188040999725958535e+01
1.188034585949199773e+01
1.188024244779301952e+01
1.188032241822456392e+01
1.188041435501986243e+01
1.188032090212989189e+01
1.188024338935751523e+01
1.188034671735124270e+01
1.188040858547987000e+01
1.188029911198409927e+01
1.188025239192390181e+01
1.188036526968673456e+01
1.188039826198415128e+01
1.188028320603580035e+01
1.188026274782628811e+01
1.188037996625694781e+01
1.188038794336128845e+01
1.188026833467799648e+01
1.188027412678345307e+01
1.188039548418810298e+01
1.188037390977121177e+01
1.188025298694537035e+01
1.188029196437080515e+01
1.188040885508832289e+01
1.188035229720486718e+01
1.188024355941110244e+01
1.188031600322695347e+01
1.188041315217752825e+01
1.188032796348008269e+01
1.188024424594491357e+01
1.188033865270954692e+01
1.188040884631045380e+01
1.188030797572016972e+01
1.188025031351453187e+01
1.188035632971348754e+01
1.188040241311675160e+01
1.188029129144537777e+01
1.188025686506506595e+01
1.188037345623978069e+01
1.188039476670200401e+01
1.188027307180295011e+01
1.188026723544800056e+01
1.188039214201264215e+01
1.188038032176469549e+01
1.188025564824998170e+01
1.188028601812629681e+01
1.188040623422921271e+01
1.188035829172217994e+01
1.188024634067469876e+01
1.188030927147902283e+01
1.188041057945114076e+01
1.188033587584892281e+01
1.188024584666165850e+01
1.188032965502488381e+01
1.188040898850099758e+01
1.188031741151989351e+01
1.188024804516773969e+01
1.188034738614789276e+01
1.188040659998969772e+01
1.188029894258225738e+01
1.188025146753884620e+01
1.188036741837548504e+01
1.188040050631257394e+01
1.188027776196925878e+01
1.188026176713310100e+01
1.188038813761621171e+01
1.188038544108701267e+01
1.188025963236651350e+01
1.188028079270287662e+01
1.188040199305138422e+01
1.188036432312948953e+01
1.188025054626526078e+01
1.188030190879581482e+01
1.188040714995437064e+01
1.188034458997434228e+01
1.188024767202591292e+01
1.188032014549128945e+01
1.188040927168927574e+01
1.188032680782172434e+01
1.188024572309349303e+01
1.188033896331184280e+01
1.188041035158550507e+01
1.188030595668258727e+01
1.188024713355776818e+01
1.188036166087415602e+01
1.188040475703661869e+01
1.188028286387719312e+01
1.188025776388842658e+01
1.188038301085838455e+01
1.188038958709713278e+01
1.188026513577630006e+01
1.188027580203596933e+01
1.188039632216715269e+01
1.188037075988280655e+01
1.188025568174568392e+01
1.188029388743174053e+01
1.188040341804213362e+01
1.188035374610306860e+01
1.188024938405323638e+01
1.188031072083866491e+01
1.188040964929201593e+01
1.188033560036380898e+01
1.188024375544439160e+01
1.188033133978592559e+01
1.188041310106146042e+01
1.188031245037898032e+01
1.188024430661298858e+01
1.188035576429117945e+01
1.188040741550941348e+01
1.188028885021785186e+01
1.188025495240672669e+01
1.188037651261866756e+01
1.188039324488767434e+01
1.188027202715264607e+01
1.188027062808592405e+01
1.188038968744760027e+01
1.188037770834948326e+01
1.188026116872250171e+01
1.188028549674999468e+01
1.188039979357872333e+01
1.188036277564777521e+01
1.188025093878135863e+01
1.188030197258421161e+01
1.188040978386899660e+01
1.188034344216841376e+01
1.188024268646230297e+01
1.188032447414326853e+01
1.188041437561690650e+01
1.188031879819873282e+01
1.188024314834557416e+01
1.188034925011760023e+01
1.188040870544764438e+01
1.188029601982081473e+01
1.188025285589230329e+01
1.188036871102079850e+01
1.188039687618505980e+01
1.188027987905191551e+01
1.188026508585303631e+01
1.188038267964549632e+01
1.188038495694634733e+01
1.188026653386932274e+01
1.188027726440322951e+01
1.188039640981014244e+01
1.188037107308110585e+01
1.188025259680261492e+01
1.188029430746843040e+01
1.188040916391238788e+01
1.188035030097872280e+01
1.188024300911468245e+01
1.188031804148322834e+01
1.188041395897364616e+01
1.188032547779734571e+01
1.188024348782371398e+01
1.188034177322393248e+01
1.188040908787909089e+01
1.188030437082064061e+01
1.188025097599320468e+01
1.188035998554946460e+01
1.188040074284892533e+01
1.188028810076026076e+01
1.188025930332938529e+01
1.188037582563295658e+01
1.188039203068429828e+01
1.188027155810429036e+01
1.188026979658164528e+01
1.188039308712686548e+01
1.188037818166080051e+01
1.188025482779601738e+01
1.188028782862593147e+01
1.188040728520198464e+01
1.188035644842799421e+01
1.188024499012860424e+01
1.188031157149842088e+01
1.188041196667171029e+01
1.188033287640262259e+01
1.188024488754537167e+01
1.188033326705779302e+01
1.188040908965231779e+01
1.188031358062567122e+01
1.188024897757657072e+01
1.188035091415485667e+01
1.188040480431273238e+01
1.188029612330434404e+01
1.188025369223863592e+01
1.188036942494077763e+01
1.188039833582138982e+01
1.188027633784318127e+01
1.188026358958135198e+01
1.188038940544640099e+01
1.188038393144899629e+01
1.188025813852171808e+01
1.188028232050993083e+01
1.188040383507938103e+01
1.188036234115166856e+01
1.188024857151853553e+01
1.188030463963990790e+01
1.188040880497964835e+01
1.188034112994487401e+01
1.188024680135986699e+01
1.188032398917379417e+01
1.188040911382204712e+01
1.188032309679854670e+01
1.188024681192693777e+01
1.188034209548853504e+01
1.188040872102700085e+01
1.188030357406410076e+01
1.188024882127065496e+01
1.188036346460556913e+01
1.188040334743905468e+01
1.188028123712721396e+01
1.188025887511515322e+01
1.188038486365849522e+01
1.188038848008534920e+01
1.188026288258534358e+01
1.188027734638603761e+01
1.188039881238318607e+01
1.188036843544176691e+01
1.188025338599770997e+01
1.188029704079319160e+01
1.188040502936522813e+01
1.188035005287808410e+01
1.188024876546429098e+01
1.188031445400832808e+01
1.188040929810133406e+01
1.188033230429819298e+01
1.188024473915200829e+01
1.188033396639748496e+01
1.188041196100360075e+01
1.188031038419923391e+01
1.188024523286916079e+01
1.188035764164865071e+01
1.188040677792971778e+01
1.188028674367754611e+01
1.188025555459264027e+01
1.188037907235320212e+01
1.188039223843468761e+01
1.188026912125720180e+01
1.188027242447970977e+01
1.188039253796571870e+01
1.188037500397055091e+01
1.188025887952211157e+01
1.188028888278369521e+01
1.188040115566895771e+01
1.188035918052047535e+01
1.188025055561072030e+01
1.188030527933656444e+01
1.188040946701650213e+01
1.188034071241069256e+01
1.188024324393286868e+01
1.188032667418623767e+01
1.188041397522306752e+01
1.188031679205091962e+01
1.188024326402202746e+01
1.188035148883754566e+01
1.188040866653249417e+01
1.188029327715524097e+01
1.188025324894251789e+01
1.188037190979876279e+01
1.188039570677155510e+01
1.188027658722528024e+01
1.188026721756581594e+01
1.188038555330706458e+01
1.188038202070146987e+01
1.188026449449829869e+01
1.188028056965351809e+01
1.188039749017035263e+01
1.188036790608021676e+01
1.188025225943946950e+01
1.188029699843083087e+01
1.188040919231802306e+01
1.188034810036523581e+01
1.188024287121951872e+01
1.188032004739467240e+01
1.188041438424071039e+01
1.188032323788717193e+01
1.188024293455833735e+01
1.188034456192553989e+01
1.188040935493868311e+01
1.188030101925580695e+01
1.188025144709025582e+01
1.188036358325421560e+01
1.188039928236146281e+01
1.188028476295965064e+01
1.188026166750157131e+01
1.188037844633617013e+01
1.188038915169052601e+01
1.188026984923466500e+01
1.188027268376964329e+01
1.188039403409020700e+01
1.188037566586607952e+01
1.188025424110270123e+01
1.188028989923465595e+01
1.188040794311218207e+01
1.188035457189501543e+01
1.188024403563231957e+01
1.188031367858307519e+01
1.188041311008891654e+01
1.188033018452273737e+01
1.188024394565826469e+01
1.188033662046977668e+01
1.188040935677116394e+01
1.188030982847672590e+01
1.188024969773295858e+01
1.188035457499204028e+01
1.188040310799263821e+01
1.188029304267950970e+01
1.188025603011090858e+01
1.188037166582808446e+01
1.188039585168792733e+01
1.188027485474263933e+01
1.188026580675307997e+01
1.188039049328511254e+01
1.188038211227279994e+01
1.188025700814358743e+01
1.188028394546159738e+01
1.188040527691650361e+01
1.188036049646308356e+01
1.188024687178149108e+01
1.188030709255060557e+01
1.188041040364196910e+01
1.188033792889407714e+01
1.188024579000878589e+01
1.188032773544652443e+01
1.188040916996362384e+01
1.188031926871461863e+01
1.188024777493745354e+01
1.188034549556174468e+01
1.188040701204854699e+01
1.188030092062284915e+01
1.188025080172552350e+01
1.188036538544432297e+01
1.188040153371806795e+01
1.188027973094956025e+01
1.188026033751383359e+01
1.188038639187989709e+01
1.188038721561428801e+01
1.188026102346177382e+01
1.188027881026141053e+01
1.188040100445504166e+01
1.188036635520193762e+01
1.188025118153769455e+01
1.188029993899577086e+01
1.188040675674873725e+01
1.188034647406825783e+01
1.188024793186555605e+01
1.188031828649023325e+01
1.188040910012422913e+01
1.188032873809067169e+01
1.188024576191834569e+01
1.188033689640771229e+01
1.188041055748443675e+01
1.188030814353971110e+01
1.188024656233348253e+01
1.188035946190730741e+01
1.188040575658935971e+01
1.188028491471977510e+01
1.188025636934907148e+01
1.188038125379189225e+01
1.188039125622034398e+01
1.188026652841401720e+01
1.188027401327247645e+01
1.188039526683710356e+01
1.188037254751537830e+01
1.188025649798399108e+01
1.188029213857660693e+01
1.188040273301397853e+01
1.188035550611951940e+01
1.188024999146096761e+01
1.188030885338036668e+01
1.188040915445199452e+01
1.188033765194813185e+01
1.188024402748519748e+01
1.188032910365712524e+01
1.188041318303406157e+01
1.188031477737165886e+01
1.188024378598183617e+01
1.188035350361792375e+01
1.188040836663979860e+01
1.188029088813486034e+01
1.188025367193364623e+01
1.188037478856376161e+01
1.188039470681614951e+01
1.188027344262363982e+01
1.188026911126932106e+01
1.188038849661513296e+01
1.188037922966719506e+01
1.188026224070767611e+01
1.188028393142569605e+01
1.188039877907001340e+01
1.188036448034983472e+01
1.188025187133210103e+01
1.188030004090867564e+01
1.188040903943681137e+01
1.188034561959966240e+01
1.188024310319886645e+01
1.188032212780213293e+01
1.188041439133249000e+01
1.188032116332843380e+01
1.188024268277690787e+01
1.188034702938020359e+01
1.188040954138713090e+01
1.188029798710124041e+01
1.188025178732350717e+01
1.188036701280699070e+01
1.188039804806221333e+01
1.188028137719132893e+01
1.188026387200772582e+01
1.188038127924194320e+01
1.188038624177548463e+01
1.188026790536424038e+01
1.188027581482138828e+01
1.188039508034252556e+01
1.188037278530832452e+01
1.188025378442791791e+01
1.188029229487834471e+01
1.188040826306834141e+01
1.188035255660385481e+01
1.188024350019997932e+01
1.188031568211341593e+01
1.188041392029411014e+01
1.188032777502936632e+01
1.188024313040199154e+01
1.188033966189897761e+01
1.188040971682828051e+01
1.188030626090863962e+01
1.188025020487689254e+01
1.188035826290959740e+01
1.188040158550370506e+01
1.188028975395705089e+01
1.188025837030926724e+01
1.188037416623213538e+01
1.188039314511331490e+01
1.188027322304484024e+01
1.188026839342482965e+01
1.188039150764797824e+01
1.188037993054813235e+01
1.188025617452474592e+01
1.188028576991798957e+01
1.188040630962774280e+01
1.188035869226830599e+01
1.188024552757489083e+01
1.188030930697351017e+01
1.188041183525183442e+01
1.188033502638758243e+01
1.188024472216033978e+01
1.188033128473570699e+01
1.188040942518831500e+01
1.188031543384296640e+01
1.188024855019013870e+01
1.188034909720966859e+01
1.188040533219208150e+01
1.188029798617109734e+01
1.188025297645878631e+01
1.188036750362678973e+01
1.188039935485333842e+01
1.188027823794549320e+01
1.188026219127489114e+01
1.188038767268722751e+01
1.188038569625433105e+01
1.188025955305048242e+01
1.188028029619768233e+01
1.188040282826067440e+01
1.188036446608527541e+01
1.188024917826456495e+01
1.188030255711880656e+01
1.188040850640580359e+01
1.188034310104137248e+01
1.188024691358985940e+01
1.188032210563716795e+01
1.188040910360309255e+01
1.188032497978690394e+01
1.188024672153838601e+01
1.188034012490116353e+01
1.188040899437880782e+01
1.188030565892603541e+01
1.188024824304184435e+01
1.188036133147458706e+01
1.188040432477357555e+01
1.188028327707353249e+01
1.188025748745204879e+01
1.188038307655904902e+01
1.188039019176666677e+01
1.188026430699386893e+01
1.188027546029233150e+01
1.188039776702559536e+01
1.188037034871101127e+01
1.188025412570380901e+01
1.188029518278236552e+01
1.188040448044999842e+01
1.188035186526593634e+01
1.188024921268058876e+01
1.188031260648672749e+01
1.188040894115692936e+01
1.188033428059423890e+01
1.188024492977530322e+01
1.188033182008511623e+01
1.188041206301897645e+01
1.188031265059575148e+01
1.188024472701036949e+01
1.188035538836721372e+01
1.188040772323553895e+01
1.188028881915125723e+01
1.188025423339348485e+01
1.188037730184870711e+01
1.188039379887859504e+01
1.188027054737019483e+01
1.188027077270514198e+01
1.188039140209280831e+01
1.188037665358027439e+01
1.188025983159546684e+01
1.188028723892543503e+01
1.188040029498034045e+01
1.188036089255409955e+01
1.188025134647181957e+01
1.188030340065259516e+01
1.188040881411977345e+01
1.188034281403646908e+01
1.188024363027219010e+01
1.188032438163260096e+01
1.188041398159874618e+01
1.188031915420551599e+01
1.188024280527914556e+01
1.188034922267453197e+01
1.188040953858561366e+01
1.188029530599586536e+01
1.188025208437163016e+01
1.188037017897262082e+01
1.188039701878152243e+01
1.188027805473021026e+01
1.188026586011506680e+01
1.188038425246427465e+01
1.188038340756874156e+01
1.188026572349211030e+01
1.188027908651822351e+01
1.188039630137701330e+01
1.188036958793336062e+01
1.188025334939822386e+01
1.188029504659035318e+01
1.188040832932053092e+01
1.188035030996072372e+01
1.188024336837112394e+01
1.188031768629870122e+01
1.188041433552893800e+01
1.188032558813081785e+01
1.188024254854435391e+01
1.188034237422643713e+01
1.188041007348112821e+01
1.188030296441419864e+01
1.188025053526426689e+01
1.188036186498291080e+01
1.188040027947323551e+01
1.188028634037559783e+01
1.188026061243605547e+01
1.188037691369422433e+01
1.188039032387638372e+01
1.188027137910869513e+01
1.188027128892412421e+01
1.188039255449551668e+01
1.188037736931336319e+01
1.188025554546815954e+01
1.188028787853258095e+01
1.188040696253164619e+01
1.188035682187165598e+01
1.188024458846181020e+01
1.188031135442542130e+01
1.188041299686502938e+01
1.188033242461184713e+01
1.188024370104542982e+01
1.188033456100716556e+01
1.188040982879246776e+01
1.188031170455582775e+01
1.188024911001092399e+01
1.188035280746518474e+01
1.188040377371942569e+01
1.188029479830023405e+01
1.188025523519487336e+01
1.188036986984501020e+01
1.188039688305032548e+01
1.188027665644913533e+01
1.188026443905156526e+01
1.188038880461090940e+01
1.188038384673205883e+01
1.188025842867563497e+01
1.188028191151960300e+01
1.188040424736937872e+01
1.188036268607069346e+01
1.188024747337293263e+01
1.188030490806278650e+01
1.188041017012408318e+01
1.188033999786994244e+01
1.188024577484280009e+01
1.188032580182541231e+01
1.188040932073259626e+01
1.188032113023725955e+01
1.188024753564721614e+01
1.188034360975212778e+01
1.188040738238114002e+01
1.188030289345289781e+01
1.188025019264596693e+01
1.188036334594002952e+01
1.188040249411052507e+01
1.188028172761696588e+01
1.188025897347771398e+01
1.188038459598807250e+01
1.188038893899289405e+01
1.188026247956950598e+01
1.188027685665550948e+01
1.188039994891516926e+01
1.188036837971655579e+01
1.188025187382962677e+01
1.188029796459661114e+01
1.188040632146579156e+01
1.188034836269888395e+01
1.188024822277993664e+01
1.188031643189053632e+01
1.188040889807504819e+01
1.188033065411242362e+01
1.188024584176748988e+01
1.188033484600255285e+01
1.188041070612575467e+01
1.188031032386184549e+01
1.188024606145790862e+01
1.188035724901357426e+01
1.188040668354471840e+01
1.188028700315970276e+01
1.188025503627499901e+01
1.188037944143101221e+01
1.188039288434471175e+01
1.188026798178283983e+01
1.188027224423277950e+01
1.188039415775933350e+01
1.188037432895339407e+01
1.188025735449958376e+01
1.188029039435838285e+01
1.188040201877543822e+01
1.188035725327967818e+01
1.188025062664889475e+01
1.188030700938839068e+01
1.188040862174009504e+01
1.188033967581589145e+01
1.188024435458746098e+01
1.188032688750253563e+01
1.188041319421743580e+01
1.188031710362810323e+01
1.188024334209782928e+01
1.188035121944979444e+01
1.188040924853218172e+01
1.188029296957871850e+01
1.188025244259087820e+01
1.188037301229651455e+01
1.188039613835227826e+01
1.188027490623623450e+01
1.188026761037595591e+01
1.188038726950545509e+01
1.188038073802688821e+01
1.188026333794685385e+01
1.188028238660086622e+01
1.188039774163405760e+01
