1.188024147592624047e+01
1.188028892444862628e+01
1.188034558892315928e+01
1.188031868355329834e+01
1.188025412614874554e+01
1.188025747867921922e+01
1.188032861050682065e+01
1.188034203211046780e+01
1.188027752131087844e+01
1.188024539269772717e+01
1.188029578731602953e+01
1.188034902985246255e+01
1.188031029046187292e+01
1.188024696213737741e+01
1.188026807608506097e+01
1.188033318691081952e+01
1.188033770438096681e+01
1.188026974035406091e+01
1.188024544236256830e+01
1.188030845538652081e+01
1.188034702961433098e+01
1.188030140299998116e+01
1.188024510137623224e+01
1.188027379263536965e+01
1.188034205934747334e+01
1.188032897259497389e+01
1.188026203701651795e+01
1.188025143934571304e+01
1.188031473529509263e+01
1.188034851081651588e+01
1.188029003778922288e+01
1.188024337041116851e+01
1.188028502521775387e+01
1.188034336639252508e+01
1.188032388793548577e+01
1.188025392435602434e+01
1.188025660662229654e+01
1.188032559493783857e+01
1.188034226402457705e+01
1.188028310333697313e+01
1.188024263094262167e+01
1.188029359471852864e+01
1.188034863966398191e+01
1.188031205792934664e+01
1.188025085808930115e+01
1.188026310964099785e+01
1.188033177588580003e+01
1.188034027131780945e+01
1.188027104834065995e+01
1.188024665812409353e+01
1.188030304733771736e+01
1.188034786966334977e+01
1.188030564593887028e+01
1.188024410510009155e+01
1.188027298264700349e+01
1.188033833323464705e+01
1.188033199797912509e+01
1.188026583490138677e+01
1.188024758110055323e+01
1.188031378169331553e+01
1.188034768255383788e+01
1.188029367938154657e+01
1.188024504165425199e+01
1.188027939209034223e+01
1.188034421390697659e+01
1.188032554575382882e+01
1.188025605717222533e+01
1.188025591843209305e+01
1.188032028073885371e+01
1.188034571717713206e+01
1.188028547273939139e+01
1.188024186236359547e+01
1.188029189028425137e+01
1.188034549801387207e+01
1.188031727009660798e+01
1.188025189144445548e+01
1.188025962624006127e+01
1.188033114308610649e+01
1.188033981547420304e+01
1.188027601318291104e+01
1.188024528781202527e+01
1.188029850622754324e+01
1.188034985640144470e+01
1.188030676168049204e+01
1.188024685326549701e+01
1.188026977687926156e+01
1.188033486407225148e+01
1.188033665370409153e+01
1.188026647999699392e+01
1.188024735707068658e+01
1.188031060443475617e+01
1.188034660612671622e+01
1.188029950396651380e+01
1.188024350763230430e+01
1.188027709739013282e+01
1.188034309504289077e+01
1.188032658661557228e+01
1.188026088799763968e+01
1.188025188948868305e+01
1.188031791427507855e+01
1.188034761881396051e+01
1.188028694294705723e+01
1.188024416196369870e+01
1.188028665678564622e+01
1.188034493283235982e+01
1.188032149800550918e+01
1.188025173300004589e+01
1.188025939043210499e+01
1.188032683932297928e+01
1.188034165437689182e+01
1.188028063054029815e+01
1.188024234082889130e+01
1.188029724277300581e+01
1.188034818399898107e+01
1.188030996668345551e+01
1.188024984528902372e+01
1.188026450420682423e+01
1.188033465511653120e+01
1.188033786461063812e+01
1.188026900089145599e+01
1.188024783966805309e+01
1.188030483346530986e+01
1.188034882293204575e+01
1.188030226016444146e+01
1.188024352812291973e+01
1.188027583685980026e+01
1.188033893321026468e+01
1.188033103613840247e+01
1.188026308344352167e+01
1.188024893429673057e+01
1.188031684365167706e+01
1.188034619985849183e+01
1.188029196446792923e+01
1.188024420811167303e+01
1.188028188766606519e+01
1.188034595915243763e+01
1.188032231846265852e+01
1.188025518716795759e+01
1.188025718489217120e+01
1.188032236057603086e+01
1.188034548072082686e+01
1.188028187828130910e+01
1.188024289194129501e+01
1.188029423280364938e+01
1.188034577923622948e+01
1.188031564334334256e+01
1.188024952082445473e+01
1.188026241797847327e+01
1.188033295731117533e+01
1.188033793119182846e+01
1.188027447777395551e+01
1.188024499028032288e+01
1.188030180593230511e+01
1.188034993366485992e+01
1.188030358709690759e+01
1.188024687375236077e+01
1.188027115477658313e+01
1.188033705428066611e+01
1.188033491572876876e+01
1.188026360649261015e+01
1.188024948297383254e+01
1.188031226462060097e+01
1.188034668055962051e+01
1.188029705083284782e+01
1.188024228338153954e+01
1.188028061985072270e+01
1.188034350397117578e+01
1.188032475467666238e+01
1.188025933032810855e+01
1.188025260827323493e+01
1.188032128607218318e+01
1.188034604200515076e+01
1.188028449804823339e+01
1.188024464213395426e+01
1.188028838714753022e+01
1.188034669712034841e+01
1.188031845373225082e+01
1.188025026493258096e+01
1.188026188622842838e+01
1.188032799795390559e+01
1.188034131857855336e+01
1.188027758262928479e+01
1.188024276990234540e+01
1.188030057592172106e+01
1.188034750559018349e+01
1.188030829128364196e+01
1.188024832164139788e+01
1.188026652270784034e+01
1.188033719991097215e+01
1.188033517948096929e+01
1.188026752816636389e+01
1.188024851121373793e+01
1.188030709300861432e+01
1.188034948554886405e+01
1.188029860738868670e+01
1.188024363721287635e+01
1.188027811529459754e+01
1.188033986445389978e+01
1.188032991072034861e+01
1.188026009050186360e+01
1.188025099628876369e+01
1.188031924152071461e+01
1.188034496768343118e+01
1.188029026778940889e+01
1.188024311341262873e+01
1.188028503330172647e+01
1.188034699369988090e+01
1.188031933337380686e+01
1.188025451131899324e+01
1.188025809633435870e+01
1.188032500125602198e+01
1.188034457347459849e+01
1.188027855357423768e+01
1.188024422851469986e+01
1.188029607213443306e+01
1.188034656509370635e+01
1.188031347010167593e+01
1.188024742233396935e+01
1.188026554620704189e+01
1.188033412363886754e+01
1.188033656523409753e+01
1.188027255678022165e+01
1.188024489413961504e+01
1.188030541644772242e+01
1.188034928308539939e+01
1.188030100199671857e+01
1.188024664161521216e+01
1.188027258479762871e+01
1.188033953358230299e+01
1.188033246252237163e+01
1.188026139711916684e+01
1.188025141858225275e+01
1.188031379017043498e+01
1.188034708015084462e+01
1.188029396499227630e+01
1.188024173923451343e+01
1.188028394774859287e+01
1.188034361770110614e+01
1.188032335682411755e+01
1.188025723319085181e+01
1.188025393238613070e+01
1.188032443963873064e+01
1.188034408463849623e+01
1.188028263516463667e+01
1.188024462743087284e+01
1.188029057500118668e+01
1.188034826106452790e+01
1.188031502435804398e+01
1.188024950266063939e+01
1.188026386005727275e+01
1.188032944993463325e+01
1.188034087919445625e+01
1.188027418524104739e+01
1.188024394991106369e+01
1.188030331558949015e+01
1.188034700179166947e+01
1.188030667851941580e+01
1.188024646236086923e+01
1.188026924593325973e+01
1.188033909580819092e+01
1.188033262569529747e+01
1.188026630247153648e+01
1.188024879405470635e+01
1.188030995656083100e+01
1.188034951629247260e+01
1.188029509952083629e+01
1.188024413259460133e+01
1.188027988500189203e+01
1.188034130826925328e+01
1.188032826042639201e+01
1.188025725782674513e+01
1.188025350057475116e+01
1.188032098976978546e+01
1.188034421747314262e+01
1.188028821116338563e+01
1.188024213868816048e+01
1.188028860339184689e+01
1.188034728171761500e+01
1.188031686828664135e+01
1.188025363604305440e+01
1.188025900718781180e+01
1.188032802561174783e+01
1.188034291111681107e+01
1.188027581520521814e+01
1.188024546634903267e+01
1.188029773380682563e+01
1.188034773208266692e+01
1.188031061824840862e+01
1.188024594152011915e+01
1.188026860057591882e+01
1.188033493754686631e+01
1.188033564974942280e+01
1.188027006990715861e+01
1.188024536484857840e+01
1.188030893416092404e+01
1.188034816710123032e+01
1.188029899334825146e+01
1.188024592809453850e+01
1.188027444658193943e+01
1.188034191702522158e+01
1.188032951775524637e+01
1.188025989110910707e+01
1.188025288844564997e+01
1.188031557251861692e+01
1.188034744746520488e+01
1.188029042420794568e+01
1.188024196364659346e+01
1.188028676447329346e+01
1.188034383769652713e+01
1.188032206747108788e+01
1.188025472217353951e+01
1.188025599711898650e+01
1.188032702639109850e+01
1.188034215355982326e+01
1.188028106186583521e+01
1.188024418758119971e+01
1.188029340146132995e+01
1.188034925458560664e+01
1.188031161302556882e+01
1.188024918819493436e+01
1.188026532516899536e+01
1.188033142227840955e+01
1.188033995311129942e+01
1.188027082596513040e+01
1.188024566076193267e+01
1.188030542051372329e+01
1.188034694506670519e+01
1.188030473682399091e+01
1.188024462855310404e+01
1.188027249738268409e+01
1.188034025056811771e+01
1.188033051792115558e+01
1.188026492560814695e+01
1.188024901579907500e+01
1.188031329750555010e+01
1.188034877577188730e+01
1.188029208606105946e+01
1.188024461188981107e+01
1.188028143731152397e+01
1.188034319281860718e+01
1.188032590153308732e+01
1.188025495924844321e+01
1.188025604676317037e+01
1.188032234270305665e+01
1.188034393441739844e+01
1.188028556767120669e+01
1.188024167156094357e+01
1.188029220977848865e+01
1.188034703897746702e+01
1.188031496474900095e+01
1.188025229140927763e+01
1.188026031146489991e+01
1.188033106939925787e+01
1.188034066720318549e+01
1.188027375795444307e+01
1.188024629389044051e+01
1.188029961481183960e+01
1.188034894932524921e+01
1.188030721380883037e+01
1.188024522184204557e+01
1.188027123284901343e+01
1.188033579737062873e+01
1.188033489238260998e+01
1.188026709039350770e+01
1.188024659005066397e+01
1.188031198329940530e+01
1.188034698189313154e+01
1.188029730887840607e+01
1.188024475008285741e+01
1.188027696895899155e+01
1.188034381266364825e+01
1.188032646783144308e+01
1.188025887674209002e+01
1.188025385219881613e+01
1.188031788058010996e+01
1.188034738440258486e+01
1.188028679421463885e+01
1.188024278713589332e+01
1.188028897436350206e+01
1.188034447239393288e+01
1.188032048842072719e+01
1.188025213144061354e+01
1.188025867882925368e+01
1.188032889974537376e+01
1.188034059408117749e+01
1.188027938228996661e+01
1.188024361749658375e+01
1.188029679335856059e+01
1.188034948573304916e+01
1.188030859511875903e+01
1.188024892988127590e+01
1.188026653379187714e+01
1.188033389642368931e+01
1.188033830796219448e+01
1.188026789959859464e+01
1.188024751975228277e+01
1.188030709960687936e+01
1.188034737375493854e+01
1.188030219632124762e+01
1.188024322281586009e+01
1.188027591208444456e+01
1.188034082947811321e+01
1.188032895100808872e+01
1.188026309118057888e+01
1.188024957789759561e+01
1.188031677951197196e+01
1.188034738395544210e+01
1.188028971504660802e+01
1.188024473334087183e+01
1.188028316792616934e+01
1.188034522001729698e+01
1.188032290544720482e+01
1.188025339033904437e+01
1.188025826191641166e+01
1.188032368849068909e+01
1.188034386450101820e+01
1.188028235634438623e+01
1.188024194875424300e+01
1.188029545700042178e+01
1.188034664361678949e+01
1.188031341478509617e+01
1.188025044101635785e+01
1.188026228197514378e+01
1.188033372636189355e+01
1.188033820382910832e+01
1.188027221986500237e+01
1.188024661820531591e+01
1.188030202147091607e+01
1.188034981099977117e+01
1.188030359333385277e+01
1.188024514751992555e+01
1.188027329529785803e+01
1.188033704197428442e+01
1.188033389524793115e+01
1.188026391889817646e+01
1.188024850162243240e+01
1.188031436612560299e+01
1.188034609676801523e+01
1.188029556190276814e+01
1.188024336436038197e+01
1.188028013412923656e+01
1.188034497964718206e+01
1.188032370654024739e+01
1.188025798009552148e+01
1.188025451870976212e+01
1.188032074982690389e+01
1.188034661393845681e+01
1.188028348297156889e+01
1.188024385193573274e+01
1.188029073761536836e+01
1.188034561257508770e+01
1.188031831130542315e+01
1.188024987092842721e+01
1.188026164297713017e+01
1.188033017177845707e+01
1.188033955218698878e+01
1.188027725883734753e+01
1.188024331885609008e+01
1.188030044904014026e+01
1.188034901857512970e+01
1.188030616862182498e+01
1.188024836204622936e+01
1.188026787349677704e+01
1.188033661287011356e+01
1.188033595874401627e+01
1.188026564982484246e+01
1.188024913650801295e+01
1.188030872413215278e+01
1.188034807672829629e+01
1.188029902092319290e+01
1.188024252660025759e+01
1.188027908276243316e+01
1.188034118575996878e+01
1.188032776464051032e+01
1.188026070986427207e+01
1.188025079249689853e+01
1.188031998996265592e+01
1.188034567164370792e+01
1.188028787676678455e+01
1.188024435330785167e+01
1.188028541542471928e+01
1.188034698390206501e+01
1.188031957276201567e+01
1.188025249094666336e+01
1.188025994947220099e+01
1.188032539046188951e+01
1.188034361719519971e+01
1.188027883827994025e+01
1.188024295914830653e+01
1.188029810037694745e+01
1.188034648200760834e+01
1.188031184754091996e+01
1.188024829861320342e+01
1.188026495714855457e+01
1.188033571148014467e+01
1.188033592545157902e+01
1.188027085128987537e+01
1.188024660122106546e+01
1.188030504314071578e+01
1.188035000039569589e+01
1.188030016984559367e+01
1.188024539233679988e+01
1.188027489697888051e+01
1.188033881307001849e+01
1.188033231672239154e+01
1.188026096477069160e+01
1.188025080203328621e+01
1.188031613989052637e+01
1.188034570586796690e+01
1.188029338937897705e+01
1.188024216545737488e+01
1.188028368126560608e+01
1.188034542504365199e+01
1.188032147759877155e+01
1.188025681814744772e+01
1.188025526065061221e+01
1.188032396455800566e+01
1.188034509403615502e+01
1.188028077727219767e+01
1.188024475767327104e+01
1.188029240221646354e+01
1.188034709391878962e+01
1.188031544502200099e+01
1.188024826146223667e+01
1.188026447851882494e+01
1.188033116454439586e+01
1.188033891779458529e+01
1.188027455048378833e+01
1.188024363763786262e+01
1.188030395768255687e+01
1.188034814637310532e+01
1.188030427754543794e+01
1.188024729297361404e+01
1.188026970935888116e+01
1.188033917326200495e+01
1.188033316405281781e+01
1.188026407286570496e+01
1.188025026966123399e+01
1.188031067558059028e+01
1.188034867787001048e+01
1.188029542677502093e+01
1.188024258604903061e+01
1.188028172289251572e+01
1.188034171577554510e+01
1.188032661019085090e+01
1.188025794811407110e+01
1.188025275398661940e+01
1.188032260535581131e+01
1.188034404615098794e+01
1.188028625184894693e+01
1.188024358391127500e+01
1.188028832194730455e+01
1.188034813395661793e+01
1.188031631337273808e+01
1.188025197226325780e+01
1.188026116581612790e+01
1.188032763895438038e+01
1.188034282357884486e+01
1.188027541420553490e+01
1.188024444797095747e+01
1.188030014181390470e+01
1.188034679274182892e+01
1.188030988073839644e+01
1.188024624416504160e+01
1.188026812234578955e+01
1.188033697494576124e+01
1.188033411653248450e+01
1.188026925860737748e+01
1.188024659410150363e+01
1.188030851242422870e+01
1.188034941903174690e+01
1.188029726738694869e+01
1.188024555337552535e+01
1.188027635667327431e+01
1.188034099636489316e+01
1.188033001186109949e+01
1.188025858196870743e+01
1.188025308449355499e+01
1.188031758993471243e+01
1.188034575111784896e+01
1.188029060067966824e+01
1.188024152689001056e+01
1.188028720949566441e+01
1.188034539920030674e+01
1.188031977923309235e+01
1.188025515445962377e+01
1.188025646327392870e+01
1.188032714177840887e+01
1.188034303614800891e+01
1.188027872929905904e+01
1.188024522288772999e+01
1.188029436124707772e+01
1.188034856167458386e+01
1.188031205619338060e+01
1.188024740547041169e+01
1.188026686292638701e+01
1.188033227729438046e+01
1.188033837057350794e+01
1.188027137287069124e+01
1.188024472275446897e+01
1.188030696379857432e+01
1.188034727159085868e+01
1.188030263818294330e+01
1.188024578286295529e+01
1.188027223421519274e+01
1.188034119995511695e+01
1.188033032258220345e+01
1.188026292233620929e+01
1.188025092226805590e+01
1.188031318982766393e+01
1.188034878756633184e+01
1.188029179803123903e+01
1.188024319393900363e+01
1.188028377956971759e+01
1.188034269820542121e+01
1.188032509273708826e+01
1.188025516402062820e+01
1.188025529834062510e+01
1.188032452032939901e+01
1.188034282705868705e+01
1.188028444291496299e+01
1.188024274844420880e+01
1.188029177206360032e+01
1.188034851706369466e+01
1.188031348201372062e+01
1.188025143615882939e+01
1.188026219508617842e+01
1.188033037215148546e+01
1.188034128713572102e+01
1.188027246422702632e+01
1.188024602049431344e+01
1.188030182515953115e+01
1.188034757072213310e+01
1.188030727712856915e+01
1.188024467174984800e+01
1.188027139459941850e+01
1.188033771978184205e+01
1.188033282906936883e+01
1.188026716469499178e+01
1.188024699547116114e+01
1.188031206926431693e+01
1.188034822709407834e+01
1.188029499258299815e+01
1.188024531437126186e+01
1.188027807227807742e+01
1.188034326520328499e+01
1.188032709415312560e+01
1.188025692702369263e+01
1.188025499689181785e+01
1.188031911137768581e+01
1.188034594615862360e+01
1.188028725796278984e+01
1.188024164948738992e+01
1.188029033848311755e+01
1.188034529228353264e+01
1.188031836814054820e+01
1.188025299598991680e+01
1.188025836702724014e+01
1.188032988404841106e+01
1.188034082000409342e+01
1.188027713919936090e+01
1.188024519749396823e+01
1.188029689226284091e+01
1.188034961269056033e+01
1.188030850473286115e+01
1.188024714701420237e+01
1.188026869000731978e+01
1.188033382385565240e+01
1.188033750986352466e+01
1.188026805517143636e+01
1.188024646415612828e+01
1.188030930892955794e+01
1.188034674280366509e+01
1.188030085625870491e+01
1.188024412112152639e+01
1.188027538730159804e+01
1.188034248819191951e+01
1.188032781267798299e+01
1.188026181198159748e+01
1.188025133893190421e+01
1.188031625913173706e+01
1.188034816109475145e+01
1.188028853339135615e+01
1.188024397502635665e+01
1.188028545117579782e+01
1.188034418108891899e+01
1.188032293227456471e+01
1.188025276469956282e+01
1.188025806804719053e+01
1.188032588719696392e+01
1.188034211880761148e+01
1.188028213684064127e+01
1.188024225170257431e+01
1.188029543586833547e+01
1.188034823914230920e+01
1.188031123721002658e+01
1.188025053732714653e+01
1.188026343309540955e+01
1.188033329785759662e+01
1.188033906568623088e+01
1.188027019565890008e+01
1.188024730186350553e+01
1.188030353455020993e+01
1.188034856876241463e+01
1.188030404366486970e+01
1.188024383037143039e+01
1.188027437631316019e+01
1.188033831680699137e+01
1.188033186421298382e+01
1.188026452278519152e+01
1.188024808931203502e+01
1.188031530424306403e+01
1.188034677808187389e+01
1.188029319528575556e+01
1.188024457310561743e+01
1.188028035842172159e+01
1.188034521047299030e+01
1.188032389208268924e+01
1.188025589790161440e+01
1.188025638218011082e+01
1.188032104773766662e+01
1.188034589172689692e+01
1.188028365487785365e+01
1.188024247938273348e+01
1.188029286017033925e+01
1.188034547536763164e+01
1.188031685994895170e+01
1.188025059270298556e+01
1.188026096744546400e+01
1.188033193908134422e+01
1.188033884014012642e+01
1.188027563933791697e+01
1.188024488226596986e+01
1.188030004227424818e+01
1.188034995846156860e+01
1.188030519999978907e+01
1.188024713722277248e+01
1.188027010952653661e+01
1.188033590474252499e+01
1.188033601763544134e+01
1.188026500962882004e+01
1.188024853674874493e+01
1.188031109234528593e+01
1.188034671474216708e+01
1.188029858793451687e+01
1.188024271123426345e+01
1.188027887552864925e+01
1.188034308780450132e+01
1.188032584129930314e+01
1.188026037359687770e+01
1.188025190643069351e+01
1.188031963161241578e+01
1.188034679923804759e+01
1.188028588659749296e+01
1.188024453881661380e+01
1.188028710425953172e+01
1.188034596105822871e+01
1.188032007986660510e+01
1.188025104252434616e+01
1.188026065609772530e+01
1.188032705088783558e+01
1.188034177033434702e+01
1.188027923352932902e+01
1.188024241617594257e+01
1.188029890007681999e+01
1.188034762084618556e+01
1.188030948074755777e+01
1.188024912321859361e+01
1.188026522621933623e+01
1.188033600885056273e+01
1.188033644976291470e+01
1.188026856185384617e+01
1.188024808742690475e+01
1.188030563728863243e+01
1.188034939625926611e+01
1.188030043247375289e+01
1.188024372333875078e+01
1.188027681424951787e+01
1.188033915285171105e+01
1.188033085416470414e+01
1.188026153842069910e+01
1.188024992794544588e+01
1.188031792266324871e+01
1.188034547513471395e+01
1.188029153279827987e+01
1.188024348287831700e+01
1.188028331655868541e+01
1.188034650529613323e+01
1.188032081755732783e+01
1.188025517833918343e+01
1.188025733918578908e+01
1.188032355051161559e+01
1.188034523732297210e+01
1.188028020068105128e+01
1.188024373010983048e+01
1.188029481949650012e+01
1.188034615055406817e+01
1.188031488595389007e+01
1.188024833914364109e+01
1.188026401419128675e+01
1.188033330000429366e+01
1.188033734767429728e+01
1.188027384504840889e+01
1.188024464803251234e+01
1.188030360491133308e+01
1.188034954258376175e+01
1.188030243690377397e+01
1.188024697718481271e+01
1.188027146415628010e+01
1.188033836440477842e+01
1.188033378947854857e+01
1.188026256622618781e+01
1.188025053202502868e+01
1.188031262714064162e+01
1.188034708671852790e+01
1.188029568109918443e+01
1.188024190829104754e+01
1.188028228994746271e+01
1.188034328076914115e+01
1.188032436346413867e+01
1.188025840687411616e+01
1.188025299689081926e+01
1.188032290988852324e+01
1.188034494888440307e+01
1.188028386674422165e+01
1.188024463703430555e+01
1.188028912361205691e+01
1.188034766344217275e+01
1.188031674089020839e+01
1.188025005774030696e+01
1.188026276927932301e+01
1.188032840710680382e+01
1.188034143687761457e+01
1.188027588982407501e+01
1.188024335026627298e+01
1.188030183356838521e+01
1.188034706633490423e+01
1.188030790069464260e+01
1.188024729672170032e+01
1.188026772901493544e+01
1.188033814616834327e+01
1.188033384573491880e+01
1.188026728464374848e+01
1.188024842358083788e+01
1.188030833352258320e+01
1.188034967654990837e+01
1.188029684170546219e+01
1.188024410813775233e+01
1.188027869874783882e+01
1.188034047376101299e+01
1.188032941170756729e+01
1.188025858958538450e+01
1.188025230883511085e+01
1.188031986151296771e+01
1.188034460856591323e+01
1.188028961064744315e+01
1.188024239179197394e+01
1.188028679021821254e+01
1.188034703716901852e+01
1.188031820064081145e+01
1.188025436822001879e+01
1.188025818079474583e+01
1.188032651522573246e+01
1.188034382461922078e+01
1.188027725639219945e+01
1.188024499945925250e+01
1.188029649243799390e+01
1.188034726935144647e+01
1.188031224429096788e+01
1.188024661631781065e+01
1.188026711073875674e+01
1.188033420516464389e+01
1.188033635125048981e+01
1.188027151158703454e+01
1.188024488607244145e+01
1.188030720049809119e+01
1.188034856357535141e+01
1.188030027955161572e+01
1.188024637961911623e+01
1.188027314955396641e+01
1.188034085124868966e+01
1.188033097971772634e+01
1.188026084069524302e+01
1.188025212264133401e+01
1.188031431097003932e+01
1.188034754318425712e+01
1.188029224044338505e+01
1.188024187486379191e+01
1.188028526970652976e+01
1.188034346483420478e+01
1.188032310328733487e+01
1.188025596212336232e+01
1.188025481556995189e+01
1.188032570994051618e+01
1.188034300299832324e+01
1.188028223843463849e+01
1.188024426297244496e+01
1.188029175485696953e+01
1.188034889237725444e+01
1.188031329446870465e+01
1.188024961612275909e+01
1.188026434403049691e+01
1.188033024116055003e+01
1.188034071949901005e+01
1.188027245970584822e+01
1.188024490326575666e+01
1.188030411888952287e+01
1.188034689958425538e+01
1.188030609956998873e+01
1.188024537668595215e+01
1.188027083835749131e+01
1.188033954350543020e+01
1.188033161221799716e+01
1.188026596979481297e+01
1.188024858795704297e+01
1.188031157227779921e+01
1.188034920009524598e+01
1.188029365619669342e+01
1.188024459637014552e+01
1.188028026408857585e+01
1.188034228426373495e+01
1.188032728844475372e+01
1.188025607587454502e+01
1.188025485564882544e+01
1.188032131150524151e+01
1.188034424016988666e+01
1.188028714370404160e+01
1.188024170316901262e+01
1.188029042501171517e+01
1.188034695258474294e+01
1.188031615870475299e+01
1.188025314642904284e+01
1.188025930665190266e+01
1.188032962023146943e+01
1.188034175363804223e+01
1.188027499062764392e+01
1.188024593229468273e+01
1.188029827171625641e+01
1.188034855122088373e+01
1.188030898498690391e+01
1.188024563787823595e+01
1.188026987372477983e+01
1.188033503875158736e+01
1.188033561571904428e+01
1.188026863535197819e+01
1.188024584888218804e+01
1.188031042755392797e+01
1.188034739352975677e+01
1.188029853914283329e+01
1.188024528485809839e+01
1.188027545280672115e+01
1.188034295769989157e+01
1.188032794092807798e+01
1.188025969038493201e+01
1.188025319273962488e+01
1.188031646371552696e+01
1.188034768062229318e+01
1.188028858886227823e+01
1.188024251497714978e+01
1.188028764565704876e+01
1.188034399165156607e+01
1.188032166715012039e+01
1.188025332278972179e+01
1.188025731507796756e+01
1.188032781510653635e+01
1.188034134172547063e+01
1.188028062018484476e+01
1.188024365404837290e+01
1.188029500201607114e+01
1.188034939093790676e+01
1.188031014157637344e+01
1.188024935017020312e+01
1.188026556909542109e+01
1.188033261119443296e+01
1.188033932744071919e+01
1.188026935355292402e+01
1.188024672630400680e+01
1.188030589609367560e+01
1.188034723423345440e+01
1.188030375661177729e+01
1.188024377097464601e+01
1.188027423225155133e+01
1.188034029281164905e+01
1.188032991716894671e+01
1.188026426800591118e+01
1.188024897713219197e+01
1.188031506828077077e+01
1.188034801051565559e+01
1.188029109378729054e+01
1.188024481179658487e+01
1.188028189129589762e+01
1.188034434414907459e+01
1.188032447826990357e+01
1.188025425781962063e+01
1.188025717007186266e+01
1.188032263651423293e+01
1.188034417958613176e+01
1.188028407401764852e+01
1.188024171225409376e+01
1.188029380997453721e+01
1.188034659585610520e+01
1.188031455250156121e+01
1.188025140129147772e+01
1.188026104047919063e+01
1.188033245410652583e+01
1.188033934347384601e+01
1.188027331451037050e+01
1.188024636290092317e+01
1.188030050634677259e+01
1.188034959545512947e+01
1.188030539330951285e+01
1.188024536429737488e+01
1.188027208599485540e+01
1.188033617375936046e+01
1.188033475819149487e+01
1.188026545874374840e+01
1.188024754604628619e+01
1.188031302355372709e+01
1.188034642684639053e+01
1.188029685350924325e+01
1.188024388572282675e+01
1.188027843342217871e+01
1.188034438432449491e+01
1.188032508227909467e+01
1.188025877522906981e+01
1.188025388244484581e+01
1.188031919627695743e+01
1.188034717100070559e+01
1.188028513941589459e+01
1.188024351382348343e+01
1.188028950515436755e+01
1.188034502460796560e+01
1.188031970407937088e+01
1.188025089352173502e+01
1.188026021225668138e+01
1.188032926144041745e+01
1.188034018009331660e+01
1.188027864055992566e+01
1.188024319663103512e+01
1.188029862201897480e+01
1.188034914545696985e+01
1.188030754467543026e+01
1.188024886944940839e+01
1.188026680722618345e+01
1.188033532205820464e+01
1.188033719811605771e+01
1.188026687356253319e+01
1.188024841383085750e+01
1.188030750246381828e+01
1.188034792808622520e+01
1.188030076003756363e+01
1.188024281212707223e+01
1.188027749840426495e+01
1.188034070439647216e+01
1.188032867297947881e+01
1.188026201735692489e+01
1.188024994585852667e+01
1.188031841432051117e+01
1.188034638725025438e+01
1.188028912049239061e+01
1.188024454204696667e+01
1.188028395257171965e+01
1.188034626302741081e+01
1.188032122299927273e+01
1.188025315284132155e+01
1.188025899145544351e+01
1.188032422429188628e+01
1.188034406143937538e+01
1.188028059795556501e+01
1.188024248564028440e+01
1.188029664212878522e+01
1.188034636826212243e+01
1.188031304537400956e+01
1.188024927730531921e+01
1.188026349669017279e+01
1.188033468073692056e+01
1.188033700348392507e+01
1.188027192130744147e+01
1.188024638047306070e+01
1.188030335843560792e+01
1.188035004268550310e+01
1.188030187680439553e+01
1.188024552062770667e+01
1.188027378113784494e+01
1.188033782047017617e+01
1.188033340352579259e+01
1.188026237534991481e+01
1.188024973885956648e+01
1.188031496845966295e+01
1.188034592137641887e+01
1.188029483547152587e+01
1.188024255125992212e+01
1.188028189559929260e+01
1.188034506052049366e+01
1.188032270545382119e+01
1.188025769761041950e+01
1.188025452992213182e+01
1.188032236259819996e+01
1.188034589607779523e+01
1.188028222987841609e+01
1.188024446631453301e+01
1.188029115316209428e+01
1.188034647232210972e+01
1.188031704997473170e+01
1.188024903783679243e+01
1.188026310161447974e+01
1.188033031981248477e+01
1.188033948335902679e+01
1.188027608996304529e+01
1.188024327018710835e+01
1.188030221992882218e+01
1.188034839044289548e+01
1.188030552473899704e+01
1.188024791883044884e+01
1.188026844741548160e+01
1.188033800116118677e+01
1.188033452494381770e+01
1.188026509340183345e+01
1.188024966690686313e+01
1.188030933376057341e+01
1.188034863988668555e+01
1.188029725598393860e+01
1.188024262255181540e+01
1.188028029955892428e+01
1.188034117908765452e+01
1.188032757426683794e+01
1.188025931103288357e+01
1.188025166176666936e+01
1.188032124424467106e+01
1.188034473196220553e+01
1.188028746810110370e+01
1.188024382386179134e+01
1.188028665877303425e+01
1.188034765688435357e+01
1.188031791657911995e+01
1.188025253074154364e+01
1.188026029948995088e+01
1.188032632844316439e+01
1.188034349301729620e+01
1.188027709028676959e+01
1.188024383372192538e+01
1.188029884626455868e+01
1.188034656560034108e+01
1.188031124105852143e+01
1.188024711922984267e+01
1.188026653090936513e+01
1.188033617416048671e+01
1.188033506852168486e+01
1.188027041322371957e+01
1.188024629260769949e+01
1.188030673424179184e+01
1.188034972102969711e+01
1.188029880201903765e+01
1.188024570976194205e+01
1.188027522667044167e+01
1.188033994019514950e+01
1.188033133784153428e+01
1.188025977261962041e+01
1.188025203653507944e+01
1.188031648912388505e+01
1.188034589562459331e+01
1.188029223112738286e+01
1.188024167871440184e+01
1.188028546454079581e+01
1.188034517159798753e+01
1.188032088544960985e+01
1.188025616416140195e+01
1.188025553417706526e+01
1.188032561518062025e+01
1.188034399694493537e+01
1.188027998830865428e+01
1.188024504098502376e+01
1.188029298661483324e+01
1.188034802398381728e+01
1.188031379746711558e+01
1.188024793155761571e+01
1.188026561838433715e+01
1.188033138343515027e+01
1.188033898268888500e+01
1.188027300809733688e+01
1.188024409275664262e+01
1.188030540684517433e+01
1.188034751228368791e+01
1.188030385651140186e+01
1.188024648187512611e+01
1.188027074590073617e+01
1.188034024716029435e+01
1.188033168050060695e+01
1.188026383153229126e+01
1.188025041208326904e+01
1.188031168265094628e+01
1.188034896642112415e+01
1.188029359292141862e+01
1.188024306531123386e+01
1.188028250729872148e+01
1.188034204521902737e+01
1.188032622254483428e+01
1.188025646282923375e+01
1.188025403502488686e+01
1.188032337947232620e+01
1.188034340613157624e+01
1.188028574555185912e+01
1.188024292870012921e+01
1.188028997077433502e+01
1.188034830337967662e+01
1.188031494699160895e+01
1.188025200959551242e+01
1.188026131975946953e+01
1.188032896402425642e+01
1.188034221422272019e+01
1.188027395477779002e+01
1.188024538790881479e+01
1.188030060153512579e+01
1.188034725917945167e+01
1.188030884551032429e+01
1.188024533465060628e+01
1.188026979594692278e+01
1.188033706730160155e+01
1.188033366574459393e+01
1.188026846374235745e+01
1.188024650124374482e+01
1.188031031829129169e+01
1.188034871644496704e+01
1.188029634847738691e+01
1.188024557390870761e+01
1.188027681385480783e+01
1.188034225850143066e+01
1.188032859802674324e+01
1.188025787623781326e+01
1.188025405398279055e+01
1.188031796425070219e+01
1.188034612203453833e+01
1.188028902543213050e+01
1.188024153263310900e+01
1.188028873635116689e+01
1.188034508154387225e+01
1.188031944361511094e+01
1.188025410535868787e+01
1.188025719255171708e+01
1.188032854313918563e+01
1.188034181754485630e+01
1.188027828472035807e+01
1.188024511284705476e+01
1.188029533232701418e+01
1.188034927330784285e+01
1.188031026171779914e+01
1.188024749283283477e+01
1.188026758386204840e+01
1.188033280732608787e+01
1.188033828436072881e+01
1.188026967155645686e+01
1.188024563103117082e+01
1.188030795538597673e+01
1.188034689220190288e+01
1.188030216240212766e+01
1.188024478883566282e+01
1.188027371945536359e+01
1.188034179154848324e+01
1.188032906651938525e+01
1.188026272797927874e+01
1.188025082920221109e+01
1.188031461811298684e+01
1.188034860593689146e+01
1.188029018293637051e+01
1.188024380092866039e+01
1.188028425031229851e+01
1.188034342565145707e+01
1.188032428855821365e+01
1.188025388287761608e+01
1.188025675293046923e+01
1.188032489847104145e+01
1.188034258636089646e+01
1.188028359877615792e+01
1.188024225415064272e+01
1.188029361152211649e+01
1.188034823172438159e+01
1.188031254133474768e+01
1.188025121180283428e+01
1.188026243106860669e+01
1.188033189839231163e+01
1.188034020509305222e+01
1.188027146236825438e+01
1.188024675021977217e+01
1.188030226560175606e+01
1.188034826684229195e+01
1.188030578864819198e+01
1.188024422968341121e+01
1.188027288092971467e+01
1.188033769520372829e+01
1.188033266595549087e+01
1.188026595118504858e+01
1.188024733967964153e+01
1.188031369823404937e+01
1.188034733765325335e+01
1.188029443961263709e+01
1.188024493892974220e+01
1.188027889812334337e+01
1.188034437369056917e+01
1.188032545957645070e+01
1.188025666067338548e+01
1.188025556597938248e+01
1.188031976932948730e+01
1.188034621867260476e+01
1.188028545213358633e+01
1.188024213700446730e+01
1.188029143962071998e+01
1.188034518424224295e+01
1.188031802232299228e+01
1.188025170577293999e+01
1.188025957790789278e+01
1.188033083710230464e+01
1.188033976552315352e+01
1.188027678732943571e+01
1.188024481289991030e+01
1.188029831245243528e+01
1.188034988238543477e+01
1.188030685495207095e+01
1.188024741750374780e+01
1.188026907441750168e+01
1.188033476385414389e+01
1.188033702957044291e+01
1.188026648503498883e+01
1.188024761291454823e+01
1.188030988860797166e+01
1.188034675276261432e+01
1.188030006684174289e+01
1.188024322557916790e+01
1.188027713513371175e+01
1.188034260640529638e+01
1.188032695294260144e+01
1.188026139206140286e+01
1.188025127796329627e+01
1.188031795405731650e+01
1.188034748170399446e+01
1.188028733668701697e+01
1.188024442604284658e+01
1.188028585911170865e+01
1.188034518707766019e+01
1.188032164793767897e+01
1.188025191298564387e+01
1.188025940571292338e+01
1.188032610148310475e+01
1.188034219495088806e+01
1.188028085572539183e+01
1.188024216350719975e+01
1.188029717537215291e+01
1.188034770965429132e+01
1.188031067732040391e+01
1.188024991720273960e+01
1.188026401137217647e+01
1.188033474216866736e+01
1.188033769592312261e+01
1.188026964390084572e+01
1.188024765341673117e+01
1.188030422792953722e+01
1.188034922540548877e+01
1.188030225647823279e+01
1.188024388515193763e+01
1.188027547600688827e+01
1.188033845726536875e+01
1.188033173766972617e+01
1.188026301066146218e+01
1.188024893590985798e+01
1.188031653001596766e+01
1.188034599040414108e+01
1.188029277747277845e+01
1.188024388462183367e+01
1.188028165309914286e+01
1.188034591804146700e+01
1.188032232669681498e+01
1.188025586247086629e+01
1.188025659561569647e+01
1.188032212341465588e+01
1.188034580351634872e+01
1.188028190250316207e+01
1.188024326555204624e+01
1.188029354212806510e+01
1.188034574405378940e+01
1.188031623094804168e+01
1.188024933222530954e+01
1.188026250622734992e+01
1.188033241285207531e+01
1.188033814823560519e+01
1.188027509921784741e+01
1.188024447531117644e+01
1.188030179143886045e+01
1.188034971901929460e+01
1.188030392123526013e+01
1.188024730426843512e+01
1.188027038779513056e+01
1.188033717127216171e+01
1.188033504148554620e+01
1.188026381934579589e+01
1.188024963768593878e+01
1.188031146685271189e+01
1.188034706899910198e+01
1.188029735006406007e+01
1.188024217871061339e+01
1.188028060205778047e+01
1.188034291364903794e+01
1.188032537165004676e+01
1.188025956141614081e+01
1.188025215224451436e+01
1.188032132106156702e+01
1.188034577425151639e+01
1.188028514030192007e+01
1.188024463652772589e+01
1.188028773042942632e+01
1.188034699184868614e+01
1.188031843494512252e+01
1.188025068912563498e+01
1.188026165132224321e+01
1.188032738632306184e+01
1.188034193235913705e+01
1.188027759906735525e+01
1.188024283777625456e+01
1.188030029049011027e+01
1.188034713341328086e+01
1.188030909581833150e+01
1.188024815280665614e+01
1.188026628307338584e+01
1.188033710488125827e+01
1.188033507496806607e+01
1.188026828111403788e+01
1.188024806721820248e+01
1.188030675067259168e+01
1.188034973654258586e+01
1.188029861905570428e+01
1.188024412479194325e+01
1.188027749484196072e+01
1.188033965487041499e+01
1.188033048198002284e+01
1.188025998282028084e+01
1.188025115865695547e+01
1.188031867512888518e+01
1.188034501347494931e+01
1.188029096577943733e+01
1.188024271350617944e+01
1.188028499684639350e+01
1.188034670639357593e+01
1.188031956994458049e+01
1.188025508962302723e+01
1.188025740278935771e+01
1.188032499821713017e+01
1.188034465018379748e+01
1.188027876902238589e+01
1.188024453423603255e+01
1.188029526002082292e+01
1.188034678916758402e+01
1.188031380553111127e+01
1.188024738734343266e+01
1.188026560914438967e+01
1.188033344266955993e+01
1.188033705070139767e+01
1.188027292029187620e+01
1.188024450285966616e+01
1.188030542717778459e+01
1.188034891049034059e+01
1.188030159982189815e+01
1.188024681775253555e+01
1.188027192114492436e+01
1.188033972394353377e+01
1.188033239964255650e+01
1.188026186274794505e+01
1.188025133783008158e+01
1.188031307940012837e+01
1.188034757866009272e+01
1.188029404021293445e+01
1.188024187897850936e+01
1.188028372805498023e+01
1.188034309275651346e+01
1.188032410663243610e+01
1.188025720950180997e+01
1.188025371955596299e+01
1.188032431352550589e+01
1.188034384836938351e+01
1.188028342426458295e+01
1.188024434947248587e+01
1.188029016518879288e+01
1.188034843272079399e+01
1.188031499101814781e+01
1.188025008813888483e+01
1.188026335142440182e+01
1.188032908609359950e+01
1.188034139842182846e+01
1.188027413651235165e+01
1.188024420111830004e+01
1.188030276717749700e+01
1.188034686678564356e+01
1.188030740802149765e+01
1.188024618379001751e+01
1.188026921991660956e+01
1.188033875206192747e+01
1.188033273193690320e+01
1.188026699821452148e+01
1.188024820918331947e+01
1.188030986001448319e+01
1.188034952830528468e+01
1.188029528272681290e+01
1.188024458839880282e+01
1.188027910592834324e+01
1.188034136897182158e+01
1.188032859511995731e+01
1.188025727856661362e+01
1.188025366930545879e+01
1.188032025345161280e+01
1.188034454313855193e+01
1.188028867178623749e+01
1.188024182991775746e+01
1.188028862146272857e+01
1.188034681045924046e+01
1.188031737856210590e+01
1.188025398155805945e+01
1.188025837815041541e+01
1.188032812614482658e+01
1.188034278162948354e+01
1.188027628828636573e+01
1.188024555713973385e+01
1.188029696732573193e+01
1.188034809944528192e+01
1.188031071860007515e+01
1.188024614725192052e+01
1.188026848193727858e+01
1.188033428247731393e+01
1.188033630361218762e+01
1.188027017054375634e+01
1.188024520352962554e+01
1.188030880694447333e+01
1.188034779119857376e+01
1.188029977253425429e+01
1.188024582396432827e+01
1.188027400911139075e+01
1.188034201342946439e+01
1.188032941004286691e+01
1.188026054714109137e+01
1.188025252599894621e+01
1.188031508530322888e+01
1.188034788751109971e+01
1.188029040582379281e+01
1.188024230748619914e+01
1.188028627632007961e+01
1.188034352581152397e+01
1.188032278326847901e+01
1.188025455897559368e+01
1.188025601028009959e+01
1.188032665239000352e+01
1.188034210533823298e+01
1.188028183550670391e+01
1.188024373624220331e+01
1.188029324411178855e+01
1.188034919717808080e+01
1.188031172829389881e+01
1.188024978019663358e+01
1.188026462424102370e+01
1.188033133329889779e+01
1.188034025478081901e+01
1.188027087921287084e+01
1.188024595122229599e+01
1.188030467121057754e+01
1.188034709461888383e+01
1.188030525417330097e+01
1.188024440849957308e+01
1.188027255445068597e+01
1.188033969873611539e+01
1.188033090205465570e+01
1.188026541580238771e+01
1.188024845655816364e+01
1.188031333184808247e+01
1.188034856640568293e+01
1.188029252750123810e+01
1.188024487889416214e+01
1.188028066162572394e+01
1.188034342575583935e+01
1.188032599397436506e+01
1.188025521402985341e+01
1.188025605852468303e+01
1.188032159114013986e+01
1.188034445962489016e+01
1.188028576299875105e+01
1.188024157677721249e+01
1.188029211528601969e+01
1.188034652805878189e+01
1.188031568735205212e+01
1.188025235552836278e+01
1.188025988433920155e+01
1.188033110546132143e+01
1.188034046235852514e+01
1.188027444806034794e+01
1.188024610165586736e+01
1.188029904287774308e+01
1.188034929381990956e+01
1.188030719397551316e+01
1.188024565027194512e+01
1.188027084563071512e+01
1.188033532577659734e+01
1.188033555305694655e+01
1.188026702558551762e+01
1.188024666413085129e+01
1.188031161274193082e+01
1.188034676634904940e+01
1.188029811505821698e+01
1.188024444490718423e+01
1.188027678601793902e+01
1.188034369257079348e+01
1.188032648247501299e+01
1.188025957889178663e+01
1.188025326836565831e+01
1.188031766657810806e+01
1.188034762859209259e+01
1.188028685017160058e+01
1.188024320394786137e+01
1.188028825787241693e+01
1.188034444282669888e+01
1.188032102094727271e+01
1.188025199459507952e+01
1.188025880284613756e+01
1.188032829607820773e+01
1.188034082161465932e+01
1.188027998240441896e+01
1.188024315387998264e+01
1.188029679127848937e+01
1.188034919426078062e+01
1.188030896444781703e+01
1.188024936433409806e+01
1.188026579442026609e+01
1.188033400396272121e+01
1.188033836376793850e+01
1.188026817705166849e+01
1.188024768204951620e+01
1.188030629341762179e+01
1.188034774875398014e+01
1.188030245119546535e+01
1.188024319843598775e+01
1.188027588424086822e+01
1.188034020080457864e+01
1.188032957381664367e+01
1.188026330544962406e+01
1.188024919363419230e+01
1.188031677903340544e+01
1.188034706870273816e+01
1.188029039669994624e+01
1.188024472284244659e+01
1.188028255404617717e+01
1.188034546448820272e+01
1.188032285296313617e+01
1.188025388379593039e+01
1.188025801081500177e+01
1.188032308616162602e+01
1.188034443599130796e+01
1.188028236422368700e+01
1.188024209591267244e+01
1.188029512781829311e+01
1.188034626076952094e+01
1.188031420624292345e+01
1.188025028175162134e+01
1.188026210730446053e+01
1.188033356109023231e+01
1.188033809180667433e+01
1.188027299592557284e+01
1.188024618096505236e+01
1.188030171533553414e+01
1.188034998341037962e+01
1.188030361903629206e+01
1.188024568291161387e+01
1.188027265683621536e+01
1.188033684366476983e+01
1.188033440417853193e+01
1.188026384908917699e+01
1.188024871343900912e+01
1.188031374764218917e+01
1.188034614825730984e+01
1.188029623030820581e+01
1.188024301083090606e+01
1.188028012795643917e+01
1.188034461553303700e+01
1.188032396586485184e+01
1.188025856033539718e+01
1.188025385625277153e+01
1.188032075180864311e+01
1.188034661191199604e+01
1.188028374991622371e+01
1.188024417330108129e+01
1.188028992335676293e+01
1.188034582853932797e+01
1.188031858885176995e+01
1.188024990938442471e+01
1.188026171198399439e+01
1.188032945416343011e+01
1.188034003920433079e+01
1.188027759465053812e+01
1.188024300144349255e+01
1.188030044184543499e+01
1.188034859106293695e+01
1.188030679698652570e+01
1.188024853130320047e+01
1.188026726057671212e+01
1.188033676463477839e+01
1.188033584671006260e+01
1.188026617873939728e+01
1.188024904778099788e+01
1.188030802930284047e+01
1.188034853512516520e+01
1.188029907021351761e+01
1.188024274784589451e+01
1.188027883333573165e+01
1.188034064890278607e+01
1.188032849629347254e+01
1.188026068396721513e+01
1.188025065495755506e+01
1.188031980594977632e+01
1.188034541660007015e+01
1.188028868328684595e+01
1.188024408030982038e+01
1.188028505479482000e+01
1.188034708162653175e+01
1.188031953585982237e+01
1.188025312489967966e+01
1.188025942967293069e+01
1.188032504600248274e+01
1.188034407011836890e+01
1.188027881082951964e+01
1.188024326983091150e+01
1.188029750912869531e+01
1.188034635089342217e+01
1.188031253953478839e+01
1.188024805741931011e+01
1.188026497797178926e+01
1.188033529530137500e+01
1.188033604323818793e+01
1.188027154450911560e+01
1.188024604794170713e+01
1.188030496768509536e+01
1.188034992926198363e+01
1.188030038969656488e+01
1.188024586839503272e+01
1.188027412190075438e+01
1.188033887424807133e+01
1.188033258220946564e+01
1.188026104799400429e+01
1.188025099086331338e+01
1.188031537146460970e+01
1.188034603140372525e+01
1.188029381059865841e+01
1.188024192823733749e+01
1.188028369969142339e+01
1.188034489564312324e+01
1.188032200955385775e+01
1.188025715192706855e+01
1.188025468780680249e+01
1.188032404141259235e+01
1.188034490311937574e+01
1.188028130464298826e+01
1.188024484602363628e+01
1.188029165898939432e+01
1.188034742722755155e+01
1.188031550254196844e+01
1.188024854626431193e+01
1.188026434376202900e+01
1.188033049938482044e+01
1.188033955058856606e+01
1.188027463489130753e+01
1.188024355801253051e+01
1.188030378748810278e+01
1.188034774377191738e+01
1.188030506754619964e+01
1.188024718874619445e+01
1.188026933275367192e+01
1.188033920481006689e+01
1.188033303657173079e+01
1.188026477448623552e+01
1.188024990096412736e+01
1.188031021748306060e+01
1.188034905161601174e+01
1.188029541153303192e+01
1.188024299518650118e+01
1.188028120215013850e+01
1.188034140906125025e+01
1.188032728203041799e+01
1.188025780967612555e+01
1.188025282800408711e+01
1.188032216704950095e+01
1.188034400046249317e+01
1.188028701688765842e+01
1.188024316115646428e+01
1.188028820213794212e+01
1.188034799369344441e+01
1.188031644995695935e+01
1.188025258565402886e+01
1.188026047379742067e+01
1.188032756177114635e+01
1.188034304799754359e+01
1.188027551568398721e+01
1.188024476953542496e+01
1.188029936685666321e+01
1.188034694353989451e+01
1.188031034733275781e+01
1.188024608884550126e+01
1.188026819744663243e+01
1.188033636581634589e+01
1.188033451459294554e+01
1.188026972990714647e+01
1.188024609318282998e+01
1.188030854026890104e+01
1.188034913994775188e+01
1.188029775216425321e+01
1.188024582038326926e+01
1.188027561110492947e+01
1.188034120507385261e+01
1.188033004634066891e+01
1.188025890908981097e+01
1.188025309220277670e+01
1.188031683255651494e+01
1.188034625527847332e+01
1.188029076457298494e+01
1.188024151568871645e+01
1.188028708830590041e+01
1.188034485732842072e+01
1.188032050625456648e+01
1.188025521038061250e+01
1.188025610622025852e+01
1.188032712589521367e+01
1.188034279785172664e+01
1.188027945928817886e+01
1.188024502667713556e+01
1.188029382874770867e+01
1.188034884421031201e+01
1.188031202113817208e+01
1.188024790065059122e+01
1.188026645317299135e+01
1.188033181496288115e+01
1.188033898335258520e+01
1.188027131735322506e+01
1.188024486815062275e+01
1.188030653990218788e+01
1.188034705245372713e+01
1.188030342909861936e+01
1.188024549956918996e+01
1.188027210434219150e+01
1.188034100192649234e+01
1.188033034399437682e+01
1.188026364388074185e+01
1.188025035007789398e+01
1.188031300083676989e+01
1.188034895055736229e+01
1.188029188577795203e+01
1.188024364921912834e+01
1.188028304471092511e+01
1.188034267440494318e+01
1.188032556471905821e+01
1.188025508091103077e+01
1.188025545619821521e+01
1.188032386378404048e+01
1.188034306281021735e+01
1.188028501552780725e+01
1.188024234133620816e+01
1.188029178171145439e+01
1.188034815202092176e+01
1.188031388296306012e+01
1.188025186993163373e+01
1.188026149113239782e+01
1.188033046856064701e+01
1.188034127279234653e+01
1.188027280370008043e+01
1.188024618832151269e+01
1.188030101899909852e+01
1.188034792809508744e+01
1.188030748540741222e+01
1.188024472811878418e+01
1.188027135639691778e+01
1.188033705951532681e+01
1.188033345118596884e+01
1.188026736019970642e+01
1.188024668701266506e+01
1.188031203266534774e+01
1.188034786810196941e+01
1.188029570657218059e+01
1.188024529913734995e+01
1.188027750756020140e+01
1.188034345636161504e+01
1.188032700919006324e+01
1.188025748454188779e+01
1.188025473201443560e+01
1.188031852460314575e+01
1.188034646915189541e+01
1.188028725786519857e+01
1.188024187415545541e+01
1.188028996863847198e+01
1.188034490294712597e+01
1.188031913820864993e+01
1.188025284841009821e+01
1.188025825876950670e+01
1.188032964992441975e+01
1.188034070211302407e+01
1.188027793020601841e+01
1.188024477173711446e+01
1.188029662516107621e+01
1.188034970452901007e+01
1.188030854486633459e+01
1.188024772435295340e+01
1.188026804016359605e+01
1.188033363869638492e+01
1.188033795114091973e+01
1.188026802460963083e+01
1.188024672266992532e+01
1.188030864475108395e+01
1.188034679951577388e+01
1.188030148816885045e+01
1.188024381809143293e+01
1.188027541079927474e+01
1.188034205114491826e+01
1.188032809234382015e+01
1.188026238806297030e+01
1.188025071464499582e+01
1.188031626552000475e+01
1.188034808060569070e+01
1.188028884944676911e+01
1.188024430838568080e+01
1.188028464330252021e+01
1.188034438634879741e+01
1.188032314938907774e+01
1.188025287654223838e+01
1.188025814183199813e+01
1.188032514054112809e+01
1.188034260222580052e+01
1.188028244174137349e+01
1.188024201163638871e+01
1.188029541012306289e+01
1.188034776153165772e+01
1.188031188964147233e+01
1.188025069802789524e+01
1.188026287730186326e+01
1.188033340883733935e+01
1.188033890625573719e+01
1.188027078239776380e+01
1.188024720591698546e+01
1.188030286287840376e+01
1.188034898191527589e+01
1.188030406716196730e+01
1.188024413071646279e+01
1.188027409937837220e+01
1.188033777376511679e+01
1.188033256997201192e+01
1.188026449545213303e+01
1.188024802824571680e+01
1.188031506381245883e+01
1.188034650733341380e+01
1.188029401077664637e+01
1.188024430814418686e+01
1.188028005042816204e+01
1.188034523291367250e+01
1.188032385265523594e+01
1.188025657353749764e+01
1.188025585661949535e+01
1.188032072604398515e+01
1.188034627348391226e+01
1.188028364969826178e+01
1.188024284587154256e+01
1.188029223213565544e+01
1.188034534952974219e+01
1.188031750722523050e+01
1.188025039194019072e+01
1.188026103428191504e+01
1.188033145475912278e+01
1.188033896851902682e+01
1.188027632278772394e+01
1.188024436661041427e+01
1.188029998809829202e+01
1.188034980502980353e+01
1.188030545465325005e+01
1.188024762834307069e+01
1.188026934658530820e+01
1.188033596536129366e+01
1.188033621138925078e+01
1.188026515492681590e+01
1.188024874319327751e+01
1.188031029988217924e+01
1.188034703663370450e+01
1.188029896561603849e+01
1.188024254834721383e+01
1.188027889341067045e+01
1.188034250602687436e+01
1.188032638947587394e+01
1.188026069228028447e+01
1.188025139585826828e+01
1.188031968330812838e+01
1.188034654936364731e+01
1.188028646290062973e+01
1.188024462367849488e+01
1.188028639203148629e+01
1.188034625638543851e+01
1.188032009455628213e+01
1.188025140347321340e+01
1.188026050625181185e+01
1.188032638265401353e+01
1.188034237528517423e+01
1.188027930134943766e+01
1.188024241896173194e+01
1.188029868817000789e+01
1.188034719607709100e+01
1.188031027329753186e+01
1.188024902026581842e+01
