1.188024147592623514e+01
1.188048497569852913e+01
1.188046477144173529e+01
1.188025065120104529e+01
1.188048823879369031e+01
1.188045782323257527e+01
1.188025132875350209e+01
1.188049509395881387e+01
1.188045214361323687e+01
1.188024573180643273e+01
1.188051331044898440e+01
1.188043073280695339e+01
1.188025827205149731e+01
1.188051375451986402e+01
1.188042420572344149e+01
1.188026024281852955e+01
1.188052005347275397e+01
1.188041660729280302e+01
1.188025826757058390e+01
1.188053559800533776e+01
1.188039483255308859e+01
1.188027379524347360e+01
1.188053294245939284e+01
1.188038926033893361e+01
1.188027687759821127e+01
1.188053830068772676e+01
1.188038030465360073e+01
1.188027840033257299e+01
1.188055061687145120e+01
1.188035903118877457e+01
1.188029638787255315e+01
1.188054472359054792e+01
1.188035493391332054e+01
1.188030029226371198e+01
1.188054885739516031e+01
1.188034521221137041e+01
1.188030503367043345e+01
1.188055754097580419e+01
1.188032528765281270e+01
1.188032482542356050e+01
1.188054842767785679e+01
1.188032313855725519e+01
1.188032917313179126e+01
1.188055116958868851e+01
1.188031323688896990e+01
1.188033671770314825e+01
1.188055598504153032e+01
1.188029545178116031e+01
1.188035755865569953e+01
1.188054383062649144e+01
1.188029564606894795e+01
1.188036190636998235e+01
1.188054513729842476e+01
1.188028611172686766e+01
1.188037172850635237e+01
1.188054602586246489e+01
1.188027116272720463e+01
1.188039279841968465e+01
1.188053116729727599e+01
1.188027399012640650e+01
1.188039666721361165e+01
1.188053111946064355e+01
1.188026530123697810e+01
1.188040816256769716e+01
1.188052819828583928e+01
1.188025375884831369e+01
1.188042861377265247e+01
1.188051111911722124e+01
1.188025938159879402e+01
1.188043152070242314e+01
1.188050991358572972e+01
1.188025192163529553e+01
1.188044404104091356e+01
1.188050346602335239e+01
1.188024420402514991e+01
1.188046303805961301e+01
1.188048477709236295e+01
1.188025264152807381e+01
1.188046452840493750e+01
1.188048271142163692e+01
1.188024668026110753e+01
1.188047741795657863e+01
1.188047316889809579e+01
1.188024303454651509e+01
1.188049417708875133e+01
1.188045358211824976e+01
1.188025415547362229e+01
1.188049385535646252e+01
1.188045103303821293e+01
1.188024983736789153e+01
1.188050648644787266e+01
1.188043894953436386e+01
1.188025032948579174e+01
1.188052031333533165e+01
1.188041924584766562e+01
1.188026385186100775e+01
1.188051787135764137e+01
1.188041664285896282e+01
1.188026119235007094e+01
1.188052967729213449e+01
1.188040266356745889e+01
1.188026570611500787e+01
1.188054000041922187e+01
1.188038365657964057e+01
1.188028120560858092e+01
1.188053524099097302e+01
1.188038145223233677e+01
1.188028009525947581e+01
1.188054574445115641e+01
1.188036627824463309e+01
1.188028834058291316e+01
1.188055214275724580e+01
1.188034877541933909e+01
1.188030526679816745e+01
1.188054499736972680e+01
1.188034741398396221e+01
1.188030548303605904e+01
1.188055383288680034e+01
1.188033176494475818e+01
1.188031701279418684e+01
1.188055605606287379e+01
1.188031652837085517e+01
1.188033471278620290e+01
1.188054659561558957e+01
1.188031641478688272e+01
1.188033593839418245e+01
1.188055352490389360e+01
1.188030099155919750e+01
1.188035017305285379e+01
1.188055150528916926e+01
1.188028870025112127e+01
1.188036792094469263e+01
1.188053994313166761e+01
1.188029017117902164e+01
1.188036976806649925e+01
1.188054486254144848e+01
1.188027562064299758e+01
1.188038602671356614e+01
1.188053871785847981e+01
1.188026683631611924e+01
1.188040305805569297e+01
1.188052540489094966e+01
1.188027013486898475e+01
1.188040509616138074e+01
1.188052834483348086e+01
1.188025701880724760e+01
1.188042263211101179e+01
1.188051837151240697e+01
1.188025215707124715e+01
1.188043818134665841e+01
1.188050378334922996e+01
1.188025741260735657e+01
1.188043996758140963e+01
1.188050490002427573e+01
1.188024618221474782e+01
1.188045800646389871e+01
1.188049155754730180e+01
1.188024549090285831e+01
1.188047134550972395e+01
1.188047627414285401e+01
1.188025270515458232e+01
1.188047245578946232e+01
1.188047583417956510e+01
1.188024368230818517e+01
1.188049023407873861e+01
1.188045972144399265e+01
1.188024722815721290e+01
1.188050070985747908e+01
1.188044440013412384e+01
1.188025626872032170e+01
1.188050076892369411e+01
1.188044275905251013e+01
1.188024963485848673e+01
1.188051757094996219e+01
1.188042458407816682e+01
1.188025729921807461e+01
1.188052463982400297e+01
1.188040992745594870e+01
1.188026790093698182e+01
1.188052334843979985e+01
1.188040750325983907e+01
1.188026369403677052e+01
1.188053853996687081e+01
1.188038804783577085e+01
1.188027517786681031e+01
1.188054179722416492e+01
1.188037476811067528e+01
1.188028695214332231e+01
1.188053895491609246e+01
1.188037201163313483e+01
1.188028507175090631e+01
1.188055201151382434e+01
1.188035209283082061e+01
1.188029990971545757e+01
1.188055121421203175e+01
1.188034087448150267e+01
1.188031236141123337e+01
1.188054673626061764e+01
1.188033823817097101e+01
1.188031258117262468e+01
1.188055726511302979e+01
1.188031866886842103e+01
1.188033016404010134e+01
1.188055234685569239e+01
1.188031013163830529e+01
1.188034271529707731e+01
1.188054627444325995e+01
1.188030803845786565e+01
1.188034470214901717e+01
1.188055402872087463e+01
1.188028958894329179e+01
1.188036430615095185e+01
1.188054510548004394e+01
1.188028425337722283e+01
1.188037632595728255e+01
1.188053760815105342e+01
1.188028306757708208e+01
1.188037966494035302e+01
1.188054249341796798e+01
1.188026643006970318e+01
1.188040048645213176e+01
1.188052986016601054e+01
1.188026468762759791e+01
1.188041132428002733e+01
1.188052123023769013e+01
1.188026468921434287e+01
1.188041554761389484e+01
1.188052330264189393e+01
1.188025044698284205e+01
1.188043674141058759e+01
1.188050742104466551e+01
1.188025253638499024e+01
1.188044576299694555e+01
1.188049806021198940e+01
1.188025390091294042e+01
1.188045038169520140e+01
1.188049751663434606e+01
1.188024250353290867e+01
1.188047110087535252e+01
1.188047899441277622e+01
1.188024849464116350e+01
1.188047772417518644e+01
1.188046939325751339e+01
1.188025127954020910e+01
1.188048226032298160e+01
1.188046655411638142e+01
1.188024302549499644e+01
1.188050169581902082e+01
1.188044611711180210e+01
1.188025281171779923e+01
1.188050542511916063e+01
1.188043682854289251e+01
1.188025694999775084e+01
1.188050944299543055e+01
1.188043211432563950e+01
1.188025197732075355e+01
1.188052686063578811e+01
1.188041057278732282e+01
1.188026527705176427e+01
1.188052731677980844e+01
1.188040218081704680e+01
1.188027057891686766e+01
1.188053045105903749e+01
1.188039608361123278e+01
1.188026886415227956e+01
1.188054522443005823e+01
1.188037429451887839e+01
1.188028523112294188e+01
1.188054216930376938e+01
1.188036738022181638e+01
1.188029139358656749e+01
1.188054414858803476e+01
1.188036043176646572e+01
1.188029275907073057e+01
1.188055578621747799e+01
1.188033925904358057e+01
1.188031160098023342e+01
1.188054914011802055e+01
1.188033436579467050e+01
1.188031822494922451e+01
1.188054980425442153e+01
1.188032710391672531e+01
1.188032235406591752e+01
1.188055796980465217e+01
1.188030737840430007e+01
1.188034295855833022e+01
1.188054782080799754e+01
1.188030497842997768e+01
1.188034957231031719e+01
1.188054713092929759e+01
1.188029791393017298e+01
1.188035603184809474e+01
1.188055165534580659e+01
1.188028039509089240e+01
1.188037759863805221e+01
1.188053826013512904e+01
1.188028085919447285e+01
1.188038368630614627e+01
1.188053630089620505e+01
1.188027444514360198e+01
1.188039195455816888e+01
1.188053718593758923e+01
1.188025978646720304e+01
1.188041363212415824e+01
1.188052096191338869e+01
1.188026335867140126e+01
1.188041866558273441e+01
1.188051793579493243e+01
1.188025796384274813e+01
1.188042816457044282e+01
1.188051534889437733e+01
1.188024668366276337e+01
1.188044908951592760e+01
1.188049685790701027e+01
1.188025346231324875e+01
1.188045256177975872e+01
1.188049307184735781e+01
1.188024935029660156e+01
1.188046269183236170e+01
1.188048733263027223e+01
1.188024180936401741e+01
1.188048202895481609e+01
1.188046725720120023e+01
1.188025173579834259e+01
1.188048348701404677e+01
1.188046310235933767e+01
1.188024905110322393e+01
1.188049366172470478e+01
1.188045466147698193e+01
1.188024543800430521e+01
1.188051064291571457e+01
1.188043377468885531e+01
1.188025829335615136e+01
1.188050971803925293e+01
1.188042970069228588e+01
1.188025705532832710e+01
1.188051939746826235e+01
1.188041911211522539e+01
1.188025738058946601e+01
1.188053335757287776e+01
1.188039824253141319e+01
1.188027279091450872e+01
1.188052979142278431e+01
1.188039472786092432e+01
1.188027289566685951e+01
1.188053851155992469e+01
1.188038261630131665e+01
1.188027699493285638e+01
1.188054891931295920e+01
1.188036260954353018e+01
1.188029444456540418e+01
1.188054258445945521e+01
1.188036012977954492e+01
1.188029567463139280e+01
1.188054998133978124e+01
1.188034715520255702e+01
1.188030322068260780e+01
1.188055646370736973e+01
1.188032883413242047e+01
1.188032207333235313e+01
1.188054737731234312e+01
1.188032782986602776e+01
1.188032411440980773e+01
1.188055320454104624e+01
1.188031465108542051e+01
1.188033463726603856e+01
1.188055556322844808e+01
1.188029877665427492e+01
1.188035416384553145e+01
1.188054389299375124e+01
1.188029962297268938e+01
1.188035662760868938e+01
1.188054803172906482e+01
1.188028686232788722e+01
1.188036954162049064e+01
1.188054625103302264e+01
1.188027409703750692e+01
1.188038895340721091e+01
1.188053231301965518e+01
1.188027707641300168e+01
1.188039140490707801e+01
1.188053477389213519e+01
1.188026528755037603e+01
1.188040604137001743e+01
1.188052901940809747e+01
1.188025616333082546e+01
1.188042452693634843e+01
1.188051326778811578e+01
1.188026144342189205e+01
1.188042651482571799e+01
1.188051418484641353e+01
1.188025108404169572e+01
1.188044215821989980e+01
1.188050479298614981e+01
1.188024597628928802e+01
1.188045892240584323e+01
1.188048780208108646e+01
1.188025359383455992e+01
1.188046001022475373e+01
1.188048741939910791e+01
1.188024500482379864e+01
1.188047593591506867e+01
1.188047487831413918e+01
1.188024411414051329e+01
1.188049023886095945e+01
1.188045731758932533e+01
1.188025396592960625e+01
1.188049003569060780e+01
1.188045596947721094e+01
1.188024735779955066e+01
1.188050554697466943e+01
1.188044089258172775e+01
1.188025070048782084e+01
1.188051674107244260e+01
1.188042349574139145e+01
1.188026254214875976e+01
1.188051492983597690e+01
1.188042158172685880e+01
1.188025798932797628e+01
1.188052939241862482e+01
1.188040467535727096e+01
1.188026539710552498e+01
1.188053695516683028e+01
1.188038820513823524e+01
1.188027884998288464e+01
1.188053331686803915e+01
1.188038616119981228e+01
1.188027629316568223e+01
1.188054618897313830e+01
1.188036818814899398e+01
1.188028742209832345e+01
1.188054975000430780e+01
1.188035339862532602e+01
1.188030198795599190e+01
1.188054418244676214e+01
1.188035166643876295e+01
1.188030124420156497e+01
1.188055503895238552e+01
1.188033340735030485e+01
1.188031559243649937e+01
1.188055439973700977e+01
1.188032100563005855e+01
1.188033067533597453e+01
1.188054692965417303e+01
1.188032000162615809e+01
1.188033145508137878e+01
1.188055547905324083e+01
1.188030221643194118e+01
1.188034838842350105e+01
1.188055062405068618e+01
1.188029282575610068e+01
1.188036332284675645e+01
1.188054141187505408e+01
1.188029291166268564e+01
1.188036525268161725e+01
1.188054750542410609e+01
1.188027630317033179e+01
1.188038403649091990e+01
1.188053860395460326e+01
1.188027042954325729e+01
1.188039812038528709e+01
1.188052794070021889e+01
1.188027188603089179e+01
1.188040077030402486e+01
1.188053157355630063e+01
1.188025706745922072e+01
1.188042060586793625e+01
1.188051897234417709e+01
1.188025507179535722e+01
1.188043313683154523e+01
1.188050726849562899e+01
1.188025807684715751e+01
1.188043605048635953e+01
1.188050857293108287e+01
1.188024554482327844e+01
1.188045611395186540e+01
1.188049277983077268e+01
1.188024762217486519e+01
1.188046642651460161e+01
1.188048054671850728e+01
1.188025223560826760e+01
1.188046915271272752e+01
1.188047977786422749e+01
1.188024234993339157e+01
1.188048863461343707e+01
1.188046143764524132e+01
1.188024851692016703e+01
1.188049613656951919e+01
1.188044926228006659e+01
1.188025467205168262e+01
1.188049826012895949e+01
1.188044677732900212e+01
1.188024764320812743e+01
1.188051640344280457e+01
1.188042664076006361e+01
1.188025773440843658e+01
1.188052060925115505e+01
1.188041515539343251e+01
1.188026523740525420e+01
1.188052177944882359e+01
1.188041138757287385e+01
1.188026112225053410e+01
1.188053791418389160e+01
1.188039027548733806e+01
1.188027479586034829e+01
1.188053847348011693e+01
1.188038012344448191e+01
1.188028333299475747e+01
1.188053842849850383e+01
1.188037555222125974e+01
1.188028203859726339e+01
1.188055200113630860e+01
1.188035431655398710e+01
1.188029879103673636e+01
1.188054872058987499e+01
1.188034611625857906e+01
1.188030794368007648e+01
1.188054730646286927e+01
1.188034123536000308e+01
1.188030923895318836e+01
1.188055790298143677e+01
1.188032071916638799e+01
1.188032842752098617e+01
1.188055076021609402e+01
1.188031502853047172e+01
1.188033769415106100e+01
1.188054794296378169e+01
1.188031031359431289e+01
1.188034122867315645e+01
1.188055530442459862e+01
1.188029131196167754e+01
1.188036210101772561e+01
1.188054445330135955e+01
1.188028859524994729e+01
1.188037092495217628e+01
1.188054032340089528e+01
1.188028447308770907e+01
1.188037625393283214e+01
1.188054435333870096e+01
1.188026769682745609e+01
1.188039798290237670e+01
1.188053012033710232e+01
1.188026829584669741e+01
1.188040578414524084e+01
1.188052488925222150e+01
1.188026511719245804e+01
1.188041239804242544e+01
1.188052565255130055e+01
1.188025116115662705e+01
1.188043412018637213e+01
1.188050852434587235e+01
1.188025527239862278e+01
1.188044032961806984e+01
1.188050251328546913e+01
1.188025328970782546e+01
1.188044768666964757e+01
1.188050022676481277e+01
1.188024260729649839e+01
1.188046854238108807e+01
1.188048082957706519e+01
1.188025026642936055e+01
1.188047263633477613e+01
1.188047445101038946e+01
1.188024961802441837e+01
1.188048019620610418e+01
1.188046946633707535e+01
1.188024250301196005e+01
1.188049936945218832e+01
1.188044853818373170e+01
1.188025357767428147e+01
1.188050090256042601e+01
1.188044227110911422e+01
1.188025427928768885e+01
1.188050815921698700e+01
1.188043505093222052e+01
1.188025085574482631e+01
1.188052491497782981e+01
1.188041340823793668e+01
1.188026504700141217e+01
1.188052354928051457e+01
1.188040776873855187e+01
1.188026699132818287e+01
1.188053006108935072e+01
1.188039885730245970e+01
1.188026721216577997e+01
1.188054377876884615e+01
1.188037735747739632e+01
1.188028406450121999e+01
1.188053930744723985e+01
1.188037286642736667e+01
1.188028702874322562e+01
1.188054472263498873e+01
1.188036285638553302e+01
1.188029068301883484e+01
1.188055492376921585e+01
1.188034235811260153e+01
1.188030960244216239e+01
1.188054728824599771e+01
1.188033950793897731e+01
1.188031326327310744e+01
1.188055136424816283e+01
1.188032900538228276e+01
1.188031999182304865e+01
1.188055773304090401e+01
1.188031032858643954e+01
1.188034027131871184e+01
1.188054703244737986e+01
1.188030955096207286e+01
1.188034422634561338e+01
1.188054964813078840e+01
1.188029914067793591e+01
1.188035354477340633e+01
1.188055204378856011e+01
1.188028302824431748e+01
1.188037439586486954e+01
1.188053853613172173e+01
1.188028466460562527e+01
1.188037819033995035e+01
1.188053969621568484e+01
1.188027487748641242e+01
1.188038951806507271e+01
1.188053815653351997e+01
1.188026196062555329e+01
1.188041010686808363e+01
1.188052225141641927e+01
1.188026623730558562e+01
1.188041326400411180e+01
1.188052208281681388e+01
1.188025752177517269e+01
1.188042595780692956e+01
1.188051681882233446e+01
1.188024829068507060e+01
1.188044544380895751e+01
1.188049906209266382e+01
1.188025530009060304e+01
1.188044749676288347e+01
1.188049780250063492e+01
1.188024799926125574e+01
1.188046088691372049e+01
1.188048918434212275e+01
1.188024278058552241e+01
1.188047846267511609e+01
1.188047023537115976e+01
1.188025246940401480e+01
1.188047898627891641e+01
1.188046821496784311e+01
1.188024680524026166e+01
1.188049241307775361e+01
1.188045674979605693e+01
1.188024574762984820e+01
1.188050734291488375e+01
1.188043735233963361e+01
1.188025791274808185e+01
1.188050598341241049e+01
1.188043496989540948e+01
1.188025397794334737e+01
1.188051883201160486e+01
1.188042127308534468e+01
1.188025704658297954e+01
1.188053048760222730e+01
1.188040222105207988e+01
1.188027133914441436e+01
1.188052698875560687e+01
1.188039991582904342e+01
1.188026909696383626e+01
1.188053872040198300e+01
1.188038467725002612e+01
1.188027607731405588e+01
1.188054661138309243e+01
1.188036677711431999e+01
1.188029201491606912e+01
1.188054083538660954e+01
1.188036499820373493e+01
1.188029130690415691e+01
1.188055101345534759e+01
1.188034894539218911e+01
1.188030181739853397e+01
1.188055481142538738e+01
1.188033297719153580e+01
1.188031880388440698e+01
1.188054675333325072e+01
1.188033215214556648e+01
1.188031936487963414e+01
1.188055506273875217e+01
1.188031601238383672e+01
1.188033287792776527e+01
1.188055461739765661e+01
1.188030269123122906e+01
1.188035022981724431e+01
1.188054441222447366e+01
1.188030319586518679e+01
1.188035170918656824e+01
1.188055067119668706e+01
1.188028765932473263e+01
1.188036757937350885e+01
1.188054601763680296e+01
1.188027759937440031e+01
1.188038455774098523e+01
1.188053393968328031e+01
1.188027973040569840e+01
1.188038654540181049e+01
1.188053810349626183e+01
1.188026541644443768e+01
1.188040404323973220e+01
1.188052946010790301e+01
1.188025909930876445e+01
1.188041988957489181e+01
1.188051591433319487e+01
1.188026305130321347e+01
1.188042194527994866e+01
1.188051807109835778e+01
1.188025047965474279e+01
1.188044029451559069e+01
1.188050582821660761e+01
1.188024822914420042e+01
1.188045426872109012e+01
1.188049133383062994e+01
1.188025407715056225e+01
1.188045595301620239e+01
1.188049169278946771e+01
1.188024364534440380e+01
1.188047436944612656e+01
1.188047639282258494e+01
1.188024560997558154e+01
1.188048578786941079e+01
1.188046155980493879e+01
1.188025329903669736e+01
1.188048669296367521e+01
1.188046043285481446e+01
1.188024526709780559e+01
1.188050442276077590e+01
1.188044274302041714e+01
1.188025141129695861e+01
1.188051269418240885e+01
1.188042824277391496e+01
1.188026075358742695e+01
1.188051247287831913e+01
1.188042602037519657e+01
1.188025523672927264e+01
1.188052882842613833e+01
1.188040669947152317e+01
1.188026534124262490e+01
1.188053348608063864e+01
1.188039323109860668e+01
1.188027602107902858e+01
1.188053187707329883e+01
1.188039035407701505e+01
1.188027299058389197e+01
1.188054626838809291e+01
1.188037021509065738e+01
1.188028666218012219e+01
1.188054699620262866e+01
1.188035846896748815e+01
1.188029824878676877e+01
1.188054384433722532e+01
1.188035539785207639e+01
1.188029754072428901e+01
1.188055580451074356e+01
1.188033526850890453e+01
1.188031423068401615e+01
1.188055245593666243e+01
1.188032588910378351e+01
1.188032619827603042e+01
1.188054772620649580e+01
1.188032307264372811e+01
1.188032752937467684e+01
1.188055692979072298e+01
1.188030375602795630e+01
1.188034655964971087e+01
1.188054953806851444e+01
1.188029730614681512e+01
1.188035831391947994e+01
1.188054332232867871e+01
1.188029515074422093e+01
1.188036130369815702e+01
1.188054959595223004e+01
1.188027738792159838e+01
1.188038189924666810e+01
1.188053837528580559e+01
1.188027431651018517e+01
1.188039280879838877e+01
1.188053089106942650e+01
1.188027315842111697e+01
1.188039700675349231e+01
1.188053421584734082e+01
1.188025759485090127e+01
1.188041833239098644e+01
1.188051955348648647e+01
1.188025821016886674e+01
1.188042776332720685e+01
1.188051113489398070e+01
1.188025829220952900e+01
1.188043267957739069e+01
1.188051164058934361e+01
1.188024544961994167e+01
1.188045387949619780e+01
1.188049408019543307e+01
1.188024989927602881e+01
1.188046123125108267e+01
1.188048516131801868e+01
1.188025135341493765e+01
1.188046636881997387e+01
1.188048311273969837e+01
1.188024160853171374e+01
1.188048660670505363e+01
1.188046332984358244e+01
1.188024986758931334e+01
1.188049134713365973e+01
1.188045442151862652e+01
1.188025270445062098e+01
1.188049623405975552e+01
1.188045019805654334e+01
1.188024627548324297e+01
1.188051473169850070e+01
1.188042896894214451e+01
1.188025814341827235e+01
1.188051642932721030e+01
1.188042063001967108e+01
1.188026224944945852e+01
1.188052064882307057e+01
1.188041469944782946e+01
1.188025919079843362e+01
1.188053672134319427e+01
1.188039286517308746e+01
1.188027429747191377e+01
1.188053507278577392e+01
1.188038566995890122e+01
1.188027944014375592e+01
1.188053828963824010e+01
1.188037855787932884e+01
1.188027964551128868e+01
1.188055137578293952e+01
1.188035698525516359e+01
1.188029746575165113e+01
1.188054622672956206e+01
1.188035148914456585e+01
1.188030330656175870e+01
1.188054820824564750e+01
1.188034374580919028e+01
1.188030652033268098e+01
1.188055789425490438e+01
1.188032328718685626e+01
1.188032639637510712e+01
1.188054925292488484e+01
1.188031999253743010e+01
1.188033251083566100e+01
1.188054988312973848e+01
1.188031215905959570e+01
1.188033834709084147e+01
1.188055591900440255e+01
1.188029361289191499e+01
1.188035951783658462e+01
1.188054396130944923e+01
1.188029293706007827e+01
1.188036542125192163e+01
1.188054324761400338e+01
1.188028551301166758e+01
1.188037338925452424e+01
1.188054555496923115e+01
1.188026958720870141e+01
1.188039502491678512e+01
1.188053062097492685e+01
1.188027183459184677e+01
1.188040020249625428e+01
1.188052869293135494e+01
1.188026524879744272e+01
1.188040973717700410e+01
1.188052736416643285e+01
1.188025252869925907e+01
1.188043097750615829e+01
1.188050994594655663e+01
1.188025786849029330e+01
1.188043491703698784e+01
1.188050704608176389e+01
1.188025245468919167e+01
1.188044541282704714e+01
1.188050233498373665e+01
1.188024337713553535e+01
1.188046540698240250e+01
1.188048305652552550e+01
1.188025182811879255e+01
1.188046763201452194e+01
1.188047952377635141e+01
1.188024780700035521e+01
1.188047847813762736e+01
1.188047182799647139e+01
1.188024264172338462e+01
1.188049642433102981e+01
1.188045141818905570e+01
1.188025406491272662e+01
1.188049652583747928e+01
1.188044766506403960e+01
1.188025153362450403e+01
1.188050714094575255e+01
1.188043750136906773e+01
1.188025037298837816e+01
1.188052232398455921e+01
1.188041676131151192e+01
1.188026447249125717e+01
1.188051998871893389e+01
1.188041324629399931e+01
1.188026340211627563e+01
1.188052985278919849e+01
1.188040122005070920e+01
1.188026615983593359e+01
1.188054167759377933e+01
1.188038098617760419e+01
1.188028249204121423e+01
1.188053671160516522e+01
1.188037818302315429e+01
1.188028273301141269e+01
1.188054539331946557e+01
1.188036495374829471e+01
1.188028915188695755e+01
1.188055341262139208e+01
1.188034605861194137e+01
1.188030714269465982e+01
1.188054575854321726e+01
1.188034442430171644e+01
1.188030843773561429e+01
1.188055293671145307e+01
1.188033066921700431e+01
1.188031810589390425e+01
1.188055687151369710e+01
1.188031390194999481e+01
1.188033707518123450e+01
1.188054661852360638e+01
1.188031384521545419e+01
1.188033907898296349e+01
1.188055209637040477e+01
1.188030022279375331e+01
1.188035145374518819e+01
1.188055184815284626e+01
1.188028629120900703e+01
1.188037064583016367e+01
1.188053923398927836e+01
1.188028814354070128e+01
1.188037295014334305e+01
1.188054294550928702e+01
1.188027525911745919e+01
1.188038738826676166e+01
1.188053859947263291e+01
1.188026475528774029e+01
1.188040600692407978e+01
1.188052400437582179e+01
1.188026874607565908e+01
1.188040816941349398e+01
1.188052601256021390e+01
1.188025712153670810e+01
1.188042396198754602e+01
1.188051783159574626e+01
1.188025049266885702e+01
1.188044120841293783e+01
1.188050176435358551e+01
1.188025672979551750e+01
1.188044278352343674e+01
1.188050225168514551e+01
1.188024677898948411e+01
1.188045919343880819e+01
1.188049066136881748e+01
1.188024430528938069e+01
1.188047430528792425e+01
1.188047373794212724e+01
1.188025276229576122e+01
1.188047487542445779e+01
1.188047298992665901e+01
1.188024477333107853e+01
1.188049117528085930e+01
1.188045855547269802e+01
1.188024655414905162e+01
1.188050346468048524e+01
1.188044147112769977e+01
1.188025706488527078e+01
1.188050266996093818e+01
1.188043985387906254e+01
1.188025119008874064e+01
1.188051817841294167e+01
1.188042325040019342e+01
1.188025713907111047e+01
1.188052706687942539e+01
1.188040674675882080e+01
1.188026940032360024e+01
1.188052463168228456e+01
1.188040467998490612e+01
1.188026565429421311e+01
1.188053874631894935e+01
1.188038665765326662e+01
1.188027550379342756e+01
1.188054379474812094e+01
1.188037148634489526e+01
1.188028908584282739e+01
1.188053954946640722e+01
1.188036941341505859e+01
1.188028735154191118e+01
1.188055177443782640e+01
1.188035075940435448e+01
1.188030066613288049e+01
1.188055270653314111e+01
1.188033764410638504e+01
1.188031503079129791e+01
1.188054660331222756e+01
1.188033600099061182e+01
1.188031507304324208e+01
1.188055657026908385e+01
1.188031750035849043e+01
1.188033127146556822e+01
1.188055328797933896e+01
1.188030709916594851e+01
1.188034579686409486e+01
1.188054540951900329e+01
1.188030628394520427e+01
1.188034728226016590e+01
1.188055289098167222e+01
1.188028868164212426e+01
1.188036566649795134e+01
1.188054548094736163e+01
1.188028155189307533e+01
1.188037967752450719e+01
1.188053604166771215e+01
1.188028189648838584e+01
1.188038219955343422e+01
1.188054095641551910e+01
1.188026586243318583e+01
1.188040198934618985e+01
1.188052968707172674e+01
1.188026243007842986e+01
1.188041479215012863e+01
1.188051902630233769e+01
1.188026417587614425e+01
1.188041790018611188e+01
1.188052143668370420e+01
1.188025027476373374e+01
1.188043827111733997e+01
1.188050674626285641e+01
1.188025081002830596e+01
1.188044918975218600e+01
1.188049531367170353e+01
1.188025408895714286e+01
1.188045242023031278e+01
1.188049541508322449e+01
1.188024275627001458e+01
1.188047254345194403e+01
1.188047789116412289e+01
1.188024735693793943e+01
1.188048095664986903e+01
1.188046622516181117e+01
1.188025217917294540e+01
1.188048386456501504e+01
1.188046432842982725e+01
1.188024370457595502e+01
1.188050294607169199e+01
1.188044468005927001e+01
1.188025228789032539e+01
1.188050832215717634e+01
1.188043338024136020e+01
1.188025853692525402e+01
1.188051051108436340e+01
1.188042988806553879e+01
1.188025305571973966e+01
1.188052782843695176e+01
1.188040891195780979e+01
1.188026535948171869e+01
1.188052975636064446e+01
1.188039860693869443e+01
1.188027279499640620e+01
1.188053090534757139e+01
1.188039398576058758e+01
1.188027028779243999e+01
1.188054584001665148e+01
1.188037252847399294e+01
1.188028588063514768e+01
1.188054405458827212e+01
1.188036384086809250e+01
1.188029414925004978e+01
1.188054394034104888e+01
1.188035858965373848e+01
1.188029444968589488e+01
1.188055600422967295e+01
1.188033750775136532e+01
1.188031274987354990e+01
1.188055040403032336e+01
1.188033101840092165e+01
1.188032140335266718e+01
1.188054891693163206e+01
1.188032563606426706e+01
1.188032421343025824e+01
1.188055777191026507e+01
1.188030575620127749e+01
1.188034451512959500e+01
1.188054842892482910e+01
1.188030196979270237e+01
1.188035303499814255e+01
1.188054558179916320e+01
1.188029692321597963e+01
1.188035794719527338e+01
1.188055105131498301e+01
1.188027900408490467e+01
1.188037945291917552e+01
1.188053821177943448e+01
1.188027831810176060e+01
1.188038728006400113e+01
1.188053414086504489e+01
1.188027401268306527e+01
1.188039380490088703e+01
1.188053621308946362e+01
1.188025871074515116e+01
1.188041566251541248e+01
1.188052028940903959e+01
1.188026138951642352e+01
1.188042223012501886e+01
1.188051524745335819e+01
1.188025814392288027e+01
1.188042982756055821e+01
1.188051406996740411e+01
1.188024598463770687e+01
1.188045116991085770e+01
1.188049562403635484e+01
1.188025214005949159e+01
1.188045593788647025e+01
1.188048996578701555e+01
1.188025016662596656e+01
1.188046405081850487e+01
1.188048583223134713e+01
1.188024152247874987e+01
1.188048403591075441e+01
1.188046555106026858e+01
1.188025110261186512e+01
1.188048652464776112e+01
1.188045971188299710e+01
1.188025049463212213e+01
1.188049461268000506e+01
1.188045304128113600e+01
1.188024557089816113e+01
1.188051246248783777e+01
1.188043170625982015e+01
1.188025835706619660e+01
1.188051228392978942e+01
1.188042617518915023e+01
1.188025908385936802e+01
1.188051985540730371e+01
1.188041748500206296e+01
1.188025791280740862e+01
1.188053489151284836e+01
1.188039593630899660e+01
1.188027352529836023e+01
1.188053177568225038e+01
1.188039122526106972e+01
1.188027543533755370e+01
1.188053841602029692e+01
1.188038109970985090e+01
1.188027787923923029e+01
1.188055009034217058e+01
1.188036019753118211e+01
1.188029579137670666e+01
1.188054390591292631e+01
1.188035680853587017e+01
1.188029862317943319e+01
1.188054930056501313e+01
1.188034586409717264e+01
1.188030438594329752e+01
1.188055721956576960e+01
1.188032644856186870e+01
1.188032394595648356e+01
1.188054798729503503e+01
1.188032484088454410e+01
1.188032734603672580e+01
1.188055193812217603e+01
1.188031369094679590e+01
1.188033599272749719e+01
1.188055587927262735e+01
1.188029654283906211e+01
1.188035645237362026e+01
1.188054377740595413e+01
1.188029710192304123e+01
1.188035999921060792e+01
1.188054621153587576e+01
1.188028632254216177e+01
1.188037098234802968e+01
1.188054613128095305e+01
1.188027212674587219e+01
1.188039153080147869e+01
1.188053149254247742e+01
1.188027513687782744e+01
1.188039476334605204e+01
1.188053246316883005e+01
1.188026523557048897e+01
1.188040745459591285e+01
1.188052849599406180e+01
1.188025454897467270e+01
1.188042725592202764e+01
1.188051179632378584e+01
1.188026017128110112e+01
1.188042970479082250e+01
1.188051147546150688e+01
1.188025156072415278e+01
1.188044343029011074e+01
1.188050392400375443e+01
1.188024478618421931e+01
1.188046166276608595e+01
1.188048576357613229e+01
1.188025304313459252e+01
1.188046288219362800e+01
1.188048442742130284e+01
1.188024602129128837e+01
1.188047695940986515e+01
1.188047374409775614e+01
1.188024338910821243e+01
1.188049285481607598e+01
1.188045482141009934e+01
1.188025415637725146e+01
1.188049245356796391e+01
1.188045282937732239e+01
1.188024889402690576e+01
1.188050622752854224e+01
1.188043959062888355e+01
1.188025045203791663e+01
1.188051910836357017e+01
1.188042067080493247e+01
1.188026345833523756e+01
1.188051677790577365e+01
1.188041843953487842e+01
1.188025999450966097e+01
1.188052965482338053e+01
1.188040331421432683e+01
1.188026560730654602e+01
1.188053896744054505e+01
1.188038519310297936e+01
1.188028044239105618e+01
1.188053450569868019e+01
1.188038316696838592e+01
1.188027868785603403e+01
1.188054598222041136e+01
1.188036688060982904e+01
1.188028804512291714e+01
1.188055132416641690e+01
1.188035034652289212e+01
1.188030417567548014e+01
1.188054465341856769e+01
1.188034896643906357e+01
1.188030392414465908e+01
1.188055433989258702e+01
1.188033226333314829e+01
1.188031655771301764e+01
1.188055548002590101e+01
1.188031805830388166e+01
1.188033335029481918e+01
1.188054665789848841e+01
1.188031773074629882e+01
1.188033429650365846e+01
1.188055429439291011e+01
1.188030133596986815e+01
1.188034960527253681e+01
1.188055118459827142e+01
1.188029011844096949e+01
1.188036635534271390e+01
1.188054040754408902e+01
1.188029118641523141e+01
1.188036811868824572e+01
1.188054587192865874e+01
1.188027577000059765e+01
1.188038539999311993e+01
1.188053864962585138e+01
1.188026808095583320e+01
1.188040136569825300e+01
1.188052624853379946e+01
1.188027079847307022e+01
1.188040351799508620e+01
1.188052955649930631e+01
1.188025694363093621e+01
1.188042200356522926e+01
1.188051853776821609e+01
1.188025317815234239e+01
1.188043644262166154e+01
1.188050496566601133e+01
1.188025768968239504e+01
1.188043853844252418e+01
1.188050626292253931e+01
1.188024586661259541e+01
1.188045743293971412e+01
1.188049192670818144e+01
1.188024625250525013e+01
1.188046964060205823e+01
1.188047773902114201e+01
1.188025257873898610e+01
1.188047124848479896e+01
1.188047728622226806e+01
1.188024312527351611e+01
1.188048976861492889e+01
1.188046025052079813e+01
1.188024770991537160e+01
1.188049911466371533e+01
1.188044607887386128e+01
1.188025574078368152e+01
1.188049984731873288e+01
1.188044423023597140e+01
1.188024885079996729e+01
1.188051725945963355e+01
1.188042522149294555e+01
1.188025749696862299e+01
1.188052322224340074e+01
1.188041174236891173e+01
1.188026699237279971e+01
1.188052276399340812e+01
1.188040891937117749e+01
1.188026271241859178e+01
1.188053841829533930e+01
1.188038873673065510e+01
1.188027510345338023e+01
1.188054061393039795e+01
1.188037663650492703e+01
1.188028570179204380e+01
1.188053874387112785e+01
1.188037329824721766e+01
1.188028393579424247e+01
1.188055210306882081e+01
1.188035277467703033e+01
1.188029958988686197e+01
1.188055030801175782e+01
1.188034271284115206e+01
1.188031082416813078e+01
1.188054691756999759e+01
1.188033932466481701e+01
1.188031134570893776e+01
1.188055757921788214e+01
1.188031928710338114e+01
1.188032963846749368e+01
1.188055174480367526e+01
1.188031185979791005e+01
1.188034095935282686e+01
1.188054684851591247e+01
1.188030886187003965e+01
1.188034343077046273e+01
1.188055455974992114e+01
1.188029009240867673e+01
1.188036362474303331e+01
1.188054481788861949e+01
1.188028579844124621e+01
1.188037442930800225e+01
1.188053855656200675e+01
1.188028357615629460e+01
1.188037842657741194e+01
1.188054322076361657e+01
1.188026677613357052e+01
1.188039970619186647e+01
1.188052988053154735e+01
1.188026598742228579e+01
1.188040937077482617e+01
1.188052251649471103e+01
1.188026484543812167e+01
1.188041441271069054e+01
1.188052419159978790e+01
1.188025060424012302e+01
1.188043592287043460e+01
1.188050772685506651e+01
1.188025354233094610e+01
1.188044383820386685e+01
1.188049963151072141e+01
1.188025368375993374e+01
1.188044941824397327e+01
1.188049852022893482e+01
1.188024245389071787e+01
1.188047030454608510e+01
1.188047954881391455e+01
1.188024917395760305e+01
1.188047591123972602e+01
1.188047118305561867e+01
1.188025068589979227e+01
1.188048153002497287e+01
1.188046761572307020e+01
1.188024276543178814e+01
1.188050097845691688e+01
1.188044687137148436e+01
1.188025314880265526e+01
1.188050380073692480e+01
1.188043875980298480e+01
1.188025599516777753e+01
1.188050899771966051e+01
1.188043317085178785e+01
1.188025151822395387e+01
1.188052627186781685e+01
1.188041146937625747e+01
1.188026527388526077e+01
1.188052594747464319e+01
1.188040416978293834e+01
1.188026929612853522e+01
1.188053032972272405e+01
1.188039706904874748e+01
1.188026823175359681e+01
1.188054480379385325e+01
1.188037527056957643e+01
1.188028490668253312e+01
1.188054110825695808e+01
1.188036934052658289e+01
1.188028983252571891e+01
1.188054437464927560e+01
1.188036128098376132e+01
1.188029199201579189e+01
1.188055556076461095e+01
1.188034025001604554e+01
1.188031098978671274e+01
1.188054842472891082e+01
1.188033621265232753e+01
1.188031644938037701e+01
1.188055038405035191e+01
1.188032775650248674e+01
1.188032150166529988e+01
1.188055795243673352e+01
1.188030832184675134e+01
1.188034210847143868e+01
1.188054747107355347e+01
1.188030663271914023e+01
1.188034765702200168e+01
1.188054805299061201e+01
1.188029831782756673e+01
1.188035515115069884e+01
1.188055184406961651e+01
1.188028123431433869e+01
1.188037656797451902e+01
1.188053827792585970e+01
1.188028225130237026e+01
1.188038171356263462e+01
1.188053753621798059e+01
1.188027455984603975e+01
1.188039110697817868e+01
1.188053756410381467e+01
1.188026047385279860e+01
1.188041248621969181e+01
1.188052133122771536e+01
1.188026443191597714e+01
1.188041672118448133e+01
1.188051943899840701e+01
1.188025776300409042e+01
1.188042741227220489e+01
1.188051588632146860e+01
1.188024718334772523e+01
1.188044789694832026e+01
1.188049754609404651e+01
1.188025417568458941e+01
1.188045073086422221e+01
1.188049478319394758e+01
1.188024882361685819e+01
1.188046209400449449e+01
1.188048798747732349e+01
1.188024209917227836e+01
1.188048085765693074e+01
1.188046821701466982e+01
1.188025206581529858e+01
1.188048184983737698e+01
1.188046495054111773e+01
1.188024820532575276e+01
1.188049327090579510e+01
1.188045538278902491e+01
1.188024551055096367e+01
1.188050955635573658e+01
1.188043494701828173e+01
1.188025823498784739e+01
1.188050834600696248e+01
1.188043160622887306e+01
1.188025591425998506e+01
1.188051925619084592e+01
1.188041984295454156e+01
1.188025724348236523e+01
1.188053241119597203e+01
1.188039955972368844e+01
1.188027235759408740e+01
1.188052874356458410e+01
1.188039660691121213e+01
1.188027149928353055e+01
1.188053864958515859e+01
1.188038329727433684e+01
1.188027667004423193e+01
1.188054815751166515e+01
1.188036399921285380e+01
1.188029366728897962e+01
1.188054190450320924e+01
1.188036189823243838e+01
1.188029407739116472e+01
1.188055041362925479e+01
1.188034772813510642e+01
1.188030274258489172e+01
1.188055591756491935e+01
1.188033022322772325e+01
1.188032099883512061e+01
1.188054709154052802e+01
1.188032940756626132e+01
1.188032238283074271e+01
1.188055393000985660e+01
1.188031506264520409e+01
1.188033405098423501e+01
1.188055524912656757e+01
1.188030009547174082e+01
1.188035285194831303e+01
1.188054400904244190e+01
1.188030093782823293e+01
1.188035483713785467e+01
1.188054903283337005e+01
1.188028706742531782e+01
1.188036889980291022e+01
1.188054617009816916e+01
1.188027528292499646e+01
1.188038747371459358e+01
1.188053281965497909e+01
1.188027806807359710e+01
1.188038963620761201e+01
1.188053601711590801e+01
1.188026525230126396e+01
1.188040540095906650e+01
1.188052915778985508e+01
1.188025716391901909e+01
1.188042295505809065e+01
1.188051413559898783e+01
1.188026206631306536e+01
1.188042484972095458e+01
1.188051562207177447e+01
1.188025078806212065e+01
1.188044157680818458e+01
1.188050512300169359e+01
1.188024675208868786e+01
1.188045733586294617e+01
1.188048898505460649e+01
1.188025381945605830e+01
1.188045852753715970e+01
1.188048899005876002e+01
1.188024444273759528e+01
1.188047546807928612e+01
1.188047536042058816e+01
1.188024464033613548e+01
1.188048871291981534e+01
1.188045875557299169e+01
1.188025378433715673e+01
1.188048880716516820e+01
1.188045760339818280e+01
1.188024653996114921e+01
1.188050524084501447e+01
1.188044147802146533e+01
1.188025096784900470e+01
1.188051534482568883e+01
1.188042511770468401e+01
1.188026196249535538e+01
1.188051401636008464e+01
1.188042320260261953e+01
1.188025694175617453e+01
1.188052928662875729e+01
1.188040530929617411e+01
1.188026541203938535e+01
1.188053574811219981e+01
1.188038993299420021e+01
1.188027790004518991e+01
1.188053276524468060e+01
1.188038769054346844e+01
1.188027505661286298e+01
1.188054631010478701e+01
1.188036881316078563e+01
1.188028720588271625e+01
1.188054877922922437e+01
1.188035515132952824e+01
1.188030071269180787e+01
1.188054402291923672e+01
1.188035302773404922e+01
1.188029987231780282e+01
1.188055539963357887e+01
1.188033396706711109e+01
1.188031517961696082e+01
1.188055369777246106e+01
1.188032270334006313e+01
1.188032913457291251e+01
1.188054717425766960e+01
1.188032112437578114e+01
1.188033001177218928e+01
1.188055607685130255e+01
1.188030265910112959e+01
1.188034782440686143e+01
1.188055020751700752e+01
1.188029439386450292e+01
1.188036158818885468e+01
1.188054205365394900e+01
1.188029373514066300e+01
1.188036380884377508e+01
1.188054832257849647e+01
1.188027658487366089e+01
1.188038337451691540e+01
1.188053847312299638e+01
1.188027180235615887e+01
1.188039627147406918e+01
1.188052895388682728e+01
1.188027236260652586e+01
1.188039940010750506e+01
1.188053257755003678e+01
1.188025715486771716e+01
1.188041990361806377e+01
1.188051911162671992e+01
1.188025619563841317e+01
1.188043125722287030e+01
1.188050860973272371e+01
1.188025817469958589e+01
1.188043482737185563e+01
1.188050971793254362e+01
1.188024541741909346e+01
1.188045542999313753e+01
1.188049315911900372e+01
1.188024845780951999e+01
1.188046459947998201e+01
1.188048215726112566e+01
1.188025194062410250e+01
1.188046814534899021e+01
1.188048100704779309e+01
1.188024200156220189e+01
1.188048802481029398e+01
1.188046201441980187e+01
1.188024904121741443e+01
1.188049444103399566e+01
1.188045107097740960e+01
1.188025398878428618e+01
1.188049752860800545e+01
1.188044802593810090e+01
1.188024708277716002e+01
1.188051591751074021e+01
1.188042736288979739e+01
1.188025794118408207e+01
1.188051911598541999e+01
1.188041708224923809e+01
1.188026418907397996e+01
1.188052137191469981e+01
1.188041258646608433e+01
1.188026037347836628e+01
1.188053759261191900e+01
1.188039108454366222e+01
1.188027469575017747e+01
1.188053724169870584e+01
1.188038208359713721e+01
1.188028196051534024e+01
1.188053837832221582e+01
1.188037663166822533e+01
1.188028113885918735e+01
1.188055187266061274e+01
1.188035515138707510e+01
1.188029841040138734e+01
1.188054779517773341e+01
1.188034802418799352e+01
1.188030630372332652e+01
1.188054763010892678e+01
1.188034212893716202e+01
1.188030823731052443e+01
1.188055798271666141e+01
1.188032151953690807e+01
1.188032780652281239e+01
1.188055016976472444e+01
1.188031680223942921e+01
1.188033585633505496e+01
1.188054863875356659e+01
1.188031096201453529e+01
1.188034018316532325e+01
1.188055559276769202e+01
1.188029202211077262e+01
1.188036129104220784e+01
1.188054420902296116e+01
1.188029016020160888e+01
1.188036896840441159e+01
1.188054137130797727e+01
1.188028482771618144e+01
1.188037522827073111e+01
1.188054483579339404e+01
1.188026826884327569e+01
1.188039704343436398e+01
1.188053021587939995e+01
1.188026958852383430e+01
1.188040379367215671e+01
1.188052625170110232e+01
1.188026514300478276e+01
1.188041145794007925e+01
1.188052630053774017e+01
1.188025155789250320e+01
1.188043311525576584e+01
1.188050893654346929e+01
1.188025624334436614e+01
1.188043839162303605e+01
1.188050413683867745e+01
1.188025296753920657e+01
1.188044689605557025e+01
1.188050099930990555e+01
1.188024280458817472e+01
1.188046753678221279e+01
1.188048152012008174e+01
1.188025088255503547e+01
1.188047083460689812e+01
1.188047626885344599e+01
1.188024894600776804e+01
1.188047961347467307e+01
1.188047031246369478e+01
1.188024249106061703e+01
1.188049842498004693e+01
1.188044945605992275e+01
1.188025382363878180e+01
1.188049931415133642e+01
1.188044420624132158e+01
1.188025327336028703e+01
1.188050783366591290e+01
1.188043591261996212e+01
1.188025063963248051e+01
1.188052408687115680e+01
1.188041449275526418e+01
1.188026492561476211e+01
1.188052224074122343e+01
1.188040973769515851e+01
1.188026568473004296e+01
1.188053002977828854e+01
1.188039967292274213e+01
1.188026681147572816e+01
1.188054311252610518e+01
1.188037854173848196e+01
1.188028359622047425e+01
1.188053833162963713e+01
1.188037478331008856e+01
1.188028547057391471e+01
1.188054500793665014e+01
1.188036356443050678e+01
1.188029013055268379e+01
1.188055445256093989e+01
1.188034357284087150e+01
1.188030882401104193e+01
1.188054668179608520e+01
1.188034128858113370e+01
1.188031151627160398e+01
1.188055197225117610e+01
1.188032954822485543e+01
1.188031933151052399e+01
1.188055747594979650e+01
1.188031150610360243e+01
1.188033923356782751e+01
1.188054681412227964e+01
1.188031111708800935e+01
1.188034236401364296e+01
1.188055056791580988e+01
1.188029946813071547e+01
1.188035282895832800e+01
1.188055200497784902e+01
1.188028410629359932e+01
1.188037316076045791e+01
1.188053870607405926e+01
1.188028594776769253e+01
1.188037629346565716e+01
1.188054090000133201e+01
1.188027494999170841e+01
1.188038880432274880e+01
1.188053832529499942e+01
1.188026288576902267e+01
1.188040874400185487e+01
1.188052279141956902e+01
1.188026718230549861e+01
1.188041141670445100e+01
1.188052352700026404e+01
1.188025731304541210e+01
1.188042530539900632e+01
1.188051717043973277e+01
1.188024902111425973e+01
1.188044402653522802e+01
1.188049993677228144e+01
1.188025586765881592e+01
1.188044578228505621e+01
1.188049942956659955e+01
1.188024749816295511e+01
1.188046035305053927e+01
1.188048968176148357e+01
1.188024328822499420e+01
1.188047706406842785e+01
1.188047139415517428e+01
1.188025263805515053e+01
1.188047748282576244e+01
1.188046995614162959e+01
1.188024601679846981e+01
1.188049204927346736e+01
1.188045734605961101e+01
1.188024601939909530e+01
1.188050603176432851e+01
1.188043873224459901e+01
1.188025767978177072e+01
1.188050476019166624e+01
1.188043674839734010e+01
1.188025292348464035e+01
1.188051868081387141e+01
1.188042191436450778e+01
1.188025708473809772e+01
1.188052932474075085e+01
1.188040375016615435e+01
1.188027072071489343e+01
1.188052610243464002e+01
1.188040165063041798e+01
1.188026781345217131e+01
1.188053881265493494e+01
1.188038530625643574e+01
1.188027589891022373e+01
1.188054564661722701e+01
1.188036837855862693e+01
1.188029104510586720e+01
1.188054032717521835e+01
1.188036660814594647e+01
1.188028984545312028e+01
1.188055136617719043e+01
1.188034950498408726e+01
1.188030145296030859e+01
1.188055408118322021e+01
1.188033457325397713e+01
1.188031753283108571e+01
1.188054664689055961e+01
1.188033356015872144e+01
1.188031778841770247e+01
1.188055567772446963e+01
1.188031644919391816e+01
1.188033236936708903e+01
1.188055414312291980e+01
1.188030420742679105e+01
1.188034872102812400e+01
1.188054471246515575e+01
1.188030433297275756e+01
1.188035008937431947e+01
1.188055153446627976e+01
1.188028792717229187e+01
1.188036697720280443e+01
1.188054580499678003e+01
1.188027896825330565e+01
1.188038288472508164e+01
1.188053463248410146e+01
1.188028053929924432e+01
1.188038495901274416e+01
1.188053918562365574e+01
1.188026547928391707e+01
1.188040340325570554e+01
1.188052949911386591e+01
1.188026026381576017e+01
1.188041813193467533e+01
1.188051696718038031e+01
1.188026348937182242e+01
1.188042047025297343e+01
1.188051932837875668e+01
1.188025031392196595e+01
1.188043967423422309e+01
1.188050609426465343e+01
1.188024914531995968e+01
1.188045250794917251e+01
1.188049269746876035e+01
1.188025411883044669e+01
1.188045466435552200e+01
1.188049306921799797e+01
1.188024324165911594e+01
1.188047382452743861e+01
1.188047684854369379e+01
1.188024624887666292e+01
1.188048410316910086e+01
1.188046317083072623e+01
1.188025293729792331e+01
1.188048565870645845e+01
1.188046186289871287e+01
1.188024463124777874e+01
1.188050400356458880e+01
1.188044334080696451e+01
1.188025176010686756e+01
1.188051115855882145e+01
1.188043002696163697e+01
1.188026000043373998e+01
1.188051175040135554e+01
1.188042743241265065e+01
1.188025438979211401e+01
1.188052857683896057e+01
1.188040738456798451e+01
1.188026540353780014e+01
1.188053216282489899e+01
1.188039510720987479e+01
1.188027490705536771e+01
1.188053150995249219e+01
1.188039167423715092e+01
1.188027196809808750e+01
1.188054621512067044e+01
1.188037092908096071e+01
1.188028645727254684e+01
1.188054593588161190e+01
1.188036035285647429e+01
1.188029682153448441e+01
1.188054385986882977e+01
1.188035655398457280e+01
1.188029639096768619e+01
1.188055596704718120e+01
1.188033595294661993e+01
1.188031379203584237e+01
1.188055169407300582e+01
1.188032769793363208e+01
1.188032452017049856e+01
1.188054813369101126e+01
1.188032399824379226e+01
1.188032631088502100e+01
1.188055731108145352e+01
1.188030435597554657e+01
1.188034593251262905e+01
1.188054909368625189e+01
1.188029896247534190e+01
1.188035645889616987e+01
1.188054411228128338e+01
1.188029578868740899e+01
1.188036008215499884e+01
1.188055018391368201e+01
1.188027785526832858e+01
1.188038113774480209e+01
1.188053825037952294e+01
1.188027575201032349e+01
1.188039085860735433e+01
1.188053203548835235e+01
1.188027346428923714e+01
1.188039585136126952e+01
1.188053498376598682e+01
1.188025789130305299e+01
1.188041749620246890e+01
1.188051973338897938e+01
1.188025936883956213e+01
1.188042580349329391e+01
1.188051258855901438e+01
1.188025823696144379e+01
1.188043165917956046e+01
1.188051254848434723e+01
1.188024554916763442e+01
1.188045303024858512e+01
1.188049453482479834e+01
1.188025074003904002e+01
1.188045934692413930e+01
1.188048686396657416e+01
1.188025092524281412e+01
1.188046554800806298e+01
1.188048410958187873e+01
1.188024149915553096e+01
1.188048580426600154e+01
1.188046401579131484e+01
1.188025036611054652e+01
1.188048961894929612e+01
1.188045630075375669e+01
1.188025190974793688e+01
1.188049566946778235e+01
1.188045122462929370e+01
1.188024595996636279e+01
1.188051403060464040e+01
1.188042983225832572e+01
1.188025829298027780e+01
1.188051492946376442e+01
1.188042260483400625e+01
1.188026111281965491e+01
1.188052038574367231e+01
1.188041569167085854e+01
1.188025868663952167e+01
1.188053616756930175e+01
1.188039384462939196e+01
1.188027410885101887e+01
1.188053386147875479e+01
1.188038765470203728e+01
1.188027800339534323e+01
1.188053835915673950e+01
1.188037945047953947e+01
1.188027898396385140e+01
1.188055100399670572e+01
1.188035801591491669e+01
1.188029696619740250e+01
1.188054534945692708e+01
1.188035339769439069e+01
1.188030162675720014e+01
1.188054862514674070e+01
1.188034447617382128e+01
1.188030574459217448e+01
1.188055772573036251e+01
1.188032430417496421e+01
1.188032562780288437e+01
1.188054873837127801e+01
1.188032174246643002e+01
1.188033065758592244e+01
1.188055064474708544e+01
1.188031267101101029e+01
1.188033750972608793e+01
1.188055596039659356e+01
1.188029455519829014e+01
1.188035853428722355e+01
1.188054382018829536e+01
1.188029445365010339e+01
1.188036347343720855e+01
1.188054433363290485e+01
1.188028576024632166e+01
1.188037254908230977e+01
1.188054579805460875e+01
1.188027040124383582e+01
1.188039388936705976e+01
1.188053084580152507e+01
1.188027305451801396e+01
1.188039824450967608e+01
1.188053006608884488e+01
1.188026519781433343e+01
1.188040895578119560e+01
1.188052778648938101e+01
1.188025317132135328e+01
1.188042975822020964e+01
1.188051051178827677e+01
1.188025874291344941e+01
1.188043303466356981e+01
1.188050865373883447e+01
1.188025208706100955e+01
1.188044475085948193e+01
1.188050290129307740e+01
1.188024381798673090e+01
