1.188024147592624047e+01
1.188024148767175348e+01
1.188024152278565282e+01
1.188024158090128601e+01
1.188024166141197213e+01
1.188024176347743932e+01
1.188024188603286646e+01
1.188024202780024297e+01
1.188024218730204318e+01
1.188024236287697200e+01
1.188024255269767693e+01
1.188024275479018499e+01
1.188024296705486194e+01
1.188024318728866824e+01
1.188024341320847022e+01
1.188024364247511322e+01
1.188024387271809346e+01
1.188024410156044652e+01
1.188024432664367502e+01
1.188024454565240084e+01
1.188024475633856802e+01
1.188024495654479651e+01
1.188024514422684419e+01
1.188024531747476153e+01
1.188024547453266067e+01
1.188024561381684130e+01
1.188024573393212080e+01
1.188024583368616049e+01
1.188024591210174030e+01
1.188024596842675606e+01
1.188024600214194315e+01
1.188024601296615401e+01
1.188024600085925186e+01
1.188024596602250327e+01
1.188024590889647492e+01
1.188024583015653235e+01
1.188024573070588730e+01
1.188024561166632154e+01
1.188024547436665301e+01
1.188024532032905434e+01
1.188024515125338709e+01
1.188024496899965143e+01
1.188024477556877301e+01
1.188024457308188886e+01
1.188024436375832593e+01
1.188024414989257949e+01
1.188024393383036958e+01
1.188024371794417533e+01
1.188024350460840850e+01
1.188024329617449659e+01
1.188024309494620212e+01
1.188024290315530607e+01
1.188024272293806405e+01
1.188024255631260395e+01
1.188024240515750662e+01
1.188024227119184850e+01
1.188024215595689093e+01
1.188024206079965417e+01
1.188024198685850230e+01
1.188024193505096981e+01
1.188024190606392239e+01
1.188024190034614946e+01
1.188024191810357522e+01
1.188024195929697768e+01
1.188024202364241155e+01
1.188024211061418711e+01
1.188024221945050840e+01
1.188024234916156630e+01
1.188024249854013448e+01
1.188024266617444269e+01
1.188024285046322603e+01
1.188024304963281885e+01
1.188024326175599477e+01
1.188024348477247116e+01
1.188024371651077971e+01
1.188024395471125061e+01
1.188024419704992418e+01
1.188024444116305212e+01
1.188024468467200379e+01
1.188024492520824182e+01
1.188024516043814671e+01
1.188024538808742747e+01
1.188024560596483248e+01
1.188024581198497032e+01
1.188024600418994048e+01
1.188024618076963179e+01
1.188024634008043989e+01
1.188024648066216393e+01
1.188024660125309673e+01
1.188024670080293355e+01
1.188024677848354393e+01
1.188024683369744139e+01
1.188024686608386205e+01
1.188024687552241510e+01
1.188024686213427294e+01
1.188024682628087625e+01
1.188024676856019468e+01
1.188024668980053988e+01
1.188024659105203895e+01
1.188024647357581109e+01
1.188024633883098957e+01
1.188024618845966707e+01
1.188024602426998122e+01
1.188024584821740071e+01
1.188024566238455826e+01
1.188024546895963418e+01
1.188024527021365628e+01
1.188024506847689921e+01
1.188024486611460162e+01
1.188024466550223757e+01
1.188024446900068831e+01
1.188024427893147639e+01
1.188024409755230693e+01
1.188024392703333554e+01
1.188024376943420002e+01
1.188024362668221201e+01
1.188024350055191292e+01
1.188024339264620544e+01
1.188024330437923481e+01
1.188024323696131646e+01
1.188024319138595608e+01
1.188024316841917027e+01
1.188024316859127616e+01
1.188024319219112002e+01
1.188024323926295800e+01
1.188024330960588770e+01
1.188024340277596025e+01
1.188024351809086987e+01
1.188024365463720855e+01
1.188024381128017204e+01
1.188024398667569415e+01
1.188024417928471266e+01
1.188024438738961486e+01
1.188024460911249314e+01
1.188024484243512724e+01
1.188024508522042311e+01
1.188024533523506499e+01
1.188024559017318360e+01
1.188024584768070646e+01
1.188024610538020376e+01
1.188024636089589414e+01
1.188024661187862208e+01
1.188024685603044439e+01
1.188024709112866262e+01
1.188024731504899911e+01
1.188024752578769672e+01
1.188024772148229147e+01
1.188024790043092516e+01
1.188024806110986376e+01
1.188024820218923061e+01
1.188024832254663998e+01
1.188024842127870784e+01
1.188024849771026936e+01
1.188024855140121971e+01
1.188024858215099400e+01
1.188024859000051592e+01
1.188024857523170397e+01
1.188024853836451733e+01
1.188024848015153978e+01
1.188024840157018858e+01
1.188024830381262298e+01
1.188024818827346074e+01
1.188024805653536120e+01
1.188024791035271299e+01
1.188024775163352764e+01
1.188024758241970602e+01
1.188024740486589792e+01
1.188024722121719989e+01
1.188024703378582103e+01
1.188024684492702754e+01
1.188024665701461657e+01
1.188024647241610054e+01
1.188024629346792693e+01
1.188024612245095213e+01
1.188024596156646773e+01
1.188024581291295689e+01
1.188024567846395385e+01
1.188024556004709353e+01
1.188024545932471554e+01
1.188024537777616452e+01
1.188024531668198414e+01
1.188024527711022493e+01
1.188024525990496016e+01
1.188024526567720152e+01
1.188024529479827862e+01
1.188024534739578186e+01
1.188024542335209688e+01
1.188024552230556985e+01
1.188024564365430535e+01
1.188024578656251151e+01
1.188024594996936933e+01
1.188024613260031792e+01
1.188024633298059740e+01
1.188024654945096081e+01
1.188024678018532754e+01
1.188024702321020598e+01
1.188024727642567235e+01
1.188024753762764973e+01
1.188024780453127605e+01
1.188024807479510336e+01
1.188024834604581947e+01
1.188024861590326609e+01
1.188024888200551210e+01
1.188024914203361604e+01
1.188024939373595856e+01
1.188024963495171349e+01
1.188024986363341995e+01
1.188025007786824361e+01
1.188025027589780436e+01
1.188025045613637154e+01
1.188025061718719400e+01
1.188025075785687790e+01
1.188025087716759920e+01
1.188025097436709743e+01
1.188025104893630868e+01
1.188025110059458633e+01
1.188025112930249705e+01
1.188025113526209608e+01
1.188025111891476904e+01
1.188025108093656357e+01
1.188025102223120122e+01
1.188025094392065917e+01
1.188025084733361858e+01
1.188025073399168896e+01
1.188025060559373003e+01
1.188025046399828888e+01
1.188025031120439046e+01
1.188025014933088386e+01
1.188024998059447768e+01
1.188024980728675928e+01
1.188024963175040050e+01
1.188024945635478424e+01
1.188024928347127940e+01
1.188024911544848017e+01
1.188024895458761065e+01
1.188024880311835219e+01
1.188024866317539185e+01
1.188024853677590009e+01
1.188024842579820017e+01
1.188024833196184105e+01
1.188024825680931151e+01
1.188024820168960716e+01
1.188024816774378678e+01
1.188024815589272798e+01
1.188024816682721863e+01
1.188024820100046242e+01
1.188024825862311218e+01
1.188024833966091265e+01
1.188024844383494383e+01
1.188024857062447559e+01
1.188024871927243353e+01
1.188024888879339436e+01
1.188024907798401486e+01
1.188024928543581460e+01
1.188024950955015591e+01
1.188024974855522409e+01
1.188025000052487812e+01
1.188025026339912671e+01
1.188025053500600237e+01
1.188025081308460784e+01
1.188025109530905610e+01
1.188025137931312614e+01
1.188025166271519950e+01
1.188025194314340105e+01
1.188025221826053190e+01
1.188025248578861870e+01
1.188025274353274696e+01
1.188025298940399388e+01
1.188025322144119400e+01
1.188025343783130161e+01
1.188025363692817571e+01
1.188025381726958685e+01
1.188025397759225577e+01
1.188025411684483146e+01
1.188025423419859550e+01
1.188025432905592815e+01
1.188025440105629116e+01
1.188025445007981773e+01
1.188025447624839970e+01
1.188025447992432149e+01
1.188025446170636634e+01
1.188025442242357066e+01
1.188025436312658201e+01
1.188025428507675763e+01
1.188025418973310821e+01
1.188025407873720063e+01
1.188025395389619732e+01
1.188025381716417783e+01
1.188025367062192750e+01
1.188025351645540439e+01
1.188025335693308726e+01
1.188025319438246541e+01
1.188025303116581455e+01
1.188025286965565641e+01
1.188025271220997681e+01
1.188025256114759465e+01
1.188025241872386850e+01
1.188025228710702308e+01
1.188025216835529640e+01
1.188025206439524339e+01
1.188025197700133617e+01
1.188025190777711870e+01
1.188025185813814311e+01
1.188025182929685286e+01
1.188025182224957987e+01
1.188025183776582949e+01
1.188025187637993341e+01
1.188025193838520543e+01
1.188025202383068546e+01
1.188025213252044487e+01
1.188025226401555834e+01
1.188025241763861928e+01
1.188025259248086662e+01
1.188025278741178070e+01
1.188025300109103810e+01
1.188025323198272964e+01
1.188025347837168333e+01
1.188025373838167909e+01
1.188025400999537595e+01
1.188025429107577047e+01
1.188025457938884699e+01
1.188025487262729207e+01
1.188025516843495133e+01
1.188025546443170555e+01
1.188025575823863633e+01
1.188025604750309228e+01
1.188025632992341940e+01
1.188025660327312849e+01
1.188025686542418491e+01
1.188025711436922904e+01
1.188025734824247337e+01
1.188025756533908428e+01
1.188025776413279644e+01
1.188025794329167972e+01
1.188025810169180652e+01
1.188025823842874651e+01
1.188025835282678244e+01
1.188025844444571177e+01
1.188025851308521474e+01
1.188025855878678527e+01
1.188025858183311101e+01
1.188025858274500912e+01
1.188025856227592314e+01
1.188025852140402705e+01
1.188025846132203434e+01
1.188025838342483098e+01
1.188025828929498573e+01
1.188025818068641470e+01
1.188025805950620217e+01
1.188025792779488832e+01
1.188025778770537144e+01
1.188025764148057561e+01
1.188025749143026033e+01
1.188025733990700061e+01
1.188025718928177099e+01
1.188025704191923460e+01
1.188025690015308378e+01
1.188025676626165250e+01
1.188025664244402790e+01
1.188025653079695232e+01
1.188025643329273251e+01
1.188025635175843853e+01
1.188025628785650412e+01
1.188025624306709993e+01
1.188025621867233994e+01
1.188025621574254487e+01
1.188025623512476869e+01
1.188025627743360424e+01
1.188025634304448985e+01
1.188025643208953497e+01
1.188025654445595514e+01
1.188025667978706856e+01
1.188025683748597139e+01
1.188025701672170342e+01
1.188025721643803401e+01
1.188025743536454293e+01
1.188025767203010119e+01
1.188025792477843900e+01
1.188025819178574771e+01
1.188025847108003141e+01
1.188025876056203955e+01
1.188025905802758864e+01
1.188025936119091597e+01
1.188025966770893938e+01
1.188025997520604626e+01
1.188026028129924327e+01
1.188026058362327220e+01
1.188026087985556956e+01
1.188026116774066843e+01
1.188026144511385240e+01
1.188026170992381303e+01
1.188026196025405135e+01
1.188026219434282460e+01
1.188026241060140009e+01
1.188026260763049002e+01
1.188026278423465243e+01
1.188026293943453915e+01
1.188026307247687896e+01
1.188026318284208926e+01
1.188026327024946305e+01
1.188026333465986717e+01
1.188026337627597684e+01
1.188026339553998056e+01
1.188026339312883195e+01
1.188026336994716026e+01
1.188026332711774558e+01
1.188026326596985349e+01
1.188026318802541503e+01
1.188026309498324373e+01
1.188026298870144970e+01
1.188026287117819635e+01
1.188026274453103426e+01
1.188026261097496850e+01
1.188026247279952941e+01
1.188026233234500850e+01
1.188026219197820410e+01
1.188026205406778146e+01
1.188026192095961875e+01
1.188026179495233414e+01
1.188026167827323576e+01
1.188026157305497676e+01
1.188026148131315551e+01
1.188026140492504901e+01
1.188026134560981184e+01
1.188026130491020638e+01
1.188026128417622651e+01
1.188026128455063812e+01
1.188026130695676308e+01
1.188026135208846412e+01
1.188026142040263977e+01
1.188026151211412262e+01
1.188026162719324574e+01
1.188026176536591727e+01
1.188026192611638443e+01
1.188026210869251287e+01
1.188026231211366479e+01
1.188026253518096453e+01
1.188026277648997109e+01
1.188026303444551601e+01
1.188026330727861080e+01
1.188026359306518920e+01
1.188026388974656733e+01
1.188026419515125376e+01
1.188026450701803149e+01
1.188026482301991749e+01
1.188026514078885043e+01
1.188026545794073741e+01
1.188026577210067103e+01
1.188026608092799563e+01
1.188026638214095065e+01
1.188026667354067101e+01
1.188026695303423708e+01
1.188026721865655944e+01
1.188026746859088334e+01
1.188026770118766251e+01
1.188026791498165835e+01
1.188026810870705674e+01
1.188026828131047452e+01
1.188026843196170290e+01
1.188026856006214871e+01
1.188026866525080649e+01
1.188026874740779704e+01
1.188026880665537810e+01
1.188026884335649314e+01
1.188026885811079758e+01
1.188026885174829061e+01
1.188026882532057371e+01
1.188026878008985321e+01
1.188026871751578462e+01
1.188026863924030252e+01
1.188026854707057467e+01
1.188026844296029694e+01
1.188026832898945884e+01
1.188026820734277678e+01
1.188026808028711656e+01
1.188026795014797088e+01
1.188026781928534881e+01
1.188026769006929761e+01
1.188026756485520963e+01
1.188026744595932627e+01
1.188026733563454940e+01
1.188026723604687440e+01
1.188026714925268479e+01
1.188026707717711439e+01
1.188026702159377734e+01
1.188026698410598314e+01
1.188026696612973510e+01
1.188026696887862421e+01
1.188026699335085823e+01
1.188026704031849512e+01
1.188026711031907112e+01
1.188026720364968547e+01
1.188026732036361821e+01
1.188026746026957348e+01
1.188026762293346472e+01
1.188026780768283430e+01
1.188026801361383100e+01
1.188026823960062828e+01
1.188026848430727256e+01
1.188026874620175377e+01
1.188026902357223236e+01
1.188026931454511370e+01
1.188026961710497353e+01
1.188026992911590085e+01
1.188027024834416245e+01
1.188027057248192797e+01
1.188027089917171075e+01
1.188027122603138253e+01
1.188027155067935858e+01
1.188027187075978830e+01
1.188027218396739926e+01
1.188027248807178893e+01
1.188027278094086192e+01
1.188027306056316412e+01
1.188027332506893075e+01
1.188027357274956586e+01
1.188027380207538108e+01
1.188027401171143183e+01
1.188027420053126804e+01
1.188027436762845923e+01
1.188027451232583687e+01
1.188027463418227114e+01
1.188027473299705150e+01
1.188027480881170916e+01
1.188027486190935811e+01
1.188027489281155802e+01
1.188027490227267080e+01
1.188027489127190606e+01
1.188027486100298979e+01
1.188027481286171572e+01
1.188027474843137377e+01
1.188027466946627086e+01
1.188027457787358188e+01
1.188027447569352013e+01
1.188027436507823609e+01
1.188027424826951162e+01
1.188027412757554657e+01
1.188027400534702238e+01
1.188027388395274286e+01
1.188027376575499439e+01
1.188027365308501793e+01
1.188027354821869785e+01
1.188027345335280138e+01
1.188027337058200317e+01
1.188027330187691533e+01
1.188027324906333781e+01
1.188027321380303292e+01
1.188027319757610556e+01
1.188027320166526124e+01
1.188027322714214051e+01
1.188027327485580109e+01
1.188027334542351454e+01
1.188027343922403389e+01
1.188027355639333216e+01
1.188027369682292544e+01
1.188027386016077536e+01
1.188027404581483815e+01
1.188027425295907413e+01
1.188027448054208435e+01
1.188027472729807066e+01
1.188027499176014778e+01
1.188027527227581714e+01
1.188027556702443022e+01
1.188027587403646024e+01
1.188027619121436018e+01
1.188027651635484894e+01
1.188027684717224375e+01
1.188027718132271282e+01
1.188027751642914964e+01
1.188027785010632797e+01
1.188027817998615809e+01
1.188027850374270322e+01
1.188027881911673411e+01
1.188027912393949315e+01
1.188027941615551697e+01
1.188027969384412863e+01
1.188027995523954061e+01
1.188028019874923658e+01
1.188028042297049147e+01
1.188028062670485774e+01
1.188028080897048255e+01
1.188028096901214070e+01
1.188028110630884093e+01
1.188028122057903602e+01
1.188028131178324820e+01
1.188028138012426282e+01
1.188028142604478177e+01
1.188028145022256865e+01
1.188028145356325105e+01
1.188028143719070862e+01
1.188028140243529052e+01
1.188028135081991543e+01
1.188028128404415185e+01
1.188028120396660370e+01
1.188028111258556763e+01
1.188028101201832598e+01
1.188028090447922480e+01
1.188028079225671085e+01
1.188028067768960838e+01
1.188028056314291447e+01
1.188028045098322316e+01
1.188028034355415130e+01
1.188028024315198117e+01
1.188028015200169385e+01
1.188028007223379134e+01
1.188028000586193578e+01
1.188027995476186760e+01
1.188027992065165428e+01
1.188027990507352527e+01
1.188027990937757039e+01
1.188027993470731047e+01
1.188027998198752933e+01
1.188028005191422665e+01
1.188028014494708451e+01
1.188028026130436210e+01
1.188028040096030402e+01
1.188028056364517759e+01
1.188028074884790364e+01
1.188028095582117771e+01
1.188028118358924345e+01
1.188028143095799827e+01
1.188028169652751487e+01
1.188028197870676550e+01
1.188028227573036766e+01
1.188028258567726425e+01
1.188028290649104513e+01
1.188028323600173763e+01
1.188028357194881401e+01
1.188028391200516332e+01
1.188028425380178454e+01
1.188028459495287059e+01
1.188028493308110356e+01
1.188028526584281153e+01
1.188028559095271142e+01
1.188028590620802660e+01
1.188028620951168968e+01
1.188028649889434796e+01
1.188028677253500298e+01
1.188028702878002818e+01
1.188028726616037467e+01
1.188028748340677154e+01
1.188028767946286557e+01
1.188028785349598238e+01
1.188028800490561565e+01
1.188028813332942413e+01
1.188028823864674344e+01
1.188028832097958620e+01
1.188028838069108062e+01
1.188028841838148075e+01
1.188028843488166508e+01
1.188028843124433642e+01
1.188028840873287351e+01
1.188028836880810069e+01
1.188028831311298994e+01
1.188028824345555634e+01
1.188028816179005176e+01
1.188028807019666111e+01
1.188028797085991783e+01
1.188028786604609444e+01
1.188028775807967641e+01
1.188028764931930326e+01
1.188028754213329741e+01
1.188028743887508654e+01
1.188028734185876978e+01
1.188028725333503033e+01
1.188028717546768043e+01
1.188028711031106610e+01
1.188028705978856259e+01
1.188028702567238071e+01
1.188028700956490447e+01
1.188028701288175704e+01
1.188028703683679232e+01
1.188028708242911158e+01
1.188028715043236083e+01
1.188028724138634296e+01
1.188028735559105264e+01
1.188028749310327292e+01
1.188028765373567985e+01
1.188028783705858515e+01
1.188028804240420655e+01
1.188028826887350320e+01
1.188028851534548380e+01
1.188028878048888615e+01
1.188028906277612151e+01
1.188028936049933471e+01
1.188028967178841633e+01
1.188028999463075053e+01
1.188029032689252773e+01
1.188029066634132747e+01
1.188029101066980786e+01
1.188029135752015542e+01
1.188029170450907834e+01
1.188029204925309656e+01
1.188029238939375887e+01
1.188029272262259894e+01
1.188029304670554076e+01
1.188029335950644594e+01
1.188029365900960777e+01
1.188029394334091293e+01
1.188029421078745429e+01
1.188029445981543120e+01
1.188029468908607278e+01
1.188029489746948997e+01
1.188029508405630885e+01
1.188029524816693261e+01
1.188029538935839291e+01
1.188029550742871443e+01
1.188029560241872851e+01
1.188029567461137859e+01
1.188029572452851035e+01
1.188029575292518025e+01
1.188029576078157312e+01
1.188029574929259979e+01
1.188029571985531163e+01
1.188029567405424380e+01
1.188029561364484721e+01
1.188029554053519199e+01
1.188029545676612564e+01
1.188029536449008106e+01
1.188029526594872820e+01
1.188029516344973935e+01
1.188029505934288110e+01
1.188029495599566410e+01
1.188029485576876354e+01
1.188029476099154458e+01
1.188029467393785943e+01
1.188029459680238276e+01
1.188029453167772864e+01
1.188029448053261561e+01
1.188029444519123246e+01
1.188029442731407848e+01
1.188029442838048588e+01
1.188029444967293635e+01
1.188029449226347189e+01
1.188029455700217518e+01
1.188029464450805328e+01
1.188029475516222178e+01
1.188029488910365039e+01
1.188029504622742394e+01
1.188029522618554168e+01
1.188029542839037234e+01
1.188029565202054805e+01
1.188029589602945180e+01
1.188029615915606030e+01
1.188029643993809437e+01
1.188029673672735775e+01
1.188029704770706196e+01
1.188029737091098070e+01
1.188029770424422438e+01
1.188029804550541790e+01
1.188029839240997454e+01
1.188029874261436625e+01
1.188029909374092874e+01
1.188029944340308930e+01
1.188029978923065144e+01
1.188030012889491438e+01
1.188030046013327556e+01
1.188030078077316176e+01
1.188030108875494584e+01
1.188030138215358988e+01
1.188030165919888503e+01
1.188030191829396287e+01
1.188030215803194700e+01
1.188030237721056537e+01
1.188030257484455632e+01
1.188030275017578141e+01
1.188030290268088862e+01
1.188030303207655614e+01
1.188030313832212315e+01
1.188030322161977992e+01
1.188030328241214129e+01
1.188030332137737233e+01
1.188030333942188932e+01
1.188030333767064661e+01
1.188030331745527945e+01
1.188030328030004235e+01
1.188030322790586624e+01
1.188030316213254878e+01
1.188030308497938847e+01
1.188030299856438710e+01
1.188030290510222464e+01
1.188030280688131768e+01
1.188030270624006590e+01
1.188030260554261197e+01
1.188030250715434555e+01
1.188030241341737536e+01
1.188030232662620733e+01
1.188030224900390230e+01
1.188030218267898519e+01
1.188030212966318366e+01
1.188030209183049024e+01
1.188030207089747314e+01
1.188030206840527114e+01
1.188030208570333102e+01
1.188030212393510432e+01
1.188030218402589178e+01
1.188030226667286904e+01
1.188030237233756736e+01
1.188030250124069909e+01
1.188030265335960678e+01
1.188030282842818330e+01
1.188030302593941556e+01
1.188030324515044533e+01
1.188030348509016143e+01
1.188030374456921834e+01
1.188030402219237658e+01
1.188030431637312745e+01
1.188030462535026111e+01
1.188030494720644725e+01
1.188030527988840923e+01
1.188030562122864353e+01
1.188030596896833124e+01
1.188030632078127269e+01
1.188030667429854503e+01
1.188030702713358622e+01
1.188030737690753291e+01
1.188030772127441104e+01
1.188030805794598521e+01
1.188030838471596873e+01
1.188030869948332580e+01
1.188030900027442982e+01
1.188030928526382191e+01
1.188030955279340262e+01
1.188030980138970527e+01
1.188031002977933426e+01
1.188031023690208876e+01
1.188031042192191578e+01
1.188031058423546504e+01
1.188031072347809136e+01
1.188031083952745171e+01
1.188031093250445380e+01
1.188031100277173913e+01
1.188031105092958306e+01
1.188031107780938100e+01
1.188031108446472395e+01
1.188031107216017901e+01
1.188031104235794011e+01
1.188031099670244828e+01
1.188031093700315033e+01
1.188031086521559132e+01
1.188031078342104152e+01
1.188031069380482485e+01
1.188031059863363836e+01
1.188031050023202440e+01
1.188031040095825652e+01
1.188031030317990400e+01
1.188031020924928072e+01
1.188031012147905585e+01
1.188031004211824637e+01
1.188030997332884908e+01
1.188030991716335016e+01
1.188030987554332896e+01
1.188030985023934250e+01
1.188030984285244429e+01
1.188030985479729296e+01
1.188030988728722548e+01
1.188030994132141949e+01
1.188031001767417116e+01
1.188031011688657479e+01
1.188031023926057905e+01
1.188031038485551782e+01
1.188031055348725040e+01
1.188031074472974247e+01
1.188031095791933645e+01
1.188031119216141818e+01
1.188031144633962377e+01
1.188031171912740191e+01
1.188031200900177708e+01
1.188031231425929946e+01
1.188031263303390972e+01
1.188031296331656961e+01
1.188031330297642540e+01
1.188031364978335347e+01
1.188031400143150940e+01
1.188031435556379023e+01
1.188031470979678161e+01
1.188031506174603535e+01
1.188031540905135408e+01
1.188031574940180057e+01
1.188031608056016886e+01
1.188031640038664527e+01
1.188031670686143215e+01
1.188031699810602859e+01
1.188031727240300661e+01
1.188031752821400566e+01
1.188031776419583885e+01
1.188031797921445687e+01
1.188031817235667909e+01
1.188031834293957978e+01
1.188031849051739108e+01
1.188031861488591900e+01
1.188031871608440682e+01
1.188031879439480676e+01
1.188031885033858259e+01
1.188031888467092578e+01
1.188031889837265531e+01
1.188031889263968743e+01
1.188031886887037381e+01
1.188031882865073818e+01
1.188031877373778578e+01
1.188031870604113571e+01
1.188031862760300861e+01
1.188031854057701864e+01
1.188031844720569907e+01
1.188031834979725154e+01
1.188031825070155634e+01
1.188031815228585586e+01
1.188031805691013787e+01
1.188031796690275321e+01
1.188031788453621296e+01
1.188031781200362680e+01
1.188031775139590884e+01
1.188031770468001369e+01
1.188031767367844971e+01
1.188031766005021161e+01
1.188031766527340416e+01
1.188031769062968834e+01
1.188031773719071182e+01
1.188031780580677754e+01
1.188031789709763508e+01
1.188031801144583532e+01
1.188031814899237837e+01
1.188031830963499402e+01
1.188031849302892518e+01
1.188031869859023537e+01
1.188031892550170809e+01
1.188031917272114057e+01
1.188031943899211207e+01
1.188031972285697968e+01
1.188032002267208398e+01
1.188032033662493525e+01
1.188032066275321341e+01
1.188032099896545191e+01
1.188032134306304854e+01
1.188032169276353223e+01
1.188032204572467343e+01
1.188032239956932123e+01
1.188032275191055298e+01
1.188032310037702288e+01
1.188032344263808149e+01
1.188032377642846527e+01
1.188032409957232005e+01
1.188032441000618356e+01
1.188032470580081501e+01
1.188032498518152025e+01
1.188032524654682298e+01
1.188032548848526204e+01
1.188032570979011737e+01
1.188032590947197953e+01
1.188032608676892821e+01
1.188032624115434821e+01
1.188032637234216793e+01
1.188032648028962512e+01
1.188032656519740726e+01
1.188032662750726054e+01
1.188032666789708180e+01
1.188032668727353958e+01
1.188032668676236092e+01
1.188032666769629664e+01
1.188032663160103120e+01
1.188032658017909604e+01
1.188032651529195149e+01
1.188032643894053209e+01
1.188032635324432285e+01
1.188032626041928097e+01
1.188032616275476450e+01
1.188032606258976998e+01
1.188032596228866211e+01
1.188032586421662451e+01
1.188032577071517260e+01
1.188032568407786904e+01
1.188032560652655079e+01
1.188032554018823994e+01
1.188032548707308500e+01
1.188032544905342114e+01
1.188032542784425516e+01
1.188032542498532962e+01
1.188032544182499528e+01
1.188032547950599493e+01
1.188032553895337529e+01
1.188032562086463173e+01
1.188032572570216416e+01
1.188032585368822502e+01
1.188032600480225476e+01
1.188032617878090136e+01
1.188032637512040779e+01
1.188032659308168348e+01
1.188032683169774906e+01
1.188032708978365726e+01
1.188032736594875516e+01
1.188032765861107265e+01
1.188032796601386387e+01
1.188032828624395698e+01
1.188032861725185541e+01
1.188032895687330459e+01
1.188032930285210220e+01
1.188032965286395282e+01
1.188033000454102961e+01
1.188033035549707783e+01
1.188033070335269414e+01
1.188033104576054377e+01
1.188033138043025971e+01
1.188033170515270776e+01
1.188033201782341308e+01
1.188033231646478427e+01
1.188033259924704943e+01
1.188033286450751191e+01
1.188033311076807053e+01
1.188033333675066494e+01
1.188033354139067299e+01
1.188033372384789743e+01
1.188033388351525765e+01
1.188033402002489680e+01
1.188033413325181264e+01
1.188033422331491629e+01
1.188033429057544765e+01
1.188033433563293428e+01
1.188033435931863835e+01
1.188033436268653631e+01
1.188033434700208346e+01
1.188033431372874027e+01
1.188033426451248786e+01
1.188033420116448902e+01
1.188033412564206870e+01
1.188033404002823445e+01
1.188033394650990182e+01
1.188033384735512143e+01
1.188033374488947480e+01
1.188033364147191762e+01
1.188033353947030335e+01
1.188033344123683221e+01
1.188033334908366179e+01
1.188033326525895994e+01
1.188033319192355997e+01
1.188033313112856781e+01
1.188033308479404759e+01
1.188033305468904111e+01
1.188033304241311860e+01
1.188033304937966683e+01
1.188033307680104578e+01
1.188033312567582911e+01
1.188033319677819044e+01
1.188033329064963617e+01
1.188033340759310796e+01
1.188033354766955441e+01
1.188033371069701616e+01
1.188033389625228153e+01
1.188033410367499343e+01
1.188033433207432310e+01
1.188033458033804912e+01
1.188033484714399002e+01
1.188033513097368399e+01
1.188033543012817184e+01
1.188033574274573567e+01
1.188033606682138021e+01
1.188033640022788262e+01
1.188033674073819412e+01
1.188033708604891103e+01
1.188033743380463036e+01
1.188033778162284904e+01
1.188033812711921300e+01
1.188033846793277526e+01
1.188033880175104784e+01
1.188033912633449951e+01
1.188033943954031102e+01
1.188033973934508936e+01
1.188034002386623733e+01
1.188034029138189140e+01
1.188034054034904585e+01
1.188034076941979400e+01
1.188034097745542894e+01
1.188034116353833447e+01
1.188034132698146372e+01
1.188034146733538421e+01
1.188034158439275600e+01
1.188034167819026443e+01
1.188034174900796636e+01
1.188034179736603768e+01
1.188034182401907302e+01
1.188034182994787358e+01
1.188034181634889208e+01
1.188034178462150159e+01
1.188034173635311141e+01
1.188034167330241608e+01
1.188034159738085194e+01
1.188034151063255983e+01
1.188034141521298181e+01
1.188034131336634047e+01
1.188034120740227806e+01
1.188034109967181884e+01
1.188034099254294951e+01
1.188034088837604152e+01
1.188034078949940131e+01
1.188034069818509941e+01
1.188034061662548524e+01
1.188034054691038222e+01
1.188034049100546952e+01
1.188034045073183087e+01
1.188034042774702748e+01
1.188034042352779629e+01
1.188034043935463124e+01
1.188034047629832202e+01
1.188034053520865641e+01
1.188034061670538222e+01
1.188034072117155304e+01
1.188034084874925966e+01
1.188034099933793541e+01
1.188034117259507916e+01
1.188034136793962148e+01
1.188034158455768008e+01
1.188034182141085715e+01
1.188034207724684954e+01
1.188034235061236465e+01
1.188034263986819639e+01
1.188034294320624618e+01
1.188034325866843943e+01
1.188034358416721226e+01
1.188034391750744945e+01
1.188034425640956471e+01
1.188034459853360403e+01
1.188034494150390152e+01
1.188034528293425751e+01
1.188034562045321429e+01
1.188034595172916141e+01
1.188034627449510516e+01
1.188034658657267428e+01
1.188034688589524812e+01
1.188034717052983069e+01
1.188034743869752319e+01
1.188034768879231073e+01
1.188034791939800883e+01
1.188034812930315098e+01
1.188034831751364351e+01
1.188034848326315185e+01
1.188034862602097697e+01
1.188034874549744480e+01
1.188034884164672533e+01
1.188034891466706355e+01
1.188034896499840798e+01
1.188034899331751859e+01
1.188034900053059850e+01
1.188034898776348669e+01
1.188034895634963206e+01
1.188034890781586661e+01
1.188034884386625478e+01
1.188034876636406878e+01
1.188034867731219890e+01
1.188034857883215523e+01
1.188034847314182763e+01
1.188034836253238069e+01
1.188034824934433509e+01
1.188034813594326522e+01
1.188034802469521445e+01
1.188034791794212985e+01
1.188034781797762207e+01
1.188034772702315145e+01
1.188034764720506331e+01
1.188034758053250606e+01
1.188034752887660517e+01
1.188034749395103518e+01
1.188034747729420104e+01
1.188034748025317988e+01
1.188034750396965222e+01
1.188034754936789383e+01
1.188034761714499865e+01
1.188034770776345717e+01
1.188034782144611334e+01
1.188034795817360845e+01
1.188034811768432419e+01
1.188034829947686255e+01
1.188034850281501242e+01
1.188034872673516951e+01
1.188034897005619683e+01
1.188034923139152532e+01
1.188034950916350851e+01
1.188034980161976506e+01
1.188035010685143966e+01
1.188035042281315334e+01
1.188035074734441920e+01
1.188035107819235492e+01
1.188035141303538822e+01
1.188035174950776174e+01
1.188035208522453345e+01
1.188035241780680273e+01
1.188035274490691862e+01
1.188035306423336301e+01
1.188035337357508681e+01
1.188035367082490978e+01
1.188035395400193650e+01
1.188035422127248175e+01
1.188035447096955188e+01
1.188035470161039875e+01
1.188035491191221205e+01
1.188035510080555213e+01
1.188035526744556414e+01
1.188035541122075145e+01
1.188035553175923553e+01
1.188035562893249697e+01
1.188035570285644837e+01
1.188035575389001153e+01
1.188035578263105130e+01
1.188035578990982088e+01
1.188035577677996812e+01
1.188035574450722187e+01
1.188035569455587748e+01
1.188035562857321281e+01
1.188035554837207641e+01
1.188035545591172770e+01
1.188035535327725967e+01
1.188035524265773013e+01
1.188035512632323432e+01
1.188035500660124733e+01
1.188035488585234845e+01
1.188035476644570210e+01
1.188035465073441621e+01
1.188035454103117949e+01
1.188035443958425219e+01
1.188035434855419581e+01
1.188035426999148925e+01
1.188035420581527113e+01
1.188035415779346238e+01
1.188035412752438269e+01
1.188035411642016115e+01
1.188035412569198002e+01
1.188035415633743419e+01
1.188035420913001694e+01
1.188035428461094156e+01
1.188035438308331138e+01
1.188035450460876774e+01
1.188035464900661431e+01
1.188035481585544773e+01
1.188035500449731430e+01
1.188035521404429673e+01
1.188035544338757354e+01
1.188035569120874868e+01
1.188035595599343353e+01
1.188035623604693036e+01
1.188035652951181120e+01
1.188035683438729784e+01
1.188035714855015179e+01
1.188035746977696583e+01
1.188035779576746975e+01
1.188035812416882919e+01
1.188035845260041157e+01
1.188035877867896239e+01
1.188035910004385798e+01
1.188035941438207566e+01
1.188035971945275904e+01
1.188036001311096079e+01
1.188036029333043331e+01
1.188036055822511017e+01
1.188036080606910794e+01
1.188036103531499244e+01
1.188036124461014964e+01
1.188036143281106050e+01
1.188036159899527178e+01
1.188036174247108612e+01
1.188036186278468875e+01
1.188036195972478914e+01
1.188036203332460516e+01
1.188036208386132841e+01
1.188036211185294277e+01
1.188036211805248499e+01
1.188036210343990895e+01
1.188036206921149329e+01
1.188036201676703385e+01
1.188036194769493292e+01
1.188036186375531855e+01
1.188036176686146561e+01
1.188036165905958619e+01
1.188036154250733389e+01
1.188036141945118374e+01
1.188036129220295223e+01
1.188036116311564072e+01
1.188036103455895010e+01
1.188036090889463914e+01
1.188036078845200194e+01
1.188036067550371300e+01
1.188036057224228337e+01
1.188036048075733042e+01
1.188036040301397023e+01
1.188036034083243742e+01
1.188036029586923448e+01
1.188036026959994551e+01
1.188036026330385475e+01
1.188036027805067540e+01
1.188036031468929643e+01
1.188036037383887944e+01
1.188036045588224887e+01
1.188036056096176551e+01
1.188036068897760167e+01
1.188036083958859734e+01
1.188036101221555185e+01
1.188036120604701473e+01
1.188036142004753160e+01
1.188036165296821167e+01
1.188036190335952647e+01
1.188036216958629865e+01
1.188036244984463430e+01
1.188036274218066346e+01
1.188036304451093450e+01
1.188036335464417803e+01
1.188036367030431606e+01
1.188036398915434688e+01
1.188036430882099026e+01
1.188036462691973227e+01
1.188036494108002294e+01
1.188036524897035662e+01
1.188036554832301839e+01
1.188036583695811821e+01
1.188036611280672439e+01
1.188036637393283002e+01
1.188036661855391074e+01
1.188036684505981633e+01
1.188036705202983434e+01
1.188036723824773411e+01
1.188036740271454583e+01
1.188036754465910150e+01
1.188036766354606399e+01
1.188036775908142850e+01
1.188036783121547124e+01
1.188036788014306921e+01
1.188036790630142292e+01
1.188036791036521755e+01
1.188036789323924580e+01
1.188036785604865209e+01
1.188036780012685689e+01
1.188036772700128729e+01
1.188036763837714638e+01
1.188036753611931573e+01
1.188036742223264675e+01
1.188036729884086284e+01
1.188036716816419869e+01
1.188036703249619563e+01
1.188036689417963387e+01
1.188036675558217681e+01
1.188036661907166724e+01
1.188036648699151421e+01
1.188036636163639947e+01
1.188036624522844420e+01
1.188036613989421753e+01
1.188036604764272930e+01
1.188036597034460229e+01
1.188036590971272410e+01
1.188036586728451205e+01
1.188036584440594368e+01
1.188036584221758574e+01
1.188036586164269615e+01
1.188036590337755527e+01
1.188036596788413135e+01
1.188036605538512980e+01
1.188036616586151695e+01
1.188036629905249519e+01
1.188036645445805384e+01
1.188036663134389670e+01
1.188036682874889216e+01
1.188036704549485201e+01
1.188036728019861599e+01
1.188036753128627154e+01
1.188036779700943590e+01
1.188036807546338025e+01
1.188036836460684320e+01
1.188036866228331512e+01
1.188036896624365824e+01
1.188036927416961497e+01
1.188036958369824525e+01
1.188036989244679376e+01
1.188037019803784489e+01
1.188037049812446178e+01
1.188037079041504640e+01
1.188037107269760639e+01
1.188037134286327401e+01
1.188037159892865802e+01
1.188037183905691840e+01
1.188037206157728676e+01
1.188037226500276944e+01
1.188037244804593406e+01
1.188037260963251818e+01
1.188037274891276951e+01
1.188037286527035263e+01
1.188037295832877760e+01
1.188037302795523331e+01
1.188037307426183276e+01
1.188037309760423277e+01
1.188037309857766033e+01
1.188037307801043241e+01
1.188037303695493918e+01
1.188037297667637660e+01
1.188037289863916435e+01
1.188037280449134592e+01
1.188037269604706125e+01
1.188037257526733370e+01
1.188037244423937366e+01
1.188037230515458731e+01
1.188037216028554610e+01
1.188037201196220494e+01
1.188037186254752697e+01
1.188037171441284201e+01
1.188037156991315335e+01
1.188037143136267915e+01
1.188037130101082184e+01
1.188037118101885525e+01
1.188037107343756560e+01
1.188037098018599380e+01
1.188037090303160603e+01
1.188037084357201145e+01
1.188037080321839767e+01
1.188037078318091311e+01
1.188037078445609929e+01
1.188037080781650978e+01
1.188037085380259583e+01
1.188037092271702555e+01
1.188037101462135503e+01
1.188037112933526629e+01
1.188037126643826369e+01
1.188037142527380041e+01
1.188037160495592559e+01
1.188037180437829399e+01
1.188037202222549205e+01
1.188037225698649912e+01
1.188037250697034075e+01
1.188037277032351824e+01
1.188037304504930169e+01
1.188037332902847965e+01
1.188037362004149955e+01
1.188037391579169366e+01
1.188037421392938242e+01
1.188037451207657114e+01
1.188037480785202149e+01
1.188037509889638699e+01
1.188037538289717077e+01
1.188037565761321623e+01
1.188037592089848005e+01
1.188037617072481034e+01
1.188037640520349747e+01
1.188037662260532912e+01
1.188037682137898088e+01
1.188037700016748666e+01
1.188037715782262183e+01
1.188037729341707127e+01
1.188037740625420113e+01
1.188037749587538450e+01
1.188037756206472828e+01
1.188037760485125993e+01
1.188037762450843182e+01
1.188037762155107124e+01
1.188037759672972271e+01
1.188037755102253890e+01
1.188037748562469709e+01
1.188037740193562009e+01
1.188037730154399974e+01
1.188037718621090377e+01
1.188037705785106368e+01
1.188037691851259581e+01
1.188037677035543638e+01
1.188037661562854197e+01
1.188037645664632969e+01
1.188037629576439613e+01
1.188037613535492554e+01
1.188037597778194154e+01
1.188037582537670822e+01
1.188037568041350234e+01
1.188037554508603222e+01
1.188037542148470038e+01
1.188037531157496574e+01
1.188037521717702560e+01
1.188037513994698990e+01
1.188037508135974818e+01
1.188037504269373024e+01
1.188037502501764564e+01
1.188037502917940991e+01
1.188037505579727515e+01
1.188037510525339258e+01
1.188037517768971796e+01
1.188037527300642182e+01
1.188037539086277583e+01
1.188037553068050478e+01
1.188037569164963259e+01
1.188037587273668372e+01
1.188037607269527207e+01
1.188037629007882146e+01
1.188037652325552607e+01
1.188037677042515838e+01
1.188037702963771913e+01
1.188037729881371973e+01
1.188037757576581477e+01
1.188037785822166015e+01
1.188037814384769675e+01
1.188037843027365348e+01
1.188037871511746246e+01
1.188037899601039804e+01
1.188037927062206123e+01
1.188037953668504798e+01
1.188037979201897976e+01
1.188038003455363345e+01
1.188038026235092381e+01
1.188038047362551097e+01
1.188038066676378968e+01
1.188038084034102582e+01
1.188038099313652651e+01
1.188038112414657022e+01
1.188038123259506662e+01
1.188038131794174568e+01
1.188038137988778331e+01
1.188038141837892425e+01
1.188038143360591548e+01
1.188038142600231417e+01
1.188038139623977685e+01
1.188038134522073541e+01
1.188038127406867694e+01
1.188038118411609112e+01
1.188038107689020073e+01
1.188038095409666184e+01
1.188038081760145381e+01
1.188038066941106941e+01
1.188038051165129261e+01
1.188038034654478992e+01
1.188038017638770150e+01
1.188038000352555912e+01
1.188037983032872447e+01
1.188037965916762140e+01
1.188037949238801261e+01
1.188037933228661380e+01
1.188037918108723368e+01
1.188037904091769370e+01
1.188037891378782618e+01
1.188037880156865356e+01
1.188037870597306878e+01
1.188037862853812676e+01
1.188037857060918334e+01
1.188037853332597216e+01
1.188037851761079899e+01
1.188037852415901874e+01
1.188037855343174876e+01
1.188037860565106207e+01
1.188037868079757331e+01
1.188037877861053815e+01
1.188037889859041307e+01
1.188037904000387890e+01
1.188037920189129082e+01
1.188037938307647146e+01
1.188037958217875101e+01
1.188037979762717811e+01
1.188038002767670243e+01
1.188038027042620293e+01
1.188038052383821963e+01
1.188038078576013667e+01
1.188038105394659816e+01
1.188038132608296849e+01
1.188038159980959563e+01
1.188038187274655932e+01
1.188038214251872482e+01
1.188038240678079482e+01
1.188038266324205416e+01
1.188038290969065613e+01
1.188038314401703488e+01
1.188038336423633723e+01
1.188038356850945831e+01
1.188038375516266143e+01
1.188038392270535759e+01
1.188038406984597728e+01
1.188038419550571412e+01
1.188038429883000191e+01
1.188038437919754209e+01
1.188038443622691176e+01
1.188038446978051788e+01
1.188038447996599700e+01
1.188038446713493457e+01
1.188038443187904747e+01
1.188038437502373235e+01
1.188038429761917136e+01
1.188038420092905767e+01
1.188038408641705068e+01
1.188038395573114414e+01
1.188038381068612637e+01
1.188038365324429435e+01
1.188038348549464018e+01
1.188038330963080291e+01
1.188038312792792794e+01
1.188038294271872353e+01
1.188038275636901098e+01
1.188038257125292496e+01
1.188038238972815464e+01
1.188038221411135353e+01
1.188038204665402731e+01
1.188038188951920304e+01
1.188038174475895659e+01
1.188038161429320638e+01
1.188038149988986625e+01
1.188038140314657021e+01
1.188038132547419323e+01
1.188038126808229400e+01
1.188038123196661466e+01
1.188038121789880819e+01
1.188038122641841809e+01
1.188038125782732024e+01
1.188038131218647031e+01
1.188038138931526611e+01
1.188038148879326883e+01
1.188038160996445392e+01
1.188038175194387769e+01
1.188038191362670126e+01
1.188038209369951659e+01
1.188038229065381479e+01
1.188038250280153640e+01
1.188038272829248498e+01
1.188038296513348868e+01
1.188038321120906105e+01
1.188038346430342429e+01
1.188038372212359306e+01
1.188038398232336590e+01
1.188038424252788516e+01
1.188038450035857707e+01
1.188038475345820366e+01
1.188038499951569982e+01
1.188038523629062304e+01
1.188038546163686249e+01
1.188038567352538699e+01
1.188038587006582958e+01
1.188038604952656740e+01
1.188038621035314790e+01
1.188038635118487640e+01
1.188038647086928101e+01
1.188038656847443164e+01
1.188038664329881655e+01
1.188038669487883148e+01
1.188038672299365928e+01
1.188038672766757919e+01
1.188038670916962936e+01
1.188038666801066334e+01
1.188038660493782395e+01
1.188038652092647496e+01
1.188038641716973487e+01
1.188038629506568888e+01
1.188038615620244087e+01
1.188038600234119002e+01
1.188038583539748316e+01
1.188038565742088792e+01
1.188038547057329275e+01
1.188038527710604875e+01
1.188038507933627486e+01
1.188038487962247025e+01
1.188038468033979456e+01
1.188038448385518819e+01
1.188038429250267924e+01
1.188038410855906868e+01
1.188038393422023553e+01
1.188038377157837289e+01
1.188038362260029146e+01
1.188038348910710695e+01
1.188038337275538758e+01
1.188038327502010105e+01
1.188038319717938762e+01
1.188038314030139020e+01
1.188038310523324981e+01
1.188038309259235881e+01
1.188038310275999088e+01
1.188038313587733974e+01
1.188038319184401637e+01
1.188038327031902064e+01
1.188038337072419459e+01
1.188038349225009327e+01
1.188038363386427676e+01
1.188038379432185643e+01
1.188038397217829001e+01
1.188038416580425150e+01
1.188038437340240527e+01
1.188038459302600991e+01
1.188038482259906381e+01
1.188038505993786664e+01
1.188038530277373894e+01
1.188038554877668851e+01
1.188038579557977670e+01
1.188038604080391636e+01
1.188038628208287406e+01
1.188038651708817461e+01
1.188038674355366631e+01
1.188038695929948574e+01
1.188038716225514335e+01
1.188038735048150585e+01
1.188038752219139660e+01
1.188038767576861865e+01
1.188038780978517828e+01
1.188038792301652791e+01
1.188038801445460457e+01
1.188038808331863017e+01
1.188038812906340347e+01
1.188038815138513016e+01
1.188038815022463623e+01
1.188038812576795600e+01
1.188038807844432299e+01
1.188038800892151059e+01
1.188038791809866623e+01
1.188038780709664266e+01
1.188038767724601641e+01
1.188038753007283788e+01
1.188038736728236167e+01
1.188038719074087446e+01
1.188038700245586554e+01
1.188038680455472651e+01
1.188038659926226259e+01
1.188038638887715948e+01
1.188038617574780709e+01
1.188038596224758869e+01
1.188038575075001901e+01
1.188038554360388233e+01
1.188038534310875249e+01
1.188038515149101571e+01
1.188038497088074230e+01
1.188038480328959068e+01
1.188038465058998838e+01
1.188038451449575916e+01
1.188038439654446954e+01
1.188038429808155350e+01
1.188038422024647112e+01
1.188038416396100061e+01
1.188038412991973303e+01
1.188038411858294374e+01
1.188038413017186734e+01
1.188038416466636527e+01
1.188038422180517095e+01
1.188038430108848864e+01
1.188038440178313060e+01
1.188038452293001512e+01
1.188038466335399868e+01
1.188038482167593735e+01
1.188038499632687461e+01
1.188038518556421508e+01
1.188038538748972428e+01
1.188038560006912014e+01
1.188038582115321518e+01
1.188038604850019908e+01
1.188038627979899431e+01
1.188038651269338608e+01
1.188038674480664625e+01
1.188038697376645558e+01
1.188038719722983316e+01
1.188038741290781175e+01
1.188038761858960690e+01
1.188038781216597428e+01
1.188038799165160597e+01
1.188038815520616431e+01
1.188038830115390354e+01
1.188038842800149197e+01
1.188038853445396370e+01
1.188038861942854041e+01
1.188038868206622034e+01
1.188038872174095495e+01
1.188038873806636175e+01
1.188038873089986680e+01
1.188038870034420569e+01
1.188038864674633999e+01
1.188038857069370380e+01
1.188038847300794743e+01
1.188038835473608046e+01
1.188038821713931270e+01
1.188038806167955208e+01
1.188038789000380824e+01
1.188038770392662613e+01
1.188038750541079480e+01
1.188038729654649472e+01
1.188038707952915018e+01
1.188038685663619987e+01
1.188038663020306629e+01
1.188038640259855150e+01
1.188038617619995918e+01
1.188038595336817949e+01
1.188038573642297280e+01
1.188038552761880240e+01
1.188038532912131728e+01
1.188038514298491144e+01
1.188038497113137026e+01
1.188038481533003399e+01
1.188038467717950475e+01
1.188038455809116911e+01
1.188038445927469056e+01
1.188038438172556432e+01
1.188038432621488916e+01
1.188038429328150336e+01
1.188038428322642126e+01
1.188038429610978852e+01
1.188038433175026931e+01
1.188038438972690258e+01
1.188038446938344528e+01
1.188038456983509406e+01
1.188038468997757668e+01
1.188038482849852784e+01
1.188038498389094499e+01
1.188038515446876708e+01
1.188038533838422595e+01
1.188038553364695638e+01
1.188038573814462318e+01
1.188038594966477568e+01
1.188038616591789420e+01
1.188038638456121987e+01
1.188038660322318307e+01
1.188038681952826359e+01
1.188038703112187555e+01
1.188038723569510680e+01
1.188038743100906025e+01
1.188038761491850082e+01
1.188038778539454299e+01
1.188038794054618030e+01
1.188038807864035817e+01
1.188038819812047286e+01
1.188038829762291648e+01
1.188038837599170527e+01
1.188038843229081643e+01
1.188038846581423158e+01
1.188038847609354143e+01
1.188038846290293904e+01
1.188038842626172809e+01
1.188038836643409013e+01
1.188038828392629931e+01
1.188038817948132930e+01
1.188038805407089882e+01
1.188038790888509055e+01
1.188038774531966979e+01
1.188038756496114701e+01
1.188038736956991315e+01
1.188038716106146353e+01
1.188038694148604080e+01
1.188038671300688875e+01
1.188038647787733915e+01
1.188038623841696584e+01
1.188038599698712439e+01
1.188038575596611324e+01
1.188038551772414841e+01
1.188038528459857268e+01
1.188038505886940222e+01
1.188038484273551276e+01
1.188038463829181701e+01
1.188038444750747580e+01
1.188038427220549131e+01
1.188038411404390615e+01
1.188038397449865613e+01
1.188038385484841264e+01
1.188038375616143050e+01
1.188038367928459671e+01
1.188038362483476718e+01
1.188038359319249970e+01
1.188038358449814957e+01
1.188038359865050353e+01
1.188038363530785091e+01
1.188038369389151327e+01
1.188038377359184139e+01
1.188038387337653567e+01
1.188038399200127415e+01
1.188038412802255195e+01
1.188038427981253342e+01
1.188038444557585827e+01
1.188038462336818135e+01
1.188038481111625266e+01
1.188038500663944319e+01
1.188038520767232953e+01
1.188038541188827502e+01
1.188038561692366279e+01
1.188038582040257651e+01
1.188038601996166577e+01
1.188038621327493871e+01
1.188038639807822605e+01
1.188038657219303040e+01
1.188038673354955677e+01
1.188038688020861500e+01
1.188038701038221134e+01
1.188038712245255901e+01
1.188038721498933015e+01
1.188038728676493783e+01
1.188038733676767045e+01
1.188038736421256303e+01
1.188038736854984023e+01
1.188038734947084230e+01
1.188038730691140543e+01
1.188038724105260080e+01
1.188038715231884446e+01
1.188038704137340495e+01
1.188038690911135475e+01
1.188038675665002941e+01
1.188038658531711178e+01
1.188038639663648866e+01
1.188038619231200954e+01
1.188038597420930920e+01
1.188038574433602435e+01
1.188038550482041700e+01
1.188038525788882360e+01
1.188038500584207569e+01
1.188038475103118330e+01
1.188038449583255129e+01
1.188038424262296289e+01
1.188038399375459875e+01
1.188038375153045045e+01
1.188038351818020111e+01
1.188038329583699415e+01
1.188038308651525909e+01
1.188038289208979847e+01
1.188038271427637937e+01
1.188038255461402848e+01
1.188038241444916920e+01
1.188038229492180164e+01
1.188038219695380171e+01
1.188038212123950288e+01
1.188038206823866183e+01
1.188038203817175464e+01
1.188038203101783097e+01
1.188038204651478758e+01
1.188038208416211639e+01
1.188038214322611807e+01
1.188038222274748890e+01
1.188038232155122920e+01
1.188038243825875817e+01
1.188038257130214070e+01
1.188038271894025932e+01
1.188038287927681047e+01
1.188038305027985864e+01
1.188038322980291994e+01
1.188038341560717903e+01
1.188038360538472560e+01
1.188038379678258849e+01
1.188038398742722990e+01
1.188038417494936638e+01
1.188038435700874906e+01
1.188038453131873773e+01
1.188038469567032962e+01
1.188038484795549010e+01
1.188038498618939443e+01
1.188038510853148466e+01
1.188038521330501673e+01
1.188038529901488793e+01
1.188038536436365256e+01
1.188038540826535794e+01
1.188038542985722756e+01
1.188038542850894608e+01
1.188038540382948582e+01
1.188038535567137188e+01
1.188038528413235362e+01
1.188038518955443834e+01
1.188038507252030485e+01
1.188038493384716965e+01
1.188038477457809172e+01
1.188038459597088092e+01
1.188038439948470248e+01
1.188038418676457120e+01
1.188038395962380100e+01
1.188038372002471910e+01
1.188038347005784168e+01
1.188038321191964108e+01
1.188038294788928084e+01
1.188038268030449274e+01
1.188038241153687657e+01
1.188038214396689085e+01
1.188038187995883099e+01
1.188038162183598345e+01
1.188038137185630561e+01
1.188038113218883574e+01
1.188038090489109599e+01
1.188038069188769974e+01
1.188038049495038528e+01
1.188038031567971586e+01
1.188038015548855419e+01
1.188038001558754786e+01
1.188037989697271612e+01
1.188037980041526964e+01
1.188037972645375717e+01
1.188037967538865480e+01
1.188037964727936568e+01
1.188037964194369778e+01
1.188037965895986936e+01
1.188037969767089663e+01
1.188037975719146644e+01
1.188037983641707385e+01
1.188037993403548320e+01
1.188038004854024265e+01
1.188038017824628412e+01
1.188038032130728716e+01
1.188038047573478906e+01
1.188038063941873546e+01
1.188038081014933312e+01
1.188038098563996314e+01
1.188038116355092733e+01
1.188038134151380909e+01
1.188038151715614354e+01
1.188038168812623319e+01
1.188038185211773623e+01
1.188038200689391921e+01
1.188038215031117240e+01
1.188038228034160149e+01
1.188038239509452865e+01
1.188038249283649073e+01
1.188038257200969561e+01
1.188038263124863292e+01
1.188038266939467036e+01
1.188038268550847576e+01
1.188038267888016541e+01
1.188038264903696550e+01
1.188038259574837952e+01
1.188038251902876752e+01
1.188038241913734439e+01
1.188038229657545664e+01
1.188038215208138304e+01
1.188038198662250444e+01
1.188038180138506128e+01
