1.188024147592623159e+01
1.188039532139758947e+01
1.188029035999616667e+01
1.188031327729139264e+01
1.188037919703807788e+01
1.188024613678979335e+01
1.188040322597461085e+01
1.188027266200529830e+01
1.188033504752127278e+01
1.188036017340943573e+01
1.188025667934581797e+01
1.188040400979579836e+01
1.188026144586160093e+01
1.188035243082130776e+01
1.188034279741499688e+01
1.188026803363520578e+01
1.188040253556606274e+01
1.188025261174257885e+01
1.188036843883547711e+01
1.188032526169107506e+01
1.188028082517852901e+01
1.188039927888619118e+01
1.188024465818400444e+01
1.188038554367486022e+01
1.188030419699588158e+01
1.188029916436968492e+01
1.188038969387661048e+01
1.188024208061482767e+01
1.188039992945683743e+01
1.188028206614617055e+01
1.188032251220946733e+01
1.188037208672831468e+01
1.188024873864237207e+01
1.188040605199421762e+01
1.188026526067132060e+01
1.188034466814426970e+01
1.188035143457378950e+01
1.188026169337925353e+01
1.188040438255622711e+01
1.188025574870876966e+01
1.188036167853285541e+01
1.188033291850959472e+01
1.188027541546812849e+01
1.188039998307690936e+01
1.188024954707999470e+01
1.188037611352055833e+01
1.188031545084257168e+01
1.188028963187271891e+01
1.188039427009796256e+01
1.188024431997097707e+01
1.188039104041100202e+01
1.188029539684006508e+01
1.188030835672277163e+01
1.188038312562579080e+01
1.188024388579657931e+01
1.188040345436191991e+01
1.188027439764422866e+01
1.188033177436235555e+01
1.188036430967489210e+01
1.188025243058744884e+01
1.188040771374896210e+01
1.188025872825606477e+01
1.188035398625307160e+01
1.188034234579910020e+01
1.188026758444649822e+01
1.188040364582993824e+01
1.188025102637270081e+01
1.188037040575650671e+01
1.188032293764387504e+01
1.188028348386356647e+01
1.188039639036046680e+01
1.188024752819572605e+01
1.188038308795184150e+01
1.188030575601328565e+01
1.188029895427953342e+01
1.188038827422097121e+01
1.188024512314238557e+01
1.188039561284946011e+01
1.188028699876995731e+01
1.188031780847471452e+01
1.188037570932396036e+01
1.188024686495583815e+01
1.188040584831903246e+01
1.188026746003963297e+01
1.188034093620535181e+01
1.188035597223646000e+01
1.188025716383243591e+01
1.188040818491509754e+01
1.188025315901752599e+01
1.188036286940525166e+01
1.188033303494010440e+01
1.188027427122367108e+01
1.188040180695622894e+01
1.188024734942278471e+01
1.188037848508698602e+01
1.188031299959434151e+01
1.188029212196936157e+01
1.188039180969845710e+01
1.188024658365252506e+01
1.188038926201222267e+01
1.188029631703735411e+01
1.188030865698720895e+01
1.188038137996256438e+01
1.188024705261239689e+01
1.188039919939635780e+01
1.188027911949482984e+01
1.188032738679518374e+01
1.188036755028611502e+01
1.188025097435198063e+01
1.188040708004856505e+01
1.188026134819668833e+01
1.188034987174300028e+01
1.188034718879913321e+01
1.188026287453979535e+01
1.188040745649469621e+01
1.188024863300196010e+01
1.188037119192340185e+01
1.188032363243254608e+01
1.188028166157382159e+01
1.188039888858829407e+01
1.188024477372660215e+01
1.188038579839053632e+01
1.188030324825328243e+01
1.188030120528624423e+01
1.188038630685427322e+01
1.188024672733101106e+01
1.188039454643115178e+01
1.188028727050616773e+01
1.188031859897576403e+01
1.188037368878450373e+01
1.188025007751380713e+01
1.188040175206501559e+01
1.188027186887922326e+01
1.188033695647034271e+01
1.188035876495419174e+01
1.188025615368818322e+01
1.188040713515164271e+01
1.188025614504687510e+01
1.188035845820846070e+01
1.188033808025994276e+01
1.188026948464005983e+01
1.188040553701246793e+01
1.188024521486970819e+01
1.188037883668339489e+01
1.188031426946970015e+01
1.188028965379989721e+01
1.188039492844484535e+01
1.188024333957557666e+01
1.188039223856034177e+01
1.188029382452028671e+01
1.188031060348023971e+01
1.188037996012030106e+01
1.188024795822378010e+01
1.188039886408742696e+01
1.188027874777191073e+01
1.188032863569107711e+01
1.188036531338532242e+01
1.188025415170847943e+01
1.188040323710034230e+01
1.188026534841593040e+01
1.188034638182002389e+01
1.188034947921335949e+01
1.188026232702936902e+01
1.188040601622677528e+01
1.188025192051568446e+01
1.188036657769722382e+01
1.188032877241213647e+01
1.188027690285791316e+01
1.188040245244875415e+01
1.188024295295703148e+01
1.188038569676261069e+01
1.188030507618592324e+01
1.188029813801813717e+01
1.188038997885946557e+01
1.188024307102463339e+01
1.188039771111773568e+01
1.188028486423821128e+01
1.188032018227261233e+01
1.188037285919455854e+01
1.188025026043350074e+01
1.188040215114536302e+01
1.188027087302259055e+01
1.188033862116809303e+01
1.188035637602850869e+01
1.188025921450504008e+01
1.188040363541385069e+01
1.188025964980320381e+01
1.188035552863625455e+01
1.188033982656106602e+01
1.188026940395222653e+01
1.188040374273969668e+01
1.188024873063448617e+01
1.188037411873725802e+01
1.188031939425030004e+01
1.188028502594071867e+01
1.188039824590653559e+01
1.188024187858951919e+01
1.188039167692356557e+01
1.188029617987304221e+01
1.188030699763302067e+01
1.188038410613265050e+01
1.188024397545719069e+01
1.188040213563440872e+01
1.188027649620511284e+01
1.188032980537873229e+01
1.188036510390417355e+01
1.188025360337398340e+01
1.188040435800901662e+01
1.188026376145528928e+01
1.188034841017337229e+01
1.188034700673966171e+01
1.188026519157458161e+01
1.188040294282168396e+01
1.188025485364867961e+01
1.188036426611274265e+01
1.188032994615842597e+01
1.188027728090673563e+01
1.188040035065276179e+01
1.188024661684521632e+01
1.188038097777742053e+01
1.188031007621565038e+01
1.188029374007516736e+01
1.188039297701510399e+01
1.188024200565754462e+01
1.188039669491234385e+01
1.188028770325354522e+01
1.188031611089533435e+01
1.188037738969278401e+01
1.188024604338491130e+01
1.188040544695217804e+01
1.188026884029318175e+01
1.188033933646561557e+01
1.188035680279585016e+01
1.188025794216956221e+01
1.188040545008206195e+01
1.188025751757263215e+01
1.188035786033766072e+01
1.188033734139715669e+01
1.188027199605289219e+01
1.188040117008037733e+01
1.188025102832071767e+01
1.188037246873500052e+01
1.188031998079511453e+01
1.188028584276621125e+01
1.188039589182299949e+01
1.188024560550420006e+01
1.188038706057640503e+01
1.188030094840388884e+01
1.188030292247327147e+01
1.188038672107859561e+01
1.188024333045902736e+01
1.188040068255527437e+01
1.188027976283216702e+01
1.188032535252466637e+01
1.188036992107404544e+01
1.188024924848915731e+01
1.188040759617903319e+01
1.188026200570515023e+01
1.188034864109737043e+01
1.188034807161581696e+01
1.188026321824539266e+01
1.188040540832395209e+01
1.188025223362560467e+01
1.188036683424883933e+01
1.188032751974264123e+01
1.188027952981445345e+01
1.188039834271849315e+01
1.188024822896539590e+01
1.188038001810196498e+01
1.188031007479926160e+01
1.188029496454092815e+01
1.188039043318017107e+01
1.188024570758964060e+01
1.188039228347416909e+01
1.188029213876014190e+01
1.188031244310517209e+01
1.188037956798270400e+01
1.188024583180932048e+01
1.188040358664174789e+01
1.188027246734512232e+01
1.188033459537815695e+01
1.188036180272082731e+01
1.188025354790830512e+01
1.188040855144301311e+01
1.188025608939638822e+01
1.188035758863801838e+01
1.188033903170286187e+01
1.188026936009884515e+01
1.188040422959518594e+01
1.188024798822451089e+01
1.188037520147595316e+01
1.188031768333917526e+01
1.188028768490077880e+01
1.188039450066570168e+01
1.188024649670434663e+01
1.188038680465172092e+01
1.188030037192373456e+01
1.188030451322926950e+01
1.188038405569794875e+01
1.188024691861584969e+01
1.188039657452820741e+01
1.188028377128703283e+01
1.188032216655260065e+01
1.188037162087765886e+01
1.188024947141318677e+01
1.188040536958500226e+01
1.188026591632413442e+01
1.188034371214685336e+01
1.188035314663062891e+01
1.188025888277146436e+01
1.188040829838923607e+01
1.188025117468837344e+01
1.188036605408237278e+01
1.188032980831865615e+01
1.188027628424052473e+01
1.188040192678673357e+01
1.188024484513820234e+01
1.188038284049481952e+01
1.188030797350696766e+01
1.188029634508239774e+01
1.188038969768466657e+01
1.188024585802490485e+01
1.188039272926640244e+01
1.188029101323944658e+01
1.188031434977955847e+01
1.188037685317321923e+01
1.188024921875556927e+01
1.188039987449772639e+01
1.188027596429316368e+01
1.188033195395406239e+01
1.188036299465979440e+01
1.188025419448919884e+01
1.188040600985637596e+01
1.188026019879041151e+01
1.188035257706079051e+01
1.188034407284986926e+01
1.188026517897508683e+01
1.188040684040975492e+01
1.188024733009522294e+01
1.188037391978800628e+01
1.188032052893908030e+01
1.188028389629227100e+01
1.188039852873047408e+01
1.188024285230041066e+01
1.188038964048619839e+01
1.188029852926729646e+01
1.188030538753078780e+01
1.188038400061489241e+01
1.188024632437067041e+01
1.188039770473378454e+01
1.188028213506530406e+01
1.188032433113493447e+01
1.188036893083012657e+01
1.188025257316976457e+01
1.188040213765997599e+01
1.188026882870920531e+01
1.188034166501100408e+01
1.188035381427706660e+01
1.188025993063332741e+01
1.188040550219163549e+01
1.188025539209239945e+01
1.188036106758294608e+01
1.188033470784018775e+01
1.188027234819440281e+01
1.188040419860115904e+01
1.188024460838078333e+01
1.188038107708394264e+01
1.188031132152953973e+01
1.188029209222878180e+01
1.188039407988923557e+01
1.188024204104012682e+01
1.188039550297806635e+01
1.188028948532674889e+01
1.188031468457439210e+01
1.188037748844101138e+01
1.188024789193677400e+01
1.188040165704588702e+01
1.188027386696326282e+01
1.188033431233321480e+01
1.188036040376779745e+01
1.188025693254157389e+01
1.188040333244530267e+01
1.188026246649822326e+01
1.188035116002316194e+01
1.188034421288646314e+01
1.188026659490536652e+01
1.188040385757057749e+01
1.188025156089985757e+01
1.188036906607142207e+01
1.188032518273581672e+01
1.188028028911670830e+01
1.188040041145017511e+01
1.188024304585874447e+01
1.188038742773535006e+01
1.188030231282589000e+01
1.188030075974861433e+01
1.188038863982712101e+01
1.188024242555088428e+01
1.188040034330511219e+01
1.188028097013346240e+01
1.188032410551107532e+01
1.188037025120079981e+01
1.188025054167124139e+01
1.188040452651732259e+01
1.188026632982611019e+01
1.188034414863273902e+01
1.188035139527251616e+01
1.188026223380839319e+01
1.188040344187990627e+01
1.188025696918512253e+01
1.188036030192152737e+01
1.188033432989243110e+01
1.188027408911954552e+01
1.188040110297319352e+01
1.188024875636594047e+01
1.188037646138810466e+01
1.188031563151590042e+01
1.188028888887900436e+01
1.188039553425296901e+01
1.188024266194335254e+01
1.188039288524671377e+01
1.188029362664133615e+01
1.188030977975975411e+01
1.188038228246292682e+01
1.188024400261086733e+01
1.188040409186065105e+01
1.188027310403631276e+01
1.188033351844855545e+01
1.188036238875039885e+01
1.188025423948115389e+01
1.188040626870831318e+01
1.188025963408452945e+01
1.188035369763456828e+01
1.188034203501789143e+01
1.188026840108250681e+01
1.188040246382895404e+01
1.188025241652769992e+01
1.188036895826810202e+01
1.188032430889630930e+01
1.188028230331900303e+01
1.188039728091764147e+01
1.188024701546792627e+01
1.188038315043141502e+01
1.188030618911803771e+01
1.188029802468785512e+01
1.188038963827918337e+01
1.188024345895349221e+01
1.188039737598948875e+01
1.188028538221833408e+01
1.188031902796369366e+01
1.188037509511226730e+01
1.188024675156235688e+01
1.188040669511937608e+01
1.188026599757619728e+01
1.188034279214465094e+01
1.188035400940549025e+01
1.188025893664003441e+01
1.188040685513928452e+01
1.188025387805919308e+01
1.188036282137056965e+01
1.188033245717879005e+01
1.188027534674717245e+01
1.188040041103617384e+01
1.188024887534882801e+01
1.188037700319313217e+01
1.188031429558680507e+01
1.188029111741221122e+01
1.188039244878705247e+01
1.188024636053599536e+01
1.188038903957054160e+01
1.188029698952187552e+01
1.188030756559581924e+01
1.188038280969623628e+01
1.188024542216840373e+01
1.188040084014323483e+01
1.188027769264382272e+01
1.188032837652070661e+01
1.188036717732743242e+01
1.188025063455473607e+01
1.188040811641334926e+01
1.188025974993570522e+01
1.188035179782008299e+01
1.188034522847781638e+01
1.188026457039137895e+01
1.188040627378584091e+01
1.188024914648270425e+01
1.188037138832629225e+01
1.188032279848698991e+01
1.188028297271177003e+01
1.188039731095995677e+01
1.188024639854601539e+01
1.188038431924238303e+01
1.188030443560147020e+01
1.188030040294837697e+01
1.188038667795419911e+01
1.188024679897792701e+01
1.188039404595893700e+01
1.188028816383243225e+01
1.188031737440569735e+01
1.188037514827330199e+01
1.188024852012962995e+01
1.188040323244177721e+01
1.188027066334521464e+01
1.188033769577710608e+01
1.188035863954745786e+01
1.188025559705049972e+01
1.188040833644837591e+01
1.188025444756982729e+01
1.188036041091861428e+01
1.188033616672663229e+01
1.188027106474171468e+01
1.188040452934470892e+01
1.188024550921490530e+01
1.188037927536754701e+01
1.188031319625846294e+01
1.188029117180628091e+01
1.188039320540975829e+01
1.188024502429145102e+01
1.188039079910900142e+01
1.188029487238878268e+01
1.188031002500733280e+01
1.188038005271532072e+01
1.188024832320521185e+01
1.188039809870621966e+01
1.188027983839336521e+01
1.188032730967216111e+01
1.188036676588751916e+01
1.188025270518054199e+01
1.188040452271816072e+01
1.188026439068455176e+01
1.188034685603336271e+01
1.188034960157511577e+01
1.188026156858852111e+01
1.188040735355313515e+01
1.188025016303634906e+01
1.188036851279125550e+01
1.188032694874428330e+01
1.188027833143527623e+01
1.188040164326329595e+01
1.188024302017335998e+01
1.188038636953995919e+01
1.188030378642310048e+01
1.188029982929295869e+01
1.188038814998963133e+01
1.188024477543238966e+01
1.188039634722637494e+01
1.188028574510030388e+01
1.188031984417816389e+01
1.188037266904701816e+01
1.188025091076336714e+01
1.188040113988966695e+01
1.188027213295978157e+01
1.188033722776902756e+01
1.188035778485698124e+01
1.188025791423223332e+01
1.188040469624394646e+01
1.188025896066798914e+01
1.188035572933008410e+01
1.188034019090140347e+01
1.188026846379360180e+01
1.188040518365888332e+01
1.188024695404008924e+01
1.188037599228418628e+01
1.188031770129489040e+01
1.188028627110077373e+01
1.188039765352804977e+01
1.188024171649837513e+01
1.188039256971228497e+01
1.188029470158783241e+01
1.188030882447134928e+01
1.188038221335865607e+01
1.188024565909927865e+01
1.188040088120028237e+01
1.188027718654214304e+01
1.188032971859921183e+01
1.188036463320288760e+01
1.188025452466583154e+01
1.188040312538928056e+01
1.188026515895838742e+01
1.188034698499060937e+01
1.188034833612672792e+01
1.188026406974256943e+01
1.188040375385997294e+01
1.188025444778749673e+01
1.188036419122679455e+01
1.188033054090188934e+01
1.188027618361635973e+01
1.188040186001271259e+01
1.188024486270087898e+01
1.188038274721213305e+01
1.188030855162483590e+01
1.188029477455904726e+01
1.188039261420984971e+01
1.188024161796867517e+01
1.188039778803653412e+01
1.188028606916360097e+01
1.188031803235182871e+01
1.188037547631985547e+01
1.188024766652651820e+01
1.188040433306012211e+01
1.188026932121488066e+01
1.188033950603035827e+01
1.188035606016980061e+01
1.188025911392723444e+01
1.188040402553379238e+01
1.188025901786099148e+01
1.188035643965594801e+01
1.188033855733467981e+01
1.188027108089342221e+01
1.188040171189735617e+01
1.188025091401128819e+01
1.188037212254751118e+01
1.188032078893240495e+01
1.188028461678284664e+01
1.188039743263241554e+01
1.188024391505111943e+01
1.188038868570150441e+01
1.188029962576380605e+01
1.188030372427800074e+01
1.188038659476825032e+01
1.188024272667984071e+01
1.188040195120116138e+01
1.188027800958447955e+01
1.188032732537301861e+01
1.188036803075075731e+01
1.188025077308899391e+01
1.188040665031062204e+01
1.188026226347085057e+01
1.188034906592736561e+01
1.188034707200643503e+01
1.188026461428789737e+01
1.188040382554856933e+01
1.188025379969440110e+01
1.188036545418574264e+01
1.188032859078527537e+01
1.188027884494919917e+01
1.188039860188944452e+01
1.188024840793849357e+01
1.188037941106629702e+01
1.188031107435399214e+01
1.188029364142983191e+01
1.188039196751496007e+01
1.188024412076513769e+01
1.188039372738918509e+01
1.188029104683554671e+01
1.188031299595878210e+01
1.188037967912069348e+01
1.188024502699293450e+01
1.188040500145790546e+01
1.188027063464510391e+01
1.188033657513890162e+01
1.188035997838959723e+01
1.188025493855550785e+01
1.188040779676697234e+01
1.188025611581715069e+01
1.188035826148658813e+01
1.188033779608952933e+01
1.188027094911794634e+01
1.188040252580004896e+01
1.188024958170722023e+01
1.188037389712305014e+01
1.188031858135897778e+01
1.188028724877840858e+01
1.188039447007749061e+01
1.188024696413180692e+01
1.188038595310643331e+01
1.188030153651838461e+01
1.188030312689852153e+01
1.188038554561426174e+01
1.188024547311963453e+01
1.188039780446455929e+01
1.188028293339815633e+01
1.188032246023402649e+01
1.188037196448735777e+01
1.188024848575539849e+01
1.188040689740726741e+01
1.188026404597897923e+01
1.188034565415295418e+01
1.188035142949186174e+01
1.188026010755877238e+01
1.188040775315834274e+01
1.188025096739166386e+01
1.188036696162823702e+01
1.188032836329506736e+01
1.188027803048617237e+01
1.188040014183473403e+01
1.188024642721128998e+01
1.188038164506999195e+01
1.188030867438643412e+01
1.188029617051754450e+01
1.188038937671568362e+01
1.188024660263972265e+01
1.188039165502797090e+01
1.188029231274568787e+01
1.188031293565783386e+01
1.188037826160647903e+01
1.188024794918200300e+01
1.188040086254339656e+01
1.188027539783452191e+01
1.188033198445612904e+01
1.188036356002699634e+01
1.188025305279099442e+01
1.188040761453298622e+01
1.188025833369702688e+01
1.188035443752786513e+01
1.188034250137233450e+01
1.188026621027930929e+01
1.188040651748696064e+01
1.188024689263760081e+01
1.188037504288659463e+01
1.188031890614314889e+01
1.188028576037627992e+01
1.188039670421376748e+01
1.188024438461310517e+01
1.188038858451380797e+01
1.188029901351659845e+01
1.188030548135479947e+01
1.188038339518419662e+01
1.188024732871659772e+01
1.188039643458044914e+01
1.188028353632546441e+01
1.188032292532711232e+01
1.188037022246320795e+01
1.188025151022111281e+01
1.188040286136340029e+01
1.188026854481430306e+01
1.188034143455069724e+01
1.188035458528372956e+01
1.188025866165002675e+01
1.188040714548057686e+01
1.188025357520186454e+01
1.188036280465108518e+01
1.188033331684862759e+01
1.188027316333846173e+01
1.188040410513319145e+01
1.188024395019941970e+01
1.188038239117696726e+01
1.188030955693532320e+01
1.188029403203151801e+01
1.188039225814656419e+01
1.188024348664830399e+01
1.188039461351668180e+01
1.188028973860904713e+01
1.188031504740848376e+01
1.188037661092225150e+01
1.188024913274561989e+01
1.188040022210037705e+01
1.188027533457110962e+01
1.188033295076795071e+01
1.188036154585439519e+01
1.188025610233348672e+01
1.188040377529226177e+01
1.188026246984931866e+01
1.188035067690787727e+01
1.188034516846890831e+01
1.188026523060628392e+01
1.188040550008014762e+01
1.188024983419013658e+01
1.188037064078757510e+01
1.188032400260306964e+01
1.188028087089278095e+01
1.188040054870059947e+01
1.188024218205940841e+01
1.188038890341151799e+01
1.188030044591267753e+01
1.188030273140745230e+01
1.188038686292889423e+01
1.188024374983043074e+01
1.188039964324474163e+01
1.188028098368090646e+01
1.188032473167296033e+01
1.188036912019676450e+01
1.188025199036558810e+01
1.188040296153614328e+01
1.188026782695571271e+01
1.188034286621466684e+01
1.188035235840415638e+01
1.188026165727578665e+01
1.188040359364057785e+01
1.188025725796399712e+01
1.188035958028268091e+01
1.188033544460536639e+01
1.188027266388261260e+01
1.188040270511755025e+01
1.188024715985186575e+01
1.188037783860223762e+01
1.188031468748120112e+01
1.188028922591871606e+01
1.188039589759950054e+01
1.188024161293001946e+01
1.188039448893933425e+01
1.188029169946153907e+01
1.188031173871285517e+01
1.188038059119242362e+01
1.188024517412342718e+01
1.188040359931272327e+01
1.188027287493965289e+01
1.188033439600280339e+01
1.188036102872532140e+01
1.188025586279883505e+01
1.188040461128642278e+01
1.188026112335539608e+01
1.188035252741360459e+01
1.188034279382377179e+01
1.188026809349248758e+01
1.188040232077396929e+01
1.188025298250177286e+01
1.188036801767452744e+01
1.188032555356401154e+01
1.188028085308367743e+01
1.188039880386187619e+01
1.188024558627359539e+01
1.188038429958502107e+01
1.188030550074687497e+01
1.188029811167278105e+01
1.188039021737239231e+01
1.188024224991181121e+01
1.188039907079002866e+01
1.188028343839132361e+01
1.188032093001824308e+01
1.188037352797389801e+01
1.188024774284526508e+01
1.188040642292229343e+01
1.188026552893227006e+01
1.188034390310456523e+01
1.188035245017510810e+01
1.188026069737396107e+01
1.188040514484133503e+01
1.188025532242413718e+01
1.188036179374165791e+01
1.188033299094749751e+01
1.188027531732554110e+01
1.188039997602101217e+01
1.188024970408669923e+01
1.188037586815656610e+01
1.188031563802398338e+01
1.188028967881160014e+01
1.188039385535999060e+01
1.188024513204963384e+01
1.188038993536212651e+01
1.188029657031559161e+01
1.188030740330864177e+01
1.188038358876985789e+01
1.188024408242182339e+01
1.188040258670460503e+01
1.188027577630671416e+01
1.188033017891276266e+01
1.188036576961358826e+01
1.188025142280801916e+01
1.188040807177401703e+01
1.188025905084074907e+01
1.188035311850472908e+01
1.188034350456159416e+01
1.188026642823406220e+01
1.188040455121869421e+01
1.188025051012210653e+01
1.188037053027481704e+01
1.188032309169810397e+01
1.188028322438985462e+01
1.188039659337687226e+01
1.188024746975696644e+01
1.188038301862630419e+01
1.188030584138830292e+01
1.188029901243852748e+01
1.188038793351125477e+01
1.188024580010402964e+01
1.188039466887702567e+01
1.188028802098969905e+01
1.188031696962851136e+01
1.188037610659064214e+01
1.188024708239149696e+01
1.188040498994180894e+01
1.188026881809355473e+01
1.188033935818994635e+01
1.188035742249394389e+01
1.188025616469705348e+01
1.188040852073573994e+01
1.188025353295177311e+01
1.188036191246289341e+01
1.188033431657198946e+01
1.188027297721868791e+01
1.188040283519022822e+01
1.188024675841774780e+01
1.188037860977789606e+01
1.188031323901057590e+01
1.188029170109588506e+01
1.188039222100590742e+01
1.188024631228403649e+01
1.188038936545092028e+01
1.188029630568651207e+01
1.188030871800879318e+01
1.188038112593753226e+01
1.188024757772434192e+01
1.188039843542538065e+01
1.188027997272050484e+01
1.188032667494318595e+01
1.188036787830451857e+01
1.188025120472831375e+01
1.188040624985253757e+01
1.188026265853524066e+01
1.188034834154370856e+01
1.188034860163127249e+01
1.188026190368872825e+01
1.188040776225355444e+01
1.188024905332586201e+01
1.188037016180026129e+01
1.188032501383906769e+01
1.188028025490609885e+01
1.188040001729479300e+01
1.188024412418213238e+01
1.188038591458684046e+01
1.188030357474387877e+01
1.188030062629742112e+01
1.188038692055008028e+01
1.188024624968744192e+01
1.188039481598331726e+01
1.188028716949496122e+01
1.188031865424280831e+01
1.188037353266509655e+01
1.188025043680633708e+01
1.188040118352880725e+01
1.188027253892308899e+01
1.188033638101202527e+01
1.188035902248066122e+01
1.188025638803054740e+01
1.188040635221891073e+01
1.188025738107418938e+01
1.188035700525558269e+01
1.188033942913551577e+01
1.188026856030222334e+01
1.188040580649598610e+01
1.188024567468745119e+01
1.188037775161607534e+01
1.188031572519036771e+01
1.188028816180133340e+01
1.188039613363759095e+01
1.188024264829269150e+01
1.188039233835537800e+01
1.188029423761180858e+01
1.188030987304007979e+01
1.188038076625401018e+01
1.188024728495166116e+01
1.188039928992736449e+01
1.188027856590426090e+01
1.188032867661425662e+01
1.188036526463699438e+01
1.188025433430701838e+01
1.188040287563362085e+01
1.188026582487012028e+01
1.188034594903233199e+01
1.188034966704755924e+01
1.188026255554062871e+01
1.188040529935797984e+01
1.188025305673097520e+01
1.188036522985402144e+01
1.188033003255563713e+01
1.188027604147682226e+01
1.188040268122679244e+01
1.188024344355300599e+01
1.188038457686712412e+01
1.188030657889696506e+01
1.188029658965470148e+01
1.188039123547599552e+01
1.188024235496154368e+01
1.188039778763878118e+01
1.188028536116473788e+01
1.188031931038357847e+01
1.188037384392065299e+01
1.188024940594777412e+01
1.188040272053414625e+01
1.188027062056192307e+01
1.188033863947180357e+01
1.188035644207588604e+01
1.188025921290076070e+01
1.188040348862284645e+01
1.188025992618980808e+01
1.188035524164685697e+01
1.188033994741300781e+01
1.188026961631932643e+01
1.188040310999294924e+01
1.188024974319224469e+01
1.188037290172599469e+01
1.188032054313110031e+01
1.188028424186151355e+01
1.188039843140728458e+01
1.188024238960928258e+01
1.188039054378952564e+01
1.188029770094433246e+01
1.188030542289517477e+01
1.188038538859444770e+01
1.188024325130155212e+01
1.188040218328856312e+01
1.188027707185408488e+01
1.188032880526916379e+01
1.188036624971456590e+01
1.188025258555937214e+01
1.188040505561317062e+01
1.188026344981699900e+01
1.188034839817621346e+01
1.188034719271966289e+01
1.188026500183076983e+01
1.188040301413237998e+01
1.188025492749190448e+01
1.188036412493794991e+01
1.188033000447410892e+01
1.188027746662077533e+01
1.188039981889718888e+01
1.188024748407731401e+01
1.188037991466040566e+01
1.188031109397267748e+01
1.188029304529895569e+01
1.188039311853446378e+01
1.188024252534890479e+01
1.188039557114526268e+01
1.188028921334615973e+01
1.188031454016253541e+01
1.188037867247281376e+01
1.188024532714076287e+01
1.188040546163447786e+01
1.188026948721043397e+01
1.188033822440291232e+01
1.188035808883194377e+01
1.188025678200939872e+01
1.188040625834543818e+01
1.188025715899242840e+01
1.188035781122311008e+01
1.188033764995410380e+01
1.188027161794475717e+01
1.188040145866539277e+01
1.188025090114286542e+01
1.188037247037797606e+01
1.188031998254787780e+01
1.188028599144618447e+01
1.188039547631817783e+01
1.188024630839200491e+01
1.188038617130246344e+01
1.188030181819831910e+01
1.188030232648187834e+01
1.188038681972648725e+01
1.188024384596503324e+01
1.188039959127999268e+01
1.188028123252044566e+01
1.188032381592145903e+01
1.188037117925508568e+01
1.188024855509235245e+01
1.188040757543280712e+01
1.188026271416442192e+01
1.188034743612568001e+01
1.188034947405779462e+01
1.188026193938238251e+01
1.188040630788702501e+01
1.188025184080942864e+01
1.188036674232122358e+01
1.188032795086908955e+01
1.188027896690036656e+01
1.188039884350290265e+01
1.188024790620862525e+01
1.188038015670707814e+01
1.188031002725312213e+01
1.188029506625315612e+01
1.188039014719054265e+01
1.188024623017724579e+01
1.188039158449783628e+01
1.188029284705188360e+01
1.188031195275592466e+01
1.188037962657185176e+01
1.188024632950269499e+01
1.188040255098181852e+01
1.188027386774573912e+01
1.188033312213990200e+01
1.188036301252810389e+01
1.188025289088344749e+01
1.188040849456412928e+01
1.188025684753677780e+01
1.188035631224158628e+01
1.188034052423146925e+01
1.188026798833480591e+01
1.188040519975402987e+01
1.188024757398754083e+01
1.188037506239543539e+01
1.188031823426710432e+01
1.188028694452248324e+01
1.188039520441205354e+01
1.188024598757972505e+01
1.188038707171150676e+01
1.188030028337395017e+01
1.188030455879599678e+01
1.188038391014908512e+01
1.188024724835806012e+01
1.188039607850619817e+01
1.188028430803386470e+01
1.188032178604036382e+01
1.188037164376254928e+01
1.188024993725986178e+01
1.188040441213399845e+01
1.188026721971434796e+01
1.188034233001264539e+01
1.188035428592350584e+01
1.188025827394148948e+01
1.188040820646811646e+01
1.188025196872014355e+01
1.188036472977896096e+01
1.188033136264153455e+01
1.188027484698500480e+01
1.188040294598141955e+01
1.188024442204227604e+01
1.188038265148418660e+01
1.188030863865407838e+01
1.188029543829155976e+01
1.188039059115764218e+01
1.188024517529047230e+01
1.188039311387788999e+01
1.188029089273448768e+01
1.188031433107170187e+01
1.188037685635493368e+01
1.188024934679659061e+01
1.188039959006472301e+01
1.188027632307330173e+01
1.188033168483574187e+01
1.188036298753474185e+01
1.188025461442822817e+01
1.188040515215666026e+01
1.188026137919872838e+01
1.188035131170953740e+01
1.188034512155947553e+01
1.188026462823187757e+01
1.188040671630841949e+01
1.188024814457124556e+01
1.188037257265994207e+01
1.188032211537056426e+01
1.188028242197285955e+01
1.188039957505027111e+01
1.188024243230083421e+01
1.188038940050088677e+01
1.188029930024407044e+01
1.188030432893947719e+01
1.188038506682549844e+01
1.188024548404028558e+01
1.188039819390088425e+01
1.188028199211435698e+01
1.188032424134483378e+01
1.188036908815017334e+01
1.188025249455008669e+01
1.188040206928435616e+01
1.188026900676971032e+01
1.188034150628686980e+01
1.188035378394266850e+01
1.188026029096074510e+01
1.188040476423515202e+01
1.188025642584659636e+01
1.188035994212596691e+01
1.188033564834295674e+01
1.188027186333553153e+01
1.188040404686588047e+01
1.188024542652726900e+01
1.188037973325796059e+01
1.188031290960989850e+01
1.188029060967835626e+01
1.188039513158033955e+01
1.188024163515395237e+01
1.188039521283094047e+01
1.188029035100917952e+01
1.188031349212769072e+01
1.188037870696924259e+01
1.188024691292265089e+01
1.188040223602402001e+01
1.188027371123340359e+01
1.188033414622346129e+01
1.188036071755917433e+01
1.188025664633151557e+01
1.188040348036439653e+01
1.188026246473216219e+01
1.188035110826924168e+01
1.188034416699306206e+01
1.188026688265089881e+01
1.188040325733396685e+01
1.188025242712014240e+01
1.188036810061195503e+01
1.188032600015631601e+01
1.188027987574993283e+01
1.188040023816380142e+01
1.188024384995578231e+01
1.188038611382507703e+01
1.188030387196348947e+01
1.188029929758646652e+01
1.188038967578736482e+01
1.188024204355883562e+01
1.188040000573752764e+01
1.188028191680536594e+01
1.188032280018161480e+01
1.188037159859414515e+01
1.188024944536470251e+01
1.188040517919494121e+01
1.188026617083433045e+01
1.188034390275685581e+01
1.188035186465744353e+01
1.188026174316696526e+01
1.188040380211413449e+01
1.188025679204041296e+01
1.188036035146768654e+01
1.188033427666821851e+01
1.188027429240683119e+01
1.188040065599735406e+01
1.188024943739377903e+01
1.188037567265472561e+01
1.188031631395557497e+01
1.188028855039279996e+01
1.188039534683417742e+01
1.188024343374316949e+01
1.188039162777374713e+01
1.188029512675997523e+01
1.188030836578421479e+01
1.188038328270822319e+01
1.188024365280445949e+01
1.188040371155320862e+01
1.188027411560323188e+01
1.188033212385514581e+01
1.188036383899295068e+01
1.188025304927828074e+01
1.188040697801825729e+01
1.188025948089103423e+01
1.188035337052446394e+01
1.188034265583183924e+01
1.188026771324021347e+01
1.188040302827422501e+01
1.188025207185028975e+01
1.188036910141719282e+01
1.188032425686618687e+01
1.188028241170193056e+01
1.188039699993914411e+01
1.188024749722408302e+01
1.188038255148951094e+01
1.188030672780974939e+01
1.188029776228370515e+01
1.188038944523789375e+01
1.188024418012267347e+01
1.188039620080001413e+01
1.188028679439159774e+01
1.188031768857343273e+01
1.188037604120059498e+01
1.188024644054573109e+01
1.188040627863784060e+01
1.188026705585009068e+01
1.188034133410008053e+01
1.188035553444968073e+01
1.188025767742172079e+01
1.188040760349076486e+01
1.188025373897006531e+01
1.188036241368470414e+01
1.188033322195826536e+01
1.188027447291126393e+01
1.188040116763390586e+01
1.188024837416258706e+01
1.188037723047723304e+01
1.188031425328715152e+01
1.188029112218183059e+01
1.188039234342675421e+01
1.188024663280385695e+01
1.188038863961325120e+01
1.188029737891219639e+01
1.188030737837592277e+01
1.188038262035588666e+01
1.188024607473973937e+01
1.188039977183681728e+01
1.188027898969920315e+01
1.188032713618017944e+01
1.188036805272826335e+01
1.188025036710820181e+01
1.188040767208850212e+01
1.188026083498624352e+01
1.188035030381650792e+01
1.188034679882770916e+01
1.188026326796982701e+01
1.188040704350563814e+01
1.188024902877143418e+01
1.188037090295172327e+01
1.188032369652528608e+01
1.188028192789245985e+01
1.188039824394402011e+01
1.188024575477177791e+01
1.188038461971251891e+01
1.188030441129497383e+01
1.188030029740600391e+01
1.188038675446673054e+01
1.188024685560994698e+01
1.188039385017743399e+01
1.188028840159519994e+01
1.188031725950905049e+01
1.188037497247089469e+01
1.188024908694971593e+01
1.188040229382789548e+01
1.188027182042270269e+01
1.188033657653922326e+01
1.188035942994775418e+01
1.188025537605932591e+01
1.188040787419197031e+01
1.188025553813484869e+01
1.188035890956226659e+01
1.188033775205866860e+01
1.188026974528792579e+01
1.188040530311454468e+01
1.188024541887319074e+01
1.188037871746876739e+01
1.188031421373287344e+01
1.188028997456317271e+01
1.188039429562859972e+01
1.188024425440829646e+01
1.188039116065434264e+01
1.188029487378346438e+01
1.188030980470026776e+01
1.188038031380208714e+01
1.188024816225154723e+01
1.188039810823795150e+01
1.188027992537880806e+01
1.188032726245156567e+01
1.188036661366160018e+01
1.188025317034063377e+01
1.188040373431380914e+01
1.188026538573711122e+01
1.188034587712926538e+01
1.188035029511625140e+01
1.188026139503715228e+01
1.188040688461562233e+01
1.188025123698063901e+01
1.188036703320104870e+01
1.188032851854923067e+01
1.188027702090355575e+01
1.188040240453935326e+01
1.188024296170179639e+01
1.188038574654786395e+01
1.188030490659633998e+01
1.188029850140238608e+01
1.188038937530059336e+01
1.188024389808555981e+01
1.188039675691818786e+01
1.188028577907727446e+01
1.188031950709439855e+01
1.188037311373499705e+01
1.188025053452222934e+01
1.188040135184294854e+01
1.188027207308316413e+01
1.188033724200245622e+01
1.188035766613257671e+01
1.188025826347183589e+01
1.188040407582303359e+01
1.188025977489430929e+01
1.188035490683256867e+01
1.188034077834487157e+01
1.188026833682208583e+01
1.188040472033759087e+01
1.188024798884915789e+01
1.188037456347086085e+01
1.188031922552313446e+01
1.188028499466716958e+01
1.188039838692867356e+01
1.188024169274680375e+01
1.188039189124812012e+01
1.188029590508430999e+01
1.188030739051735729e+01
1.188038354908924354e+01
1.188024469466109245e+01
1.188040132565415163e+01
1.188027725889762998e+01
1.188032926531701960e+01
1.188036525679168243e+01
1.188025393965518894e+01
1.188040353294258900e+01
1.188026495903210211e+01
1.188034705312109196e+01
1.188034826040447633e+01
1.188026429081749669e+01
1.188040331606260303e+01
1.188025506599059078e+01
1.188036353779074972e+01
1.188033101572480987e+01
1.188027610063302930e+01
1.188040141532154159e+01
1.188024583599461792e+01
1.188038139745556521e+01
1.188031000131696757e+01
1.188029355609004156e+01
1.188039330585856312e+01
1.188024163003422196e+01
1.188039706576791943e+01
1.188028733431861461e+01
1.188031651924655741e+01
1.188037689578800027e+01
1.188024663661902913e+01
1.188040479880845979e+01
1.188026943642331368e+01
1.188033893981804567e+01
1.188035685424954835e+01
1.188025833077720961e+01
1.188040461810826365e+01
1.188025868737314283e+01
1.188035655305515803e+01
1.188033853339005574e+01
1.188027116390207105e+01
1.188040146790453910e+01
1.188025132487927493e+01
1.188037164722816108e+01
1.188032114735614186e+01
1.188028457362547563e+01
1.188039701994526354e+01
1.188024480510164516e+01
1.188038744194372143e+01
1.188030097364921644e+01
1.188030258584427834e+01
1.188038723258141438e+01
1.188024277386796079e+01
1.188040119863042676e+01
1.188027931286116434e+01
1.188032576181521449e+01
1.188036950583331830e+01
1.188024970007955972e+01
1.188040712417523714e+01
1.188026242447704384e+01
1.188034839278768651e+01
1.188034802454945016e+01
1.188026364755350528e+01
1.188040458905217100e+01
1.188025335053703735e+01
1.188036560343724801e+01
1.188032862638242904e+01
1.188027878261263837e+01
1.188039855916674981e+01
1.188024860424586215e+01
1.188037911921400536e+01
1.188031131531081463e+01
1.188029363256632998e+01
1.188039160019546259e+01
1.188024490700363245e+01
1.188039261465924490e+01
1.188029226788374793e+01
1.188031195740636470e+01
1.188038025303209544e+01
1.188024510684351220e+01
1.188040423364635600e+01
1.188027195111058987e+01
1.188033499102275137e+01
1.188036148012541915e+01
1.188025384503877468e+01
1.188040826622021662e+01
1.188025632386638719e+01
1.188035749014024134e+01
1.188033889161808254e+01
1.188026981701216656e+01
1.188040344294132744e+01
1.188024902785741688e+01
1.188037407232116749e+01
1.188031868298329741e+01
1.188028703667072605e+01
1.188039463218995628e+01
1.188024694286097649e+01
1.188038584633577344e+01
1.188030166156168121e+01
1.188030314565839696e+01
1.188038523664358870e+01
1.188024613661844597e+01
1.188039684534942353e+01
1.188028400531011641e+01
1.188032153882193143e+01
1.188037246660542756e+01
1.188024859413247647e+01
1.188040613064251083e+01
1.188026534982793869e+01
1.188034407994208053e+01
1.188035292870344684e+01
1.188025901584005517e+01
1.188040820666031294e+01
1.188025122190658323e+01
1.188036610343135635e+01
1.188032958312682830e+01
1.188027675453472654e+01
1.188040119250283766e+01
1.188024578436946221e+01
1.188038183612977683e+01
1.188030884699980128e+01
1.188029580724356826e+01
1.188038974321561447e+01
1.188024636502322195e+01
1.188039173125819659e+01
1.188029232590924700e+01
1.188031297448623036e+01
1.188037802321951553e+01
1.188024847310033927e+01
1.188040007671605913e+01
1.188027630146472369e+01
1.188033119456632036e+01
1.188036398472386779e+01
1.188025318403136943e+01
1.188040686594949236e+01
1.188025959880822668e+01
1.188035290361148455e+01
1.188034396928886061e+01
1.188026514187510863e+01
1.188040694478628900e+01
1.188024719115006000e+01
1.188037411167851332e+01
1.188032022871394666e+01
1.188028436499740614e+01
1.188039786591959945e+01
1.188024366980430813e+01
1.188038878148665489e+01
1.188029926034011829e+01
1.188030496867184738e+01
1.188038396157326737e+01
1.188024688020050768e+01
1.188039668814482752e+01
1.188028344393668334e+01
1.188032297605442267e+01
1.188037006580162647e+01
1.188025188020527878e+01
1.188040226517672515e+01
1.188026926451724563e+01
1.188034078747282329e+01
1.188035492921856040e+01
1.188025880876311469e+01
1.188040643264607255e+01
1.188025477571156685e+01
1.188036134070039296e+01
1.188033472571250293e+01
1.188027213850939745e+01
1.188040449752017835e+01
1.188024428834362567e+01
1.188038140305677359e+01
1.188031095819635041e+01
1.188029254404662360e+01
1.188039350651744286e+01
1.188024271779451979e+01
1.188039480690444982e+01
1.188029006093872120e+01
1.188031439028862302e+01
1.188037736868962035e+01
1.188024848287456336e+01
1.188040064392183481e+01
1.188027514502235960e+01
1.188033300488926969e+01
1.188036148064321118e+01
1.188025630686484391e+01
1.188040338144413255e+01
1.188026299374720907e+01
1.188035018069849968e+01
1.188034543055018410e+01
1.188026538551575761e+01
1.188040484056155144e+01
1.188025094506546786e+01
1.188036927513024743e+01
1.188032532624318272e+01
1.188027990822271462e+01
1.188040089920340847e+01
1.188024255363012216e+01
1.188038787644499905e+01
1.188030189979616225e+01
1.188030117949176123e+01
1.188038817224645882e+01
1.188024294530400127e+01
1.188039982430364105e+01
1.188028138074302120e+01
1.188032393830157574e+01
1.188037005693483295e+01
1.188025115258980513e+01
1.188040353936701798e+01
1.188026755043740579e+01
1.188034291517442220e+01
1.188035239265681042e+01
1.188026168796177373e+01
1.188040341091385166e+01
1.188025757813464800e+01
1.188035923969667529e+01
1.188033562589867742e+01
1.188027281769929822e+01
1.188040211604065988e+01
1.188024815744797102e+01
1.188037659763171305e+01
1.188031590183782527e+01
1.188028834195131189e+01
1.188039620111724126e+01
1.188024201000626512e+01
1.188039344280120879e+01
1.188029317840557120e+01
1.188031015279804414e+01
1.188038193496080908e+01
1.188024435229378994e+01
1.188040376033696965e+01
1.188027334379295397e+01
1.188033347770930703e+01
1.188036212832460592e+01
1.188025485420407712e+01
1.188040533000970278e+01
1.188026077155441840e+01
1.188035256289125385e+01
1.188034293357977944e+01
1.188026794529743668e+01
1.188040235385293109e+01
1.188025309508730132e+01
1.188036783416512243e+01
1.188032565715229438e+01
1.188028099639921997e+01
1.188039830147794618e+01
1.188024644885968328e+01
1.188038320721902075e+01
1.188030658433597253e+01
1.188029732061374766e+01
1.188039047074216548e+01
1.188024266304318033e+01
1.188039802634988362e+01
1.188028491391133556e+01
1.188031934066204798e+01
1.188037487950296445e+01
1.188024692163279816e+01
1.188040655749662378e+01
1.188026606442436339e+01
1.188034287422146384e+01
1.188035369309870326e+01
1.188025953833609449e+01
1.188040598683006266e+01
1.188025490819177676e+01
1.188036180793424101e+01
1.188033324004636171e+01
1.188027498873877796e+01
1.188040022538536888e+01
1.188024960932430574e+01
1.188037583994007207e+01
1.188031566882722068e+01
1.188028980200320994e+01
1.188039345463093532e+01
1.188024584029136399e+01
1.188038901256205904e+01
1.188029750462351153e+01
1.188030671679821104e+01
1.188038379076857254e+01
1.188024450087095296e+01
1.188040156556810523e+01
1.188027721959847760e+01
1.188032861665245221e+01
1.188036710260070805e+01
1.188025061925925208e+01
1.188040817498430357e+01
1.188025964562510772e+01
1.188035199615266002e+01
1.188034486819806368e+01
1.188026514200192629e+01
1.188040549674844293e+01
1.188025004711678179e+01
1.188037051617152429e+01
1.188032345159332515e+01
1.188028271752867226e+01
1.188039705527386047e+01
1.188024717193333935e+01
1.188038314080758084e+01
1.188030580594879915e+01
1.188029910597655814e+01
1.188038764772308831e+01
1.188024633749247805e+01
1.188039393323681736e+01
1.188028879079262978e+01
1.188031639658567329e+01
1.188037625787538509e+01
1.188024749442356942e+01
1.188040401396095369e+01
1.188027020065071682e+01
1.188033785289781186e+01
1.188035871158726309e+01
1.188025539459530400e+01
1.188040858932799537e+01
1.188025417757019753e+01
1.188036071626150125e+01
1.188033577566312715e+01
1.188027158943127581e+01
1.188040386289758921e+01
1.188024626072964907e+01
1.188037856142065785e+01
1.188031370862833924e+01
1.188029102174083640e+01
1.188039288750107936e+01
1.188024581961480841e+01
1.188038963020631655e+01
1.188029621192493401e+01
1.188030877276034225e+01
1.188038096634942953e+01
1.188024793094421305e+01
1.188039790083531599e+01
1.188028056632595231e+01
1.188032622148010731e+01
1.188036798129795457e+01
1.188025159793642516e+01
1.188040534062021614e+01
1.188026395276384051e+01
1.188034692180244889e+01
1.188034982295832798e+01
1.188026118121253916e+01
1.188040779473374364e+01
1.188024973635855908e+01
1.188036891350752278e+01
1.188032654097598773e+01
1.188027879305292345e+01
1.188040110467232147e+01
1.188024360594878992e+01
1.188038582730948356e+01
1.188030415039161269e+01
1.188029978385699259e+01
1.188038777965758719e+01
1.188024557412293447e+01
1.188039521279783983e+01
1.188028702644158940e+01
1.188031866176613960e+01
1.188037350819964644e+01
1.188025059603868172e+01
1.188040085991751305e+01
1.188027294833338132e+01
1.188033605041499641e+01
1.188035908120942352e+01
1.188025674968475442e+01
1.188040553056323745e+01
1.188025856088698440e+01
1.188035569777038702e+01
1.188034056078278056e+01
1.188026789774168712e+01
1.188040580316591921e+01
1.188024638296974977e+01
1.188037647470208924e+01
1.188031729136822001e+01
1.188028665463775013e+01
1.188039725755310272e+01
1.188024212331628604e+01
1.188039220899291593e+01
1.188029491294247109e+01
1.188030888044169409e+01
1.188038180214675066e+01
1.188024644191040480e+01
1.188039980588326650e+01
1.188027838340926934e+01
1.188032862943956047e+01
1.188036538161571976e+01
1.188025429346328998e+01
1.188040276878945711e+01
1.188026604586932500e+01
1.188034574180443137e+01
1.188034968694235971e+01
1.188026287294854377e+01
1.188040458485095385e+01
1.188025409810600941e+01
1.188036405891587677e+01
1.188033105498750075e+01
1.188027544901470556e+01
1.188040264415487712e+01
1.188024416245422898e+01
1.188038329603197596e+01
1.188030815411530305e+01
1.188029506658683587e+01
1.188039237270211679e+01
1.188024183634025199e+01
1.188039761469754119e+01
1.188028612720252220e+01
1.188031818388852656e+01
1.188037503722001453e+01
1.188024841398011056e+01
1.188040334064721293e+01
1.188027040898881914e+01
1.188033853136446361e+01
1.188035670400338795e+01
1.188025896978623841e+01
1.188040360009493313e+01
1.188025995835649518e+01
1.188035515560696354e+01
1.188033993507888297e+01
1.188026987718714622e+01
1.188040252048640433e+01
1.188025062468238602e+01
1.188037188873779293e+01
1.188032143953992659e+01
1.188028372742249772e+01
1.188039836433631713e+01
1.188024310336598610e+01
1.188038928443766729e+01
1.188029925483762206e+01
1.188030391335102642e+01
1.188038651633284815e+01
1.188024275108776351e+01
1.188040196706812068e+01
1.188027791708652892e+01
1.188032756421012337e+01
1.188036757785797093e+01
1.188025146594479331e+01
1.188040576321209230e+01
1.188026321972404808e+01
1.188034822437825433e+01
1.188034760011958113e+01
1.188026455823571403e+01
1.188040334121089536e+01
1.188025477414035258e+01
1.188036415537097135e+01
1.188032996743834602e+01
1.188027765940500480e+01
1.188039937009661173e+01
1.188024818726037424e+01
1.188037907773443536e+01
1.188031185055498895e+01
1.188029261446720852e+01
1.188039302673199238e+01
1.188024321744169143e+01
1.188039435883142581e+01
1.188029071582703544e+01
1.188031307296692241e+01
1.188037976885719438e+01
1.188024485603854430e+01
1.188040520429327174e+01
1.188027039775023752e+01
1.188033689084494782e+01
1.188035952651412686e+01
1.188025555829364066e+01
1.188040703548764299e+01
1.188025692080823426e+01
1.188035756866784531e+01
1.188033820026037723e+01
1.188027097966169521e+01
1.188040199444089851e+01
1.188025056919518008e+01
1.188037261023175439e+01
1.188031992899199629e+01
1.188028610568839838e+01
1.188039518140269202e+01
1.188024681825391404e+01
1.188038552493443412e+01
1.188030242435549866e+01
1.188030198248392821e+01
1.188038670978577116e+01
1.188024449952635386e+01
1.188039845114295900e+01
1.188028265441773001e+01
1.188032241869247407e+01
1.188037222381776736e+01
1.188024812220519877e+01
1.188040728099157661e+01
1.188026367398173910e+01
1.188034603445430903e+01
1.188035099373904835e+01
1.188026063686268863e+01
1.188040713580234353e+01
1.188025160451058682e+01
1.188036642981494140e+01
1.188032863837669950e+01
1.188027814366557067e+01
1.188039957700433291e+01
1.188024740599978557e+01
1.188038039683214642e+01
1.188030996573405496e+01
1.188029509289168573e+01
1.188039001648495585e+01
1.188024653542337816e+01
1.188039113932024726e+01
1.188029329551619995e+01
1.188031169650387575e+01
1.188037950617309058e+01
1.188024692774175151e+01
1.188040150718269850e+01
1.188027518141949024e+01
1.188033182072336658e+01
1.188036398661683180e+01
1.188025250352088236e+01
1.188040816884394602e+01
1.188025783875962027e+01
1.188035486868482415e+01
1.188034209670295027e+01
1.188026663350470358e+01
1.188040605930518900e+01
1.188024734878773181e+01
1.188037468075917680e+01
1.188031905014648970e+01
1.188028594987992292e+01
1.188039612082311081e+01
1.188024533259782878e+01
1.188038740114013336e+01
1.188030022253871998e+01
1.188030449044998349e+01
1.188038395085225396e+01
1.188024734164986462e+01
1.188039584112152092e+01
1.188028459492243094e+01
1.188032161622890115e+01
1.188037152140478270e+01
1.188025046389105555e+01
1.188040348731467688e+01
1.188026839963191605e+01
1.188034114796881902e+01
1.188035517305782385e+01
1.188025793748995795e+01
1.188040785696340862e+01
1.188025297199714103e+01
1.188036327187351127e+01
1.188033295763461794e+01
1.188027346695249697e+01
1.188040381812843016e+01
1.188024421610352732e+01
1.188038220364789765e+01
1.188030957103379848e+01
1.188029428937773702e+01
1.188039167211045566e+01
1.188024438185474274e+01
1.188039352013869099e+01
1.188029084103253119e+01
1.188031416229362058e+01
1.188037707232748552e+01
1.188024922491201352e+01
1.188039956295788357e+01
1.188027644787354298e+01
1.188033159808629513e+01
1.188036287224837473e+01
1.188025505409041926e+01
1.188040436693247059e+01
1.188026240245810428e+01
1.188035026986340270e+01
1.188034590771939314e+01
1.188026434609195725e+01
1.188040635199872597e+01
1.188024913948759398e+01
1.188037112867506018e+01
1.188032370219469414e+01
1.188028104386795292e+01
1.188040044130453410e+01
1.188024225247814591e+01
1.188038889154258015e+01
1.188030033436511523e+01
1.188030304618895627e+01
1.188038629076933539e+01
1.188024457092063813e+01
1.188039866336459660e+01
1.188028195751181038e+01
1.188032396883784969e+01
1.188036947976415725e+01
1.188025215846692717e+01
1.188040225081316237e+01
1.188026897226019685e+01
1.188034149733235090e+01
1.188035368499168598e+01
1.188026062961646012e+01
1.188040413673324558e+01
1.188025727263643461e+01
1.188035905818913918e+01
1.188033632218601277e+01
1.188027163692401444e+01
1.188040367797340835e+01
1.188024639206178357e+01
1.188037833159257595e+01
1.188031445780146100e+01
1.188028926006685992e+01
1.188039597443374973e+01
1.188024148678407244e+01
1.188039464995436312e+01
1.188029146945299530e+01
1.188031209890094075e+01
1.188038004961001803e+01
1.188024590090649291e+01
1.188040275427446169e+01
1.188027370093479362e+01
1.188033376901938887e+01
1.188036128161225236e+01
1.188025610123302123e+01
1.188040386482665411e+01
1.188026227684225766e+01
1.188035117017357578e+01
1.188034409357447529e+01
1.188026710795660534e+01
1.188040280278634775e+01
1.188025308110866263e+01
1.188036738888106036e+01
1.188032655316243336e+01
1.188027970456238869e+01
1.188039987586653368e+01
1.188024476496498849e+01
1.188038478239542783e+01
1.188030535192764781e+01
1.188029800190709118e+01
1.188039047910263868e+01
1.188024193030257436e+01
1.188039939818404456e+01
1.188028309979507924e+01
1.188032132231947458e+01
1.188037303339782369e+01
1.188024835677891922e+01
1.188040573141743472e+01
1.188026619101830761e+01
1.188034342234992025e+01
1.188035259435458357e+01
1.188026099836883631e+01
1.188040437989022813e+01
1.188025645965182520e+01
1.188036047587540089e+01
1.188033423761473628e+01
1.188027439404763541e+01
1.188040038639485907e+01
1.188024988604187371e+01
1.188037514378821591e+01
1.188031674050177955e+01
1.188028843211995422e+01
1.188039500294579121e+01
1.188024427745721390e+01
1.188039039340901226e+01
1.188029651038759305e+01
1.188030714782476061e+01
