1.188024147592622803e+01
1.188031513994810062e+01
1.188030968005498700e+01
1.188024298108964771e+01
1.188031814081583626e+01
1.188030530802242524e+01
1.188024496268239005e+01
1.188031947347384509e+01
1.188030317430515659e+01
1.188024468098655539e+01
1.188032270519815725e+01
1.188029988088427658e+01
1.188024441936357256e+01
1.188032729253200870e+01
1.188029405522460635e+01
1.188024710736817013e+01
1.188032958290080465e+01
1.188028903471443876e+01
1.188025067886458075e+01
1.188032976544124963e+01
1.188028654121430705e+01
1.188025201631505112e+01
1.188033147768644504e+01
1.188028343958649735e+01
1.188025288229879450e+01
1.188033480085841553e+01
1.188027781163547125e+01
1.188025651978449915e+01
1.188033608279901543e+01
1.188027268704357020e+01
1.188026139029638095e+01
1.188033490734730435e+01
1.188027030695514163e+01
1.188026408883876250e+01
1.188033488042770713e+01
1.188026788507521481e+01
1.188026580863765425e+01
1.188033670691904220e+01
1.188026300906508581e+01
1.188027001590856990e+01
1.188033684019916514e+01
1.188025831148276978e+01
1.188027574566771349e+01
1.188033427140551623e+01
1.188025648599021800e+01
1.188027940489234879e+01
1.188033247282324112e+01
1.188025517138917664e+01
1.188028158590316963e+01
1.188033275312105808e+01
1.188025152710105559e+01
1.188028588238675276e+01
1.188033177221444348e+01
1.188024771086503506e+01
1.188029193303708908e+01
1.188032795688891063e+01
1.188024678973535586e+01
1.188029606217824075e+01
1.188032454643405167e+01
1.188024689236067744e+01
1.188029824727082229e+01
1.188032341512939816e+01
1.188024482869122522e+01
1.188030211046990559e+01
1.188032152343616588e+01
1.188024221822334781e+01
1.188030790746656784e+01
1.188031677712114842e+01
1.188024241249009094e+01
1.188031198787849085e+01
1.188031208870053135e+01
1.188024408169002655e+01
1.188031371796504487e+01
1.188030984277009772e+01
1.188024377596574510e+01
1.188031664854455549e+01
1.188030738481483795e+01
1.188024252946262926e+01
1.188032164797781576e+01
1.188030215683780355e+01
1.188024388223445982e+01
1.188032519822403188e+01
1.188029665925888700e+01
1.188024708340061864e+01
1.188032607511468619e+01
1.188029371639235698e+01
1.188024852145600185e+01
1.188032765997037465e+01
1.188029113155269378e+01
1.188024861585893355e+01
1.188033141158051720e+01
1.188028595281172173e+01
1.188025099499285986e+01
1.188033404697005757e+01
1.188028019436570837e+01
1.188025550892311344e+01
1.188033378847916666e+01
1.188027703669254365e+01
1.188025848837563991e+01
1.188033375386349100e+01
1.188027480034977401e+01
1.188025972736905267e+01
1.188033595248943186e+01
1.188027022026421520e+01
1.188026284098223861e+01
1.188033743161550682e+01
1.188026476396447251e+01
1.188026828618594699e+01
1.188033591185887516e+01
1.188026187435028547e+01
1.188027244245431824e+01
1.188033415986184593e+01
1.188026043395097631e+01
1.188027448634370842e+01
1.188033467901198748e+01
1.188025695438603790e+01
1.188027791924819176e+01
1.188033493150364706e+01
1.188025231187236130e+01
1.188028379454344474e+01
1.188033220119198141e+01
1.188025011086879879e+01
1.188028864632710579e+01
1.188032882493922138e+01
1.188024982504112259e+01
1.188029105989841305e+01
1.188032772840677254e+01
1.188024783941455809e+01
1.188029432639272187e+01
1.188032686048398112e+01
1.188024441168639456e+01
1.188030006860151566e+01
1.188032314453879401e+01
1.188024320311526338e+01
1.188030507712326944e+01
1.188031842011728578e+01
1.188024429161349005e+01
1.188030738932991781e+01
1.188031595030351717e+01
1.188024403676478080e+01
1.188030999570421642e+01
1.188031422753173771e+01
1.188024206903886260e+01
1.188031504535481275e+01
1.188030990020982713e+01
1.188024200108483441e+01
1.188031967996685623e+01
1.188030425623177777e+01
1.188024451198606890e+01
1.188032144781146471e+01
1.188030080074665840e+01
1.188024603881132535e+01
1.188032295667943927e+01
1.188029861026578615e+01
1.188024559501994659e+01
1.188032682361392744e+01
1.188029415081804885e+01
1.188024664173569356e+01
1.188033062559326325e+01
1.188028811932211326e+01
1.188025044015350673e+01
1.188033149405349320e+01
1.188028416013748867e+01
1.188025360668012453e+01
1.188033158237169040e+01
1.188028195723031644e+01
1.188025456665938151e+01
1.188033390315798776e+01
1.188027789158349279e+01
1.188025653220095634e+01
1.188033653976690474e+01
1.188027204630038192e+01
1.188026131208166802e+01
1.188033629012371151e+01
1.188026809789817229e+01
1.188026579986696341e+01
1.188033479352966815e+01
1.188026634373991541e+01
1.188026787943921647e+01
1.188033537359103420e+01
1.188026317946611421e+01
1.188027042447223280e+01
1.188033667571967911e+01
1.188025806905120341e+01
1.188027574214012105e+01
1.188033525611728969e+01
1.188025461336608402e+01
1.188028109397695076e+01
1.188033219391541628e+01
1.188025371191072566e+01
1.188028388526521084e+01
1.188033102919040473e+01
1.188025187461597731e+01
1.188028657217652295e+01
1.188033100797556685e+01
1.188024795907710995e+01
1.188029189755770254e+01
1.188032854229063240e+01
1.188024538541050568e+01
1.188029757182074597e+01
1.188032411982711523e+01
1.188024562748174695e+01
1.188030059860444609e+01
1.188032139532054110e+01
1.188024540659192141e+01
1.188030294977178691e+01
1.188032023578628404e+01
1.188024300473828454e+01
1.188030772899663567e+01
1.188031700962642567e+01
1.188024156217147542e+01
1.188031316389725589e+01
1.188031159761890976e+01
1.188024308392147077e+01
1.188031594494549381e+01
1.188030766308136599e+01
1.188024459469035143e+01
1.188031750665844299e+01
1.188030569574030793e+01
1.188024384904823449e+01
1.188032122829952719e+01
1.188030212128484031e+01
1.188024361728924561e+01
1.188032590809333833e+01
1.188029621455552487e+01
1.188024637838102748e+01
1.188032802042800284e+01
1.188029154037420199e+01
1.188024954493457308e+01
1.188032842432693847e+01
1.188028919449962117e+01
1.188025040839150570e+01
1.188033068105452728e+01
1.188028575857422631e+01
1.188025129065361973e+01
1.188033419601715401e+01
1.188027991921468285e+01
1.188025507503947864e+01
1.188033533008708531e+01
1.188027503805617968e+01
1.188025963665470286e+01
1.188033434428337998e+01
1.188027278263688125e+01
1.188026188237854086e+01
1.188033488227444678e+01
1.188026998454250993e+01
1.188026362110181289e+01
1.188033697505566799e+01
1.188026477649155410e+01
1.188026806042207539e+01
1.188033697484008933e+01
1.188026021799959153e+01
1.188027360034520186e+01
1.188033453816455776e+01
1.188025849793295308e+01
1.188027685361941721e+01
1.188033328811447475e+01
1.188025678485974979e+01
1.188027906696070879e+01
1.188033388079867869e+01
1.188025270795698596e+01
1.188028368373296750e+01
1.188033276377277936e+01
1.188024893465467180e+01
1.188028967703241179e+01
1.188032899870907144e+01
1.188024811032437000e+01
1.188029346491740945e+01
1.188032608457877259e+01
1.188024781850853984e+01
1.188029569931177321e+01
1.188032528320538361e+01
1.188024525016027866e+01
1.188029996457817994e+01
1.188032323765211018e+01
1.188024260253180131e+01
1.188030583915530514e+01
1.188031844018307837e+01
1.188024290048208087e+01
1.188030965167004460e+01
1.188031416458280631e+01
1.188024420956585026e+01
1.188031144373643322e+01
1.188031224070874714e+01
1.188024336121705993e+01
1.188031484200077337e+01
1.188030960072818942e+01
1.188024201877042962e+01
1.188032004524215779e+01
1.188030420822095223e+01
1.188024349978257099e+01
1.188032340033797674e+01
1.188029901623780660e+01
1.188024640620152539e+01
1.188032434022013106e+01
1.188029636800099986e+01
1.188024729996575957e+01
1.188032643356807228e+01
1.188029356939141579e+01
1.188024726305390644e+01
1.188033049642319128e+01
1.188028811040761745e+01
1.188024981172987360e+01
1.188033300057033514e+01
1.188028253636420573e+01
1.188025412458258501e+01
1.188033278861811581e+01
1.188027963407147602e+01
1.188025659287173319e+01
1.188033327199166678e+01
1.188027715667944939e+01
1.188025768742898691e+01
1.188033586258625363e+01
1.188027218887426351e+01
1.188026102466872835e+01
1.188033725936922202e+01
1.188026679262442897e+01
1.188026638471735374e+01
1.188033574889953847e+01
1.188026411581718733e+01
1.188027009284911628e+01
1.188033448958133498e+01
1.188026241967404140e+01
1.188027199731240202e+01
1.188033544978895684e+01
1.188025846345499659e+01
1.188027571417640971e+01
1.188033565043624762e+01
1.188025376411428269e+01
1.188028163373563828e+01
1.188033287106210345e+01
1.188025173811970525e+01
1.188028612263740769e+01
1.188032992738121685e+01
1.188025120148028435e+01
1.188028841352978837e+01
1.188032928790872234e+01
1.188024867764579540e+01
1.188029202227126468e+01
1.188032837997345936e+01
1.188024509295789244e+01
1.188029794112899395e+01
1.188032453843436898e+01
1.188024403297953135e+01
1.188030268476039453e+01
1.188032015528843743e+01
1.188024490015781431e+01
1.188030489506866161e+01
1.188031812751765415e+01
1.188024407925545667e+01
1.188030789094049133e+01
1.188031636068985009e+01
1.188024187807381438e+01
1.188031324144438372e+01
1.188031181895033406e+01
1.188024194790877175e+01
1.188031771173949203e+01
1.188030640062505761e+01
1.188024429358869050e+01
1.188031939461243169e+01
1.188030334635664786e+01
1.188024526328520558e+01
1.188032132067689162e+01
1.188030109727806227e+01
1.188024453699203953e+01
1.188032559396919652e+01
1.188029633052720335e+01
1.188024572760370567e+01
1.188032932518116169e+01
1.188029039412271892e+01
1.188024944224633117e+01
1.188033011481170398e+01
1.188028677712426173e+01
1.188025209676549387e+01
1.188033062157948017e+01
1.188028449772962780e+01
1.188025275306711848e+01
1.188033342681201177e+01
1.188028003745395722e+01
1.188025488372679561e+01
1.188033607124205204e+01
1.188027415264332731e+01
1.188025968205361593e+01
1.188033573315803615e+01
1.188027047816762050e+01
1.188026373499455879e+01
1.188033462550835750e+01
1.188026863415839074e+01
1.188026551472146508e+01
1.188033573474001692e+01
1.188026500335340785e+01
1.188026825657548002e+01
1.188033710293611911e+01
1.188025972589940515e+01
1.188027370821337847e+01
1.188033556726552753e+01
1.188025647582642819e+01
1.188027872715419697e+01
1.188033283267331619e+01
1.188025548313326141e+01
1.188028124180932465e+01
1.188033220593491279e+01
1.188025313172773245e+01
1.188028416088927663e+01
1.188033228641439720e+01
1.188024893895698675e+01
1.188028973947930567e+01
1.188032965984230849e+01
1.188024651073871318e+01
1.188029519806261369e+01
1.188032547426442953e+01
1.188024667808940293e+01
1.188029798326364350e+01
1.188032326174644560e+01
1.188024592665418666e+01
1.188030059749372214e+01
1.188032221788304987e+01
1.188024316283598303e+01
1.188030574224166713e+01
1.188031877270967129e+01
1.188024181992119921e+01
1.188031108326943475e+01
1.188031348326926917e+01
1.188024330486893376e+01
1.188031366124642041e+01
1.188031000443839424e+01
1.188024430366779605e+01
1.188031550422251392e+01
1.188030814903370214e+01
1.188024314200023390e+01
1.188031968629685231e+01
1.188030429063677573e+01
1.188024298195101913e+01
1.188032438800278889e+01
1.188029837714287851e+01
1.188024576602889937e+01
1.188032633118987036e+01
1.188029407946538285e+01
1.188024847456943967e+01
1.188032701463466623e+01
1.188029183033494540e+01
1.188024890039444337e+01
1.188032980019420926e+01
1.188028804707241015e+01
1.188024984466118994e+01
1.188033343748282000e+01
1.188028206705848255e+01
1.188025373092500736e+01
1.188033442512218407e+01
1.188027746954312036e+01
1.188025792062057739e+01
1.188033369206851120e+01
1.188027529183622732e+01
1.188025973783259914e+01
1.188033479410657378e+01
1.188027209365233006e+01
1.188026154441296711e+01
1.188033708719618886e+01
1.188026661768037329e+01
1.188026617781654792e+01
1.188033694776880012e+01
1.188026224633317085e+01
1.188027145749425273e+01
1.188033470967164185e+01
1.188026058897241555e+01
1.188027431720833782e+01
1.188033402224576385e+01
1.188025844241299644e+01
1.188027661452191630e+01
1.188033486674616768e+01
1.188025398761042872e+01
1.188028152269240856e+01
1.188033360084401835e+01
1.188025031088314343e+01
1.188028738383742322e+01
1.188032995382665291e+01
1.188024954524603594e+01
1.188029083160416199e+01
1.188032756442976812e+01
1.188024881306425407e+01
1.188029316923276646e+01
1.188032703922378097e+01
1.188024578308612789e+01
1.188029781863745704e+01
1.188032481995569611e+01
1.188024315537623998e+01
1.188030369480675574e+01
1.188032003800578096e+01
1.188024352405419037e+01
1.188030723035260650e+01
1.188031621655294501e+01
1.188024441703642431e+01
1.188030914016276007e+01
1.188031456864120017e+01
1.188024305584720608e+01
1.188031300070890595e+01
1.188031171950775722e+01
1.188024167607333226e+01
1.188031833378548185e+01
1.188030622532769165e+01
1.188024325826918925e+01
1.188032147570617703e+01
1.188030139114106731e+01
1.188024580540066211e+01
1.188032253555393147e+01
1.188029899950079660e+01
1.188024617054794518e+01
1.188032514558325836e+01
1.188029595252549697e+01
1.188024606091125079e+01
1.188032945069573287e+01
1.188029026954569289e+01
1.188024875893546017e+01
1.188033179793176508e+01
1.188028494045592254e+01
1.188025279974513992e+01
1.188033168981594123e+01
1.188028226359437234e+01
1.188025475836744604e+01
1.188033271338238528e+01
1.188027950300020663e+01
1.188025576585779675e+01
1.188033563449056196e+01
1.188027419443209887e+01
1.188025931451908335e+01
1.188033691684165660e+01
1.188026892433334680e+01
1.188026451467876576e+01
1.188033547206201135e+01
1.188026643825512174e+01
1.188026776265633799e+01
1.188033474132473621e+01
1.188026443681286892e+01
1.188026958299170666e+01
1.188033609064647322e+01
1.188026003925364904e+01
1.188027358078588946e+01
1.188033620198228846e+01
1.188025535187505000e+01
1.188027946913580379e+01
1.188033342748756027e+01
1.188025348637433254e+01
1.188028357091101483e+01
1.188033096489349205e+01
1.188025264249052348e+01
1.188028579177155741e+01
1.188033074137545775e+01
1.188024960228787563e+01
1.188028975001473597e+01
1.188032975139556413e+01
1.188024592939771296e+01
1.188029577251070990e+01
1.188032583386857333e+01
1.188024501078174566e+01
1.188030021653500157e+01
1.188032185130941976e+01
1.188024559432145999e+01
1.188030237452343307e+01
1.188032023596896281e+01
1.188024421457669533e+01
1.188030577830054391e+01
1.188031837908095767e+01
1.188024184626095447e+01
1.188031136226186213e+01
1.188031366610749728e+01
1.188024205378639842e+01
1.188031562509023509e+01
1.188030854110092527e+01
1.188024416754712043e+01
1.188031726912333141e+01
1.188030586995947324e+01
1.188024457231995612e+01
1.188031964241550220e+01
1.188030351273807383e+01
1.188024362544652135e+01
1.188032426316284429e+01
1.188029847329163147e+01
1.188024496700914057e+01
1.188032787415750313e+01
1.188029270509644419e+01
1.188024852881220639e+01
1.188032862718610438e+01
1.188028942322406145e+01
1.188025064895416349e+01
1.188032959399085087e+01
1.188028701462254411e+01
1.188025105764070588e+01
1.188033283566221066e+01
1.188028218370603994e+01
1.188025336782029484e+01
1.188033543421542504e+01
1.188027633477837774e+01
1.188025811560952860e+01
1.188033504538393537e+01
1.188027293732307221e+01
1.188026169796343900e+01
1.188033437911996160e+01
1.188027094799132222e+01
1.188026322709853311e+01
1.188033598217713838e+01
1.188026686228187501e+01
1.188026618783192845e+01
1.188033736032637044e+01
1.188026149230101858e+01
1.188027170728843984e+01
1.188033574088991351e+01
1.188025845999047370e+01
1.188027634608492278e+01
1.188033339582471015e+01
1.188025731843643840e+01
1.188027862605621188e+01
1.188033328542274170e+01
1.188025445092821819e+01
1.188028180734694672e+01
1.188033341058639358e+01
1.188025005153851588e+01
1.188028757870564434e+01
1.188033064895329538e+01
1.188024778881405119e+01
1.188029276522815714e+01
1.188032676962522771e+01
1.188024782255394030e+01
1.188029534335155901e+01
1.188032506140470801e+01
1.188024652434219064e+01
1.188029825888565938e+01
1.188032407648147348e+01
1.188024346265726194e+01
1.188030371722702583e+01
1.188032043038288776e+01
1.188024224624613900e+01
1.188030890155022234e+01
1.188031533773107640e+01
1.188024363547146578e+01
1.188031130360377219e+01
1.188031232040872176e+01
1.188024409194913034e+01
1.188031347424644046e+01
1.188031052134135734e+01
1.188024256975841908e+01
1.188031807583951149e+01
1.188030638801779126e+01
1.188024251415636101e+01
1.188032273295490171e+01
1.188030054383872525e+01
1.188024526388014834e+01
1.188032452696255348e+01
1.188029664086295689e+01
1.188024747083535715e+01
1.188032554409853603e+01
1.188029443460935042e+01
1.188024750448096434e+01
1.188032883060055767e+01
1.188029030268263675e+01
1.188024854866982238e+01
1.188033252271533868e+01
1.188028425673872768e+01
1.188025248299598147e+01
1.188033337685654978e+01
1.188027997188128282e+01
1.188025624562748739e+01
1.188033295753552387e+01
1.188027782020483336e+01
1.188025766892772417e+01
1.188033461010804359e+01
1.188027420922489341e+01
1.188025958596389664e+01
1.188033703740283187e+01
1.188026853549727946e+01
1.188026436534431873e+01
1.188033676467728661e+01
1.188026438924361727e+01
1.188026932036150640e+01
1.188033479153532923e+01
1.188026274552141537e+01
1.188027181007257482e+01
1.188033466818344230e+01
1.188026014074772618e+01
1.188027423828804885e+01
1.188033570177956477e+01
1.188025537068235593e+01
1.188027939773942876e+01
1.188033428573737815e+01
1.188025183541305019e+01
1.188028505584105510e+01
1.188033082656017214e+01
1.188025108253944140e+01
1.188028817633104595e+01
1.188032897808592914e+01
1.188024987314019754e+01
1.188029066815468404e+01
1.188032867121831693e+01
1.188024643411233328e+01
1.188029567176537249e+01
1.188032626946330517e+01
1.188024387619413069e+01
1.188030147525623548e+01
1.188032157379926268e+01
1.188024427351873769e+01
1.188030473666935904e+01
1.188031823642055862e+01
1.188024470196710070e+01
1.188030681884502648e+01
1.188031681255648309e+01
1.188024286853803169e+01
1.188031112384246235e+01
1.188031373754204267e+01
1.188024150455130723e+01
1.188031651226707552e+01
1.188030821064489650e+01
1.188024315065182535e+01
1.188031943478118890e+01
1.188030377623448253e+01
1.188024527971836619e+01
1.188032067231184286e+01
1.188030159577646749e+01
1.188024514366049900e+01
1.188032379474273093e+01
1.188029827528724169e+01
1.188024501619255879e+01
1.188032827042530215e+01
1.188029243250804079e+01
1.188024783228653547e+01
1.188033044646155290e+01
1.188028740019018414e+01
1.188025153384261579e+01
1.188033050212676223e+01
1.188028491009004028e+01
1.188025299656606215e+01
1.188033207597837659e+01
1.188028183237605973e+01
1.188025397252268611e+01
1.188033526138246820e+01
1.188027623957769308e+01
1.188025770871983156e+01
1.188033640790539991e+01
1.188027115473361128e+01
1.188026267585127727e+01
1.188033508974467267e+01
1.188026882748592961e+01
1.188026546406964634e+01
1.188033491213507631e+01
1.188026647796644220e+01
1.188026725561253194e+01
1.188033659199115633e+01
1.188026168529195559e+01
1.188027151932668346e+01
1.188033658630488532e+01
1.188025707358042382e+01
1.188027730035104668e+01
1.188033387696234833e+01
1.188025534338968647e+01
1.188028100292708977e+01
1.188033193375060392e+01
1.188025414092550491e+01
1.188028320828945361e+01
1.188033207681509218e+01
1.188025061809394423e+01
1.188028751132940641e+01
1.188033097135659943e+01
1.188024692269543259e+01
1.188029356157697691e+01
1.188032703545614943e+01
1.188024612695493687e+01
1.188029768285275267e+01
1.188032350405489801e+01
1.188024636776472143e+01
1.188029984177827281e+01
1.188032226191995733e+01
1.188024444888911724e+01
1.188030366027090956e+01
1.188032027621067854e+01
1.188024197875598098e+01
1.188030940527255375e+01
1.188031544468855749e+01
1.188024231229597483e+01
1.188031342814364777e+01
1.188031067369659333e+01
1.188024412865307156e+01
1.188031508485000565e+01
1.188030835694511822e+01
1.188024397339664873e+01
1.188031792451540802e+01
1.188030584775230558e+01
1.188024286889230652e+01
1.188032282681634477e+01
1.188030058097114150e+01
1.188024435683493252e+01
1.188032627761200466e+01
1.188029504912767109e+01
1.188024769584458618e+01
1.188032704323102884e+01
1.188029208396220504e+01
1.188024927170068423e+01
1.188032850183271094e+01
1.188028949747867635e+01
1.188024949181320444e+01
1.188033212319957244e+01
1.188028433161886355e+01
1.188025198451704867e+01
1.188033463022909686e+01
1.188027859115263496e+01
1.188025660976837194e+01
1.188033423674030864e+01
1.188027546206484431e+01
1.188025969762129463e+01
1.188033405586291913e+01
1.188027327419344203e+01
1.188026103021806712e+01
1.188033610722811417e+01
1.188026875752951561e+01
1.188026422100083224e+01
1.188033744567368011e+01
1.188026336891343604e+01
1.188026973702848466e+01
1.188033578441853244e+01
1.188026055469658537e+01
1.188027395925531948e+01
1.188033388403953694e+01
1.188025920703723415e+01
1.188027605294656297e+01
1.188033425706012025e+01
1.188025583399277885e+01
1.188027951639231539e+01
1.188033437463339936e+01
1.188025130017489595e+01
1.188028541302714380e+01
1.188033151443944746e+01
1.188024921139860979e+01
1.188029028059765047e+01
1.188032800589615157e+01
1.188024905109128682e+01
1.188029269406154675e+01
1.188032678230149841e+01
1.188024720226473008e+01
1.188029594011118029e+01
1.188032580251784864e+01
1.188024391049755124e+01
1.188030165130578553e+01
1.188032198503138659e+01
1.188024283635927070e+01
1.188030662397935444e+01
1.188031716067333221e+01
1.188024406746547434e+01
1.188030888641120164e+01
1.188031459834948578e+01
1.188024396309213593e+01
1.188031142342937230e+01
1.188031280110213572e+01
1.188024214151796087e+01
1.188031639332583289e+01
1.188030841380226477e+01
1.188024221278604031e+01
1.188032094542648842e+01
1.188030271452429432e+01
1.188024486545259606e+01
1.188032262038345621e+01
1.188029921218484120e+01
1.188024653810693998e+01
1.188032401924423276e+01
1.188029699416792795e+01
1.188024623239862088e+01
1.188032776733613183e+01
1.188029252435283745e+01
1.188024740511836619e+01
1.188033145091081266e+01
1.188028648896261430e+01
1.188025132654153282e+01
1.188033219540652574e+01
1.188028253392314859e+01
1.188025461649464098e+01
1.188033214648900149e+01
1.188028035399543469e+01
1.188025568933234588e+01
1.188033432383254784e+01
1.188027632943974510e+01
1.188025775133607986e+01
1.188033682134867064e+01
1.188027053207894390e+01
1.188026261980933640e+01
1.188033643266044592e+01
1.188026663775003477e+01
1.188026719363999817e+01
1.188033478851373026e+01
1.188026495423230955e+01
1.188026934694105918e+01
1.188033521805151516e+01
1.188026187790920751e+01
1.188027194631709982e+01
1.188033637812208276e+01
1.188025686123676472e+01
1.188027730674634164e+01
1.188033482233131721e+01
1.188025350221681720e+01
1.188028269691153227e+01
1.188033162054750669e+01
1.188025271013545670e+01
1.188028551388196696e+01
1.188033031658391891e+01
1.188025099716641897e+01
1.188028820577790512e+01
1.188033016835518652e+01
1.188024720953823099e+01
1.188029352234639369e+01
1.188032758695208280e+01
1.188024476246360983e+01
1.188029918281133313e+01
1.188032305025323687e+01
1.188024513876332477e+01
1.188030218441067021e+01
1.188032021471596344e+01
1.188024506350382659e+01
1.188030449022333102e+01
1.188031895924341441e+01
1.188024280788029685e+01
1.188030920972529003e+01
1.188031565290067171e+01
1.188024150544276125e+01
1.188031458076031299e+01
1.188031016629254388e+01
1.188024316919102930e+01
1.188031728937701104e+01
1.188030616230432024e+01
1.188024482911425039e+01
1.188031876080672511e+01
1.188030414214000885e+01
1.188024422995875184e+01
1.188032237881443187e+01
1.188030053364788685e+01
1.188024413382308353e+01
1.188032695293506613e+01
1.188029460136178805e+01
1.188024702654287701e+01
1.188032895518231413e+01
1.188028990746934888e+01
1.188025032750078225e+01
1.188032923500107074e+01
1.188028755842352879e+01
1.188025131968183246e+01
1.188033135665612861e+01
1.188028413941752248e+01
1.188025231564125939e+01
1.188033473755571912e+01
1.188027832689340180e+01
1.188025620437450058e+01
1.188033573822783318e+01
1.188027347770227671e+01
1.188026086915686008e+01
1.188033461000857294e+01
1.188027126898073504e+01
1.188026321011753517e+01
1.188033499788121183e+01
1.188026853715163433e+01
1.188026502601235102e+01
1.188033694509728733e+01
1.188026340519195045e+01
1.188026952885149790e+01
1.188033680545807158e+01
1.188025892583601539e+01
1.188027512806187680e+01
1.188033422588646104e+01
1.188025729621111637e+01
1.188027843161572505e+01
1.188033282894611631e+01
1.188025569090621758e+01
1.188028067566456336e+01
1.188033328280037182e+01
1.188025173011652491e+01
1.188028530665454774e+01
1.188033203836448415e+01
1.188024807274024930e+01
1.188029130814092937e+01
1.188032814793274383e+01
1.188024737090471561e+01
1.188029509555859420e+01
1.188032510801835073e+01
1.188024721525513350e+01
1.188029731017397950e+01
1.188032419184987987e+01
1.188024478885971291e+01
1.188030153803675226e+01
1.188032204741577402e+01
1.188024227901468954e+01
1.188030736880202198e+01
1.188031715800753219e+01
1.188024271573248214e+01
1.188031113070442224e+01
1.188031279298384746e+01
1.188024417264531785e+01
1.188031285490798439e+01
1.188031079254465361e+01
1.188024347472747344e+01
1.188031616828593684e+01
1.188030809511672636e+01
1.188024227431961855e+01
1.188032128124931397e+01
1.188030265589248735e+01
1.188024389249398638e+01
1.188032454249038494e+01
1.188029742157861435e+01
1.188024694012920790e+01
1.188032537495460161e+01
1.188029474432225996e+01
1.188024797442668756e+01
1.188032734602728269e+01
1.188029193735858868e+01
1.188024806575461945e+01
1.188033128340694944e+01
1.188028648307921742e+01
1.188025073226814143e+01
1.188033366277844571e+01
1.188028091867458791e+01
1.188025516219322952e+01
1.188033331743753251e+01
1.188027803818367190e+01
1.188025774401927137e+01
1.188033365594549196e+01
1.188027560297221186e+01
1.188025893678243072e+01
1.188033610145993890e+01
1.188027069111071299e+01
1.188026235721204671e+01
1.188033735872534180e+01
1.188026535489119873e+01
1.188026779559662316e+01
1.188033570582889276e+01
1.188026274754258438e+01
1.188027157657746002e+01
1.188033429671669161e+01
1.188026113914534498e+01
1.188027353683824749e+01
1.188033511020435640e+01
1.188025728355713362e+01
1.188027729125562715e+01
1.188033517458386257e+01
1.188025268681385960e+01
1.188028324058845087e+01
1.188033226189599745e+01
1.188025076873919339e+01
1.188028775306923812e+01
1.188032918181665920e+01
1.188025035464515966e+01
1.188029005039039987e+01
1.188032841207432710e+01
1.188024796401543526e+01
1.188029364578861546e+01
1.188032738865436855e+01
1.188024451141114213e+01
1.188029954203087435e+01
1.188032343999895524e+01
1.188024358375495382e+01
1.188030425755908936e+01
1.188031895055046760e+01
1.188024459305924019e+01
1.188030642425333916e+01
1.188031682491449104e+01
1.188024392176654409e+01
1.188030935702942159e+01
1.188031497824783145e+01
1.188024186546417482e+01
1.188031463518396436e+01
1.188031036945349150e+01
1.188024207487980810e+01
1.188031902973881415e+01
1.188030488791474681e+01
1.188024456449925381e+01
1.188032062464779592e+01
1.188030178001438131e+01
1.188024568199866593e+01
1.188032244528403503e+01
1.188029949705955879e+01
1.188024509517760130e+01
1.188032660530223694e+01
1.188029471220787414e+01
1.188024641456641461e+01
1.188033022311707931e+01
1.188028876334464456e+01
1.188025025687382374e+01
1.188033089177287849e+01
1.188028514317894846e+01
1.188025303940384703e+01
1.188033126355910873e+01
1.188028288033856938e+01
1.188025381233958022e+01
1.188033392845823322e+01
1.188027845370778124e+01
1.188025604427444293e+01
1.188033643648397408e+01
1.188027260857697520e+01
1.188026093785189374e+01
1.188033595996860470e+01
1.188026898126551245e+01
1.188026508349339672e+01
1.188033470433183503e+01
1.188026720229316879e+01
1.188026694254238258e+01
1.188033566336282121e+01
1.188026365320468791e+01
1.188026974494533938e+01
1.188033688961673917e+01
1.188025846250262063e+01
1.188027524725739958e+01
1.188033521586519647e+01
1.188025530345930747e+01
1.188028031246879657e+01
1.188033233853171922e+01
1.188025441616263933e+01
1.188028285942793616e+01
1.188033157009881791e+01
1.188025218485083911e+01
1.188028579025446163e+01
1.188033152118543256e+01
1.188024811502544509e+01
1.188029136828876098e+01
1.188032877469605886e+01
1.188024580973027788e+01
1.188029682137221954e+01
1.188032446929693720e+01
1.188024610955685567e+01
1.188029958813169173e+01
1.188032214085366434e+01
1.188024550207829932e+01
1.188030216340501788e+01
1.188032099657473140e+01
1.188024288207260781e+01
1.188030725606586735e+01
1.188031746521847154e+01
1.188024167801427922e+01
1.188031254091909261e+01
1.188031209376318387e+01
1.188024330574750564e+01
1.188031505241819552e+01
1.188030853877759085e+01
1.188024445483703317e+01
1.188031681025915809e+01
1.188030662463704346e+01
1.188024343999523502e+01
1.188032089481380815e+01
1.188030272515140062e+01
1.188024341680539031e+01
1.188032549705354057e+01
1.188029677768405534e+01
1.188024633582711331e+01
1.188032733452110534e+01
1.188029245262087663e+01
1.188024918263280227e+01
1.188032789704599956e+01
1.188029019381434459e+01
1.188024974014975577e+01
1.188033055139941752e+01
1.188028642026522519e+01
1.188025080164215730e+01
1.188033405866488224e+01
1.188028045862069249e+01
1.188025479775934556e+01
1.188033491510676498e+01
1.188027588537103973e+01
1.188025909679374692e+01
1.188033404031497220e+01
1.188027374817947290e+01
1.188026101439248627e+01
1.188033499339413801e+01
1.188027060983544914e+01
1.188026290344799563e+01
1.188033714238525818e+01
1.188026520240277506e+01
1.188026760744115329e+01
1.188033686327399963e+01
1.188026090339302776e+01
1.188027295419700557e+01
1.188033448028821581e+01
1.188025933148259128e+01
1.188027587081553627e+01
1.188033364428765459e+01
1.188025728789942193e+01
1.188027820516511035e+01
1.188033434877030814e+01
1.188025294342765825e+01
1.188028313535278357e+01
1.188033295277036494e+01
1.188024937753223220e+01
1.188028901320941166e+01
1.188032917586956572e+01
1.188024873130034642e+01
1.188029246773137970e+01
1.188032665636262664e+01
1.188024813278888736e+01
1.188029479204710270e+01
1.188032601277028988e+01
1.188024524139423654e+01
1.188029941163339132e+01
1.188032368986086418e+01
1.188024274865139063e+01
1.188030525227869738e+01
1.188031880939934126e+01
1.188024325537068826e+01
1.188030874409657756e+01
1.188031489207232028e+01
1.188024429637010115e+01
1.188031059173767012e+01
1.188031316214955879e+01
1.188024308500770942e+01
1.188031437383564359e+01
1.188031024936723767e+01
1.188024184700938868e+01
1.188031962374843253e+01
1.188030470056976817e+01
1.188024356815677507e+01
1.188032267748410753e+01
1.188029981624382181e+01
1.188024625943896240e+01
1.188032363401958769e+01
1.188029738905849975e+01
1.188024676729984641e+01
1.188032612625872630e+01
1.188029432691496723e+01
1.188024678813810553e+01
1.188033031104795612e+01
1.188028864031453935e+01
1.188024960812643549e+01
1.188033253725670413e+01
1.188028331261934056e+01
1.188025377141571326e+01
1.188033229765348509e+01
1.188028065085581808e+01
1.188025584822503511e+01
1.188033317830786473e+01
1.188027792593505794e+01
1.188025695827922767e+01
1.188033595698209943e+01
1.188027266552787964e+01
1.188026059610674245e+01
1.188033710119417563e+01
1.188026744774295729e+01
1.188026588190464850e+01
1.188033551334813964e+01
1.188026502515353755e+01
1.188026920924318652e+01
1.188033463196116912e+01
1.188026310615073378e+01
1.188027109121017588e+01
1.188033583446893537e+01
1.188025880289324121e+01
1.188027513364739107e+01
1.188033580841109149e+01
1.188025421180897467e+01
1.188028106015591412e+01
1.188033289741026621e+01
1.188025244979893991e+01
1.188028519305939312e+01
1.188033029481158742e+01
1.188025172510823602e+01
1.188028742682555183e+01
1.188032993829174444e+01
1.188024881397824473e+01
1.188029137903490273e+01
1.188032882939185697e+01
1.188024526898117728e+01
1.188029738743531638e+01
1.188032479932049235e+01
1.188024448039693226e+01
1.188030181100585381e+01
1.188032070449133570e+01
1.188024520518076699e+01
1.188030393158691567e+01
1.188031898633905037e+01
1.188024397359403750e+01
1.188030727885909421e+01
1.188031704436605551e+01
1.188024174850727377e+01
1.188031279815845842e+01
1.188031225728261475e+01
1.188024209577520196e+01
1.188031699206346303e+01
1.188030706140635573e+01
1.188024435527544043e+01
1.188031855319412600e+01
1.188030433016066745e+01
1.188024490924400922e+01
1.188032082606538964e+01
1.188030193274375357e+01
1.188024410283783538e+01
1.188032533952503478e+01
1.188029686734003931e+01
1.188024557578032514e+01
1.188032884229484765e+01
1.188029107821474284e+01
1.188024926960737204e+01
1.188032947754074620e+01
1.188028778604355651e+01
1.188025152182190070e+01
1.188033031210585122e+01
1.188028538748582008e+01
1.188025205055570055e+01
1.188033341706599977e+01
1.188028058249762253e+01
1.188025446671912100e+01
1.188033588215177794e+01
1.188027476493083689e+01
1.188025931623304032e+01
1.188033535573110733e+01
1.188027140778241986e+01
1.188026299752497827e+01
1.188033454154470014e+01
1.188026947769888331e+01
1.188026461128460909e+01
1.188033599528193385e+01
1.188026546706901065e+01
1.188026763876514380e+01
1.188033723189333735e+01
1.188026017661631784e+01
1.188027321677150283e+01
1.188033547269441037e+01
1.188025722963472219e+01
1.188027790950252438e+01
1.188033298218713263e+01
1.188025618923704307e+01
1.188028022820891572e+01
1.188033272818386621e+01
1.188025343708656756e+01
1.188028342811426619e+01
1.188033272185827016e+01
1.188024915531618220e+01
1.188028920729913018e+01
1.188032983625920913e+01
1.188024701169081254e+01
1.188029439649988461e+01
1.188032583189232483e+01
1.188024717584883305e+01
1.188029696284688619e+01
1.188032400334126315e+01
1.188024601935887148e+01
1.188029984604312794e+01
1.188032291375971283e+01
1.188024309862271544e+01
1.188030526021762157e+01
1.188031917553123229e+01
1.188024201958796588e+01
1.188031039609604811e+01
1.188031399368711938e+01
1.188024355208195182e+01
1.188031273765728457e+01
1.188031089389294692e+01
1.188024415942009426e+01
1.188031482863322275e+01
1.188030903033031116e+01
1.188024278391240607e+01
1.188031933924382066e+01
1.188030484879612203e+01
1.188024286618971637e+01
1.188032390328087828e+01
1.188029896230436755e+01
1.188024575391673565e+01
1.188032559605904304e+01
1.188029502452355857e+01
1.188024810247990892e+01
1.188032649582439682e+01
1.188029280214121464e+01
1.188024827031891739e+01
1.188032965551332154e+01
1.188028867251913923e+01
1.188024943507987352e+01
1.188033322193612129e+01
1.188028263638541837e+01
1.188025348459993324e+01
1.188033394726032910e+01
1.188027836820264405e+01
1.188025736232197893e+01
1.188033338729420940e+01
1.188027625080646565e+01
1.188025889075457542e+01
1.188033489264944720e+01
1.188027269291212384e+01
1.188026089545850361e+01
1.188033717767137709e+01
1.188026707991505226e+01
1.188026575245910621e+01
1.188033676519929926e+01
1.188026299917097361e+01
1.188027078206263631e+01
1.188033464556983176e+01
1.188026143576267479e+01
1.188027333499743676e+01
1.188033437254264157e+01
1.188025892874179412e+01
1.188027580656272519e+01
1.188033526531187256e+01
1.188025426282916719e+01
1.188028099593685560e+01
1.188033371665577675e+01
1.188025083314935770e+01
1.188028667915398806e+01
1.188033012340252981e+01
1.188025019638108404e+01
1.188028981343724233e+01
1.188032814102408352e+01
1.188024911766014746e+01
1.188029229850650381e+01
1.188032771252993669e+01
1.188024581335070451e+01
1.188029728014046960e+01
1.188032520247876889e+01
1.188024338735039187e+01
1.188030305644342199e+01
1.188032040193937533e+01
1.188024392175241672e+01
1.188030628095512853e+01
1.188031696266812531e+01
1.188024449789307369e+01
1.188030830684922634e+01
1.188031545163000047e+01
1.188024281314022446e+01
1.188031254022993011e+01
1.188031230677360384e+01
1.188024159039139249e+01
1.188031785281118857e+01
1.188030671742105504e+01
1.188024337701130762e+01
1.188032069286777670e+01
1.188030222536000835e+01
1.188024565268527866e+01
1.188032183146533427e+01
1.188030000301709421e+01
1.188024566097741364e+01
1.188032484109106512e+01
1.188029666043858334e+01
1.188024566594904030e+01
1.188032920193906605e+01
1.188029080561314110e+01
1.188024860797230886e+01
1.188033126084379099e+01
1.188028576658768642e+01
1.188025243702312750e+01
1.188033118724142589e+01
1.188028328495637886e+01
1.188025402209356152e+01
1.188033262069788165e+01
1.188028023618436890e+01
1.188025510474762569e+01
1.188033566674014807e+01
1.188027468350155402e+01
1.188025893602367233e+01
1.188033667670254268e+01
1.188026964323924872e+01
1.188026399583169734e+01
1.188033521515569646e+01
1.188026737347669481e+01
1.188026686952979283e+01
1.188033488661579540e+01
1.188026510076324627e+01
1.188026872839382619e+01
1.188033642003039425e+01
1.188026039565555259e+01
1.188027304390114125e+01
1.188033627603410025e+01
1.188025587377726211e+01
1.188027887136294680e+01
1.188033342726747321e+01
1.188025424252421480e+01
1.188028261235075789e+01
1.188033134097763366e+01
1.188025315550117433e+01
1.188028483705102722e+01
1.188033134876443597e+01
1.188024975709586606e+01
1.188028914156257621e+01
1.188033012112680531e+01
1.188024618512997677e+01
1.188029518629899073e+01
1.188032606743864150e+01
1.188024551694873132e+01
1.188029929464621404e+01
1.188032241823995250e+01
1.188024589769014483e+01
1.188030142243104414e+01
1.188032106874540617e+01
1.188024412494495508e+01
1.188030519133542207e+01
1.188031899281074288e+01
1.188024179605024955e+01
1.188031087959241816e+01
1.188031408018297874e+01
1.188024226929453953e+01
1.188031484037104946e+01
1.188030923097193892e+01
1.188024423277827246e+01
1.188031641938935934e+01
1.188030684794838443e+01
1.188024422752610754e+01
1.188031916407427246e+01
1.188030429224999907e+01
1.188024326412104159e+01
1.188032396544639013e+01
1.188029899156721569e+01
1.188024488587172733e+01
1.188032731332201841e+01
1.188029343046976294e+01
1.188024836091899061e+01
1.188032796456957385e+01
1.188029044806073031e+01
1.188025007237059150e+01
1.188032929417673245e+01
1.188028786501175205e+01
1.188025041560455541e+01
1.188033278293178796e+01
1.188028271712278539e+01
1.188025301889235408e+01
1.188033515964857401e+01
1.188027699967782524e+01
1.188025775210850554e+01
1.188033462966063247e+01
1.188027390410196560e+01
1.188026094469176286e+01
1.188033430145125635e+01
1.188027176948824959e+01
1.188026236694157589e+01
1.188033620491095910e+01
1.188026732088521520e+01
1.188026563065919738e+01
1.188033740248407710e+01
1.188026200439408697e+01
1.188027121302367206e+01
1.188033560001764322e+01
1.188025926975351254e+01
1.188027549653432047e+01
1.188033355199171481e+01
1.188025801872629117e+01
1.188027763521227342e+01
1.188033378004144680e+01
1.188025475580983148e+01
1.188028112424723304e+01
1.188033376428811572e+01
1.188025033397316044e+01
1.188028703716504708e+01
1.188033077625293288e+01
1.188024836033070031e+01
1.188029191542917928e+01
1.188032713786823003e+01
1.188024832805181497e+01
1.188029432371147820e+01
1.188032579002716282e+01
1.188024661814885619e+01
1.188029754426874973e+01
1.188032470155704701e+01
1.188024346406162657e+01
1.188030321945599788e+01
1.188032078606931208e+01
1.188024252562549776e+01
1.188030815140784213e+01
1.188031586563185904e+01
1.188024390014730258e+01
1.188031035936988289e+01
1.188031321491672720e+01
1.188024394662275007e+01
1.188031282252254961e+01
1.188031134755103224e+01
1.188024227113878339e+01
1.188031770836022893e+01
1.188030690486899665e+01
1.188024248110187386e+01
1.188032217390607315e+01
1.188030115507370432e+01
1.188024527453788792e+01
1.188032375225006732e+01
1.188029761078441204e+01
1.188024709159755332e+01
1.188032503769921533e+01
1.188029537022318927e+01
1.188024692213961409e+01
1.188032866387127839e+01
1.188029089511645608e+01
1.188024821860632407e+01
1.188033222633408670e+01
1.188028486094143510e+01
1.188025226035875725e+01
1.188033284457826433e+01
1.188028091512168949e+01
1.188025567069563593e+01
1.188033265655376880e+01
1.188027876317167753e+01
1.188025685301943035e+01
1.188033468898978562e+01
1.188027478462637987e+01
1.188025900778214350e+01
1.188033704638033683e+01
1.188026903998475348e+01
1.188026396082581826e+01
1.188033651808638247e+01
1.188026520433712463e+01
1.188026861642120657e+01
1.188033472628498188e+01
1.188026359583581026e+01
1.188027083896357539e+01
1.188033500562987044e+01
1.188026061160920754e+01
1.188027348799880123e+01
1.188033602441203840e+01
1.188025569256322100e+01
1.188027888632439044e+01
1.188033433366971714e+01
1.188025243377196460e+01
1.188028430983548667e+01
1.188033099398538894e+01
1.188025175426732183e+01
1.188028714744974579e+01
1.188032955286739423e+01
1.188025016847611504e+01
1.188028983925453197e+01
1.188032928009867106e+01
1.188024651124391617e+01
1.188029514191154234e+01
1.188032658585714252e+01
1.188024419283379274e+01
1.188030078351805940e+01
1.188032193817839399e+01
1.188024470498802820e+01
1.188030375497702806e+01
1.188031899518632528e+01
1.188024477655902977e+01
1.188030601060539482e+01
1.188031764764151887e+01
1.188024266794188222e+01
1.188031066569053884e+01
1.188031426527758150e+01
1.188024150595593298e+01
1.188031596835530479e+01
1.188030870849139653e+01
1.188024331154618629e+01
1.188031860028943676e+01
1.188030463967154482e+01
1.188024512002075106e+01
1.188031997745984114e+01
1.188030257145535273e+01
1.188024466632302634e+01
1.188032348813320382e+01
1.188029893384812929e+01
1.188024470434338653e+01
1.188032795319532831e+01
1.188029298104163090e+01
1.188024772677070651e+01
1.188032984234309097e+01
1.188028827252111697e+01
1.188025115980154922e+01
1.188032999545954205e+01
1.188028592538038453e+01
1.188025227800296335e+01
1.188033197979780908e+01
1.188028252835750997e+01
1.188025338458816904e+01
1.188033522479149973e+01
1.188027674768868280e+01
1.188025737422374206e+01
1.188033609067094609e+01
1.188027193537481274e+01
1.188026213840477752e+01
1.188033481909857159e+01
1.188026977809379225e+01
1.188026457056377438e+01
1.188033505634651377e+01
1.188026711710008065e+01
1.188026645934115422e+01
1.188033685792663618e+01
1.188026206560664377e+01
1.188027102116071099e+01
1.188033657926123787e+01
1.188025766950834416e+01
1.188027667492435135e+01
1.188033385765984917e+01
1.188025613413778103e+01
1.188028002389193283e+01
1.188033231512449639e+01
1.188025464010356913e+01
1.188028229368158861e+01
1.188033263185728572e+01
1.188025079860944366e+01
1.188028693382594092e+01
1.188033126215114166e+01
1.188024725997652986e+01
1.188029293839223044e+01
1.188032724891450265e+01
1.188024668303845743e+01
1.188029672026020478e+01
1.188032408615058344e+01
1.188024666554938591e+01
1.188029891007696648e+01
1.188032305845883840e+01
1.188024438269864191e+01
1.188030309558255837e+01
1.188032081875699930e+01
1.188024201179797501e+01
1.188030887769511246e+01
1.188031584134955843e+01
1.188024258797341481e+01
1.188031258432414816e+01
1.188031139110871592e+01
1.188024419295008371e+01
1.188031423622385674e+01
1.188030931852754968e+01
1.188024364526553889e+01
1.188031746049285431e+01
1.188030656828470555e+01
1.188024258625679863e+01
1.188032247920933138e+01
1.188030108716753830e+01
1.188024434048338129e+01
1.188032564294063675e+01
1.188029581547398195e+01
1.188024752777933912e+01
1.188032636468344450e+01
1.188029311421625955e+01
1.188024870064839078e+01
1.188032821051902133e+01
1.188029030396820573e+01
1.188024891785774528e+01
1.188033201982272935e+01
1.188028485949749680e+01
1.188025169943719561e+01
1.188033427222772431e+01
1.188027930980738134e+01
1.188025624328250984e+01
1.188033379174841464e+01
1.188027645610067218e+01
1.188025893516621956e+01
1.188033398406152052e+01
1.188027406793952068e+01
1.188026022235586687e+01
1.188033628358847515e+01
1.188026921676690861e+01
1.188026372188933699e+01
1.188033740088383716e+01
1.188026394514258044e+01
1.188026923425505643e+01
1.188033560558588064e+01
1.188026141157308047e+01
1.188027308352480382e+01
1.188033404715029562e+01
1.188025989497923796e+01
1.188027509485851674e+01
1.188033471481626968e+01
1.188025614381361450e+01
1.188027888194132053e+01
1.188033464426977837e+01
1.188025165315052512e+01
1.188028485603505580e+01
1.188033160006677313e+01
1.188024984611149115e+01
1.188028938702566428e+01
1.188032838580122430e+01
1.188024955729753529e+01
1.188029168570040994e+01
1.188032748837899533e+01
1.188024730223586900e+01
1.188029526267879454e+01
1.188032635244092461e+01
1.188024398368041723e+01
1.188030113126237453e+01
1.188032230001683764e+01
1.188024318986591510e+01
1.188030581374470174e+01
1.188031770794311370e+01
1.188024434236340454e+01
1.188030793203759217e+01
1.188031548839758500e+01
1.188024382131913015e+01
1.188031079708998128e+01
1.188031356610990663e+01
1.188024191009882102e+01
1.188031599845271735e+01
1.188030889473867902e+01
1.188024225882753093e+01
1.188032031307045067e+01
1.188030335466870469e+01
1.188024489165067088e+01
1.188032181611822935e+01
1.188030019796059555e+01
1.188024615578719079e+01
1.188032352772817646e+01
1.188029788606796977e+01
1.188024570685481862e+01
1.188032757118656058e+01
1.188029308816284768e+01
1.188024715299964029e+01
1.188033107267883359e+01
1.188028713194195340e+01
1.188025112052361010e+01
1.188033161784317571e+01
1.188028351369595903e+01
1.188025402824026067e+01
1.188033185253192059e+01
1.188028127244765741e+01
1.188025491464080474e+01
1.188033437537972681e+01
1.188027688444605623e+01
1.188025724433002672e+01
1.188033674571292764e+01
1.188027108387650621e+01
1.188026222930303000e+01
1.188033612994711419e+01
1.188026750844039370e+01
1.188026646351629978e+01
1.188033472595596152e+01
1.188026579900838264e+01
1.188026839753140429e+01
1.188033553485070115e+01
1.188026233593276260e+01
1.188027125590505406e+01
1.188033661967162580e+01
1.188025723603350414e+01
1.188027680411145504e+01
1.188033480882154080e+01
1.188025417176400467e+01
1.188028191067735939e+01
1.188033179017548946e+01
1.188025339326612340e+01
1.188028448494587863e+01
1.188033088188600672e+01
1.188025128511761075e+01
1.188028742245850111e+01
1.188033070582092598e+01
1.188024734095123947e+01
1.188029299483077139e+01
1.188032784207582537e+01
1.188024516088685267e+01
1.188029843732684299e+01
1.188032341990225937e+01
1.188024559506183309e+01
1.188030118063942098e+01
1.188032097891401051e+01
1.188024513299746232e+01
1.188030371204919255e+01
1.188031973790984708e+01
1.188024265784182454e+01
1.188030874782957902e+01
1.188031612437813500e+01
1.188024159322211304e+01
1.188031397188634486e+01
1.188031067519209749e+01
1.188024336384692958e+01
1.188031641252064574e+01
1.188030704855015429e+01
1.188024466288935699e+01
1.188031808109020560e+01
1.188030508034844068e+01
1.188024379410603615e+01
1.188032206424506576e+01
1.188030114462496378e+01
1.188024390655991880e+01
1.188032656344081062e+01
1.188029516816970421e+01
1.188024695885023263e+01
1.188032829197167395e+01
1.188029082077292564e+01
1.188024994182973160e+01
1.188032873073124129e+01
1.188028855736111922e+01
1.188025062856411651e+01
1.188033125139770974e+01
1.188028479861127629e+01
1.188025180442224382e+01
1.188033462655372574e+01
1.188027886039911074e+01
1.188025590714489610e+01
1.188033535015502373e+01
1.188027431638746378e+01
1.188026031193468057e+01
1.188033433242902781e+01
1.188027222454020659e+01
1.188026232605002086e+01
1.188033513577844502e+01
1.188026915071863243e+01
1.188026429343649326e+01
1.188033714033639399e+01
1.188026381633195250e+01
1.188026906360484247e+01
1.188033672167880894e+01
1.188025959392893327e+01
1.188027447281173998e+01
1.188033419440932192e+01
1.188025811144841626e+01
1.188027744155551879e+01
1.188033321086966509e+01
1.188025617453287985e+01
1.188027980803398798e+01
1.188033377679181868e+01
1.188025194377836335e+01
1.188028475521072913e+01
1.188033225259521153e+01
1.188024849174626851e+01
1.188029064468743456e+01
1.188032834814263161e+01
1.188024796754894830e+01
1.188029410087670357e+01
1.188032570123775855e+01
1.188024750494415827e+01
1.188029640682673005e+01
1.188032494232374603e+01
1.188024475397558355e+01
1.188030099158276620e+01
1.188032251919906379e+01
1.188024239761424639e+01
1.188030679178544347e+01
1.188031754399342610e+01
1.188024304332263625e+01
1.188031023511750384e+01
1.188031353484091213e+01
1.188024423283903097e+01
1.188031201602661113e+01
1.188031172719307804e+01
1.188024317137214858e+01
1.188031571530903108e+01
1.188030875528271757e+01
1.188024207477069893e+01
1.188032087792788083e+01
1.188030315660006764e+01
1.188024393401559919e+01
1.188032383964791805e+01
1.188029822701270000e+01
1.188024676814790226e+01
1.188032468937227826e+01
1.188029576925024422e+01
1.188024741700942499e+01
1.188032706064594812e+01
1.188029269698627033e+01
1.188024756619979350e+01
1.188033112228685262e+01
1.188028701186993530e+01
1.188025050560259288e+01
1.188033322504547584e+01
1.188028169066526374e+01
1.188025478843232996e+01
1.188033285196080691e+01
1.188027904902495990e+01
1.188025698014962472e+01
1.188033358811830809e+01
1.188027636471816528e+01
1.188025818916864118e+01
1.188033622319147575e+01
1.188027115731000194e+01
1.188026191223616301e+01
1.188033722855309726e+01
1.188026599651467130e+01
1.188026727946192018e+01
1.188033549740331374e+01
1.188026364186473494e+01
1.188027068172805123e+01
1.188033446557138362e+01
1.188026180951379018e+01
1.188027262070473711e+01
1.188033552190093900e+01
1.188025760452363322e+01
1.188027670297426752e+01
1.188033535953807451e+01
1.188025311340394019e+01
1.188028266268652544e+01
1.188033231358193298e+01
1.188025145820129147e+01
1.188028682168688910e+01
1.188032957294777781e+01
1.188025085565817385e+01
1.188028906329548562e+01
1.188032908578356306e+01
1.188024807619734347e+01
1.188029300437908731e+01
1.188032786071499025e+01
1.188024466129907886e+01
1.188029899360465080e+01
1.188032372124512648e+01
1.188024400451229212e+01
1.188030339172310157e+01
1.188031951763324301e+01
1.188024487186470424e+01
1.188030547002936999e+01
1.188031770045122926e+01
1.188024378933834768e+01
1.188030875606238546e+01
1.188031567746094552e+01
1.188024170794659007e+01
1.188031420613181410e+01
1.188031082061521460e+01
1.188024219494961997e+01
1.188031832677479649e+01
1.188030555843819691e+01
1.188024459971609836e+01
1.188031980094377715e+01
1.188030277181940875e+01
1.188024530197574968e+01
1.188032196961183118e+01
1.188030033907946148e+01
1.188024463470640946e+01
1.188032637229876620e+01
1.188029525272370712e+01
1.188024623724884421e+01
1.188032976370836202e+01
1.188028944774686835e+01
1.188025006088662749e+01
1.188033027843140665e+01
1.188028615036258984e+01
1.188025244257568680e+01
1.188033097840160934e+01
1.188028376691316090e+01
1.188025308839849892e+01
