1.188024147592622803e+01
1.188027209985926902e+01
1.188033925624540466e+01
1.188038874632492181e+01
1.188038063119923748e+01
1.188032146473542738e+01
1.188025900007649227e+01
1.188024364591394821e+01
1.188028778542921948e+01
1.188035578914213453e+01
1.188039277621065537e+01
1.188036890692814573e+01
1.188030345738373761e+01
1.188024925125349007e+01
1.188025002410054221e+01
1.188030513497047558e+01
1.188037009800368971e+01
1.188039249331666802e+01
1.188035426765846658e+01
1.188028628763852623e+01
1.188024341333702871e+01
1.188026022417244576e+01
1.188032312927824385e+01
1.188038135602518608e+01
1.188038793209196875e+01
1.188033758030474019e+01
1.188027095252600773e+01
1.188024180672364771e+01
1.188027363158460226e+01
1.188034071722320029e+01
1.188038892635860400e+01
1.188037938446824882e+01
1.188031982797280151e+01
1.188025833010620147e+01
1.188024449458070997e+01
1.188028944500170070e+01
1.188035688250233513e+01
1.188039239987025297e+01
1.188036737802359610e+01
1.188030204645345123e+01
1.188024912601007266e+01
1.188025128280029108e+01
1.188030672952722355e+01
1.188037070674494800e+01
1.188039161684609901e+01
1.188035263882322035e+01
1.188028525860563178e+01
1.188024383273171480e+01
1.188026173711682709e+01
1.188032447751070109e+01
1.188038142448286649e+01
1.188038667155137595e+01
1.188033604211882022e+01
1.188027041145585017e+01
1.188024270419202466e+01
1.188027521555431676e+01
1.188034167227121785e+01
1.188038846632310985e+01
1.188037789997353144e+01
1.188031855492889655e+01
1.188025832041303786e+01
1.188024574675619327e+01
1.188029091322795594e+01
1.188035735006301508e+01
1.188039148778195830e+01
1.188036585240148213e+01
1.188030117495900662e+01
1.188024962419804353e+01
1.188025272651801423e+01
1.188030791571284794e+01
1.188037065601630893e+01
1.188039038252325241e+01
1.188035125359120237e+01
1.188028487033181158e+01
1.188024475301556748e+01
1.188026319139903464e+01
1.188032525677193973e+01
1.188038089054878732e+01
1.188038528005183281e+01
1.188033495404062911e+01
1.188027052420762608e+01
1.188024391127851587e+01
1.188027650557063986e+01
1.188034197622249621e+01
1.188038754375777728e+01
1.188037652911035380e+01
1.188031787629151204e+01
1.188025888765627336e+01
1.188024707496612287e+01
1.188029189298057986e+01
1.188035717408527425e+01
1.188039031644723842e+01
1.188036466900131316e+01
1.188030096018342263e+01
1.188025054319306051e+01
1.188025400258324638e+01
1.188030848639876247e+01
1.188037005783073852e+01
1.188038912758650056e+01
1.188035039172661023e+01
1.188028511064246295e+01
1.188024588033503193e+01
1.188026425779361261e+01
1.188032537839214342e+01
1.188037998041169985e+01
1.188038410902073316e+01
1.188033449816646936e+01
1.188027115096839736e+01
1.188024508349211850e+01
1.188027724119296025e+01
1.188034167095439209e+01
1.188038646773490115e+01
1.188037558906151325e+01
1.188031785151497033e+01
1.188025978378959913e+01
1.188024813158994419e+01
1.188029222839796795e+01
1.188035652107715556e+01
1.188038923515936851e+01
1.188036406712073401e+01
1.188030133089626439e+01
1.188025156099572754e+01
1.188025480811063517e+01
1.188030841163989137e+01
1.188036918025862576e+01
1.188038819341730523e+01
1.188035018179353486e+01
1.188028578758170717e+01
1.188024686314209077e+01
1.188026471978239229e+01
1.188032494231779879e+01
1.188037902669613644e+01
1.188038344496018084e+01
1.188033467476700622e+01
1.188027200560905960e+01
1.188024588813450322e+01
1.188027732195677011e+01
1.188034097240831066e+01
1.188038558960422009e+01
1.188037527210325095e+01
1.188031835268649417e+01
1.188026066796953728e+01
1.188024864851012907e+01
1.188029194875598726e+01
1.188035569315413653e+01
1.188038856565962575e+01
1.188036411847507523e+01
1.188030204872875295e+01
1.188025232896602468e+01
1.188025497635199557e+01
1.188030784629298964e+01
1.188036836997163803e+01
1.188038782795197612e+01
1.188035056521288624e+01
1.188028658520017622e+01
1.188024739292134768e+01
1.188026453480151901e+01
1.188032420758638708e+01
1.188037837294834631e+01
1.188038342799971758e+01
1.188033530314106656e+01
1.188027273808322803e+01
1.188024609916397978e+01
1.188027683522079236e+01
1.188034020812694003e+01
1.188038520259122954e+01
1.188037559139731769e+01
1.188031910190900042e+01
1.188026120416334308e+01
1.188024851313983277e+01
1.188029125923906726e+01
1.188035504132562181e+01
1.188038851061272894e+01
1.188036470754227381e+01
1.188030277682483593e+01
1.188025257122196265e+01
1.188025452356101042e+01
1.188030708511867495e+01
1.188036795322785544e+01
1.188038811551524887e+01
1.188035131371964148e+01
1.188028715397326707e+01
1.188024729178817118e+01
1.188026384564778404e+01
1.188032351801969888e+01
1.188037827588585138e+01
1.188038401259811039e+01
1.188033607367505695e+01
1.188027303419262637e+01
1.188024566107610802e+01
1.188027603067582483e+01
1.188033972377087011e+01
1.188038545864411155e+01
1.188037637782931100e+01
1.188031975075507951e+01
1.188026115662541571e+01
1.188024779994647950e+01
1.188029048213214978e+01
1.188035486563065035e+01
1.188038909634899731e+01
1.188036556487426942e+01
1.188030317578731498e+01
1.188025216282750662e+01
1.188025364394570005e+01
1.188030647874532342e+01
1.188036814324546953e+01
1.188038895320305421e+01
1.188035209453046903e+01
1.188028721013482070e+01
1.188024656277671198e+01
1.188026293961793378e+01
1.188032320444666112e+01
1.188037883261064032e+01
1.188038498072813631e+01
1.188033663593996181e+01
1.188027270477908104e+01
1.188024470448876002e+01
1.188027524928006251e+01
1.188033978492667408e+01
1.188038632537454120e+01
1.188037732815953440e+01
1.188031997927482308e+01
1.188026045681860943e+01
1.188024674924318802e+01
1.188028996524508152e+01
1.188035532989853849e+01
1.188039016537927317e+01
1.188036634363897726e+01
1.188030300011327967e+01
1.188025116534387493e+01
1.188025265456117019e+01
1.188030633405037229e+01
1.188036897952288484e+01
1.188039007999189600e+01
1.188035256485468949e+01
1.188028661641048522e+01
1.188024538917362882e+01
1.188026216699164195e+01
1.188032349060462245e+01
1.188037995276970982e+01
1.188038600363616659e+01
1.188033669830818262e+01
1.188027173974830575e+01
1.188024350931651973e+01
1.188027482641066612e+01
1.188034050135919983e+01
1.188038759489151630e+01
1.188037809105179754e+01
1.188031958714705105e+01
1.188025922332898787e+01
1.188024569916903594e+01
1.188028998291449057e+01
1.188035641471567239e+01
1.188039142075879440e+01
1.188036671822390389e+01
1.188030216843067421e+01
1.188024980985180967e+01
1.188025190531218378e+01
1.188030682652209435e+01
1.188037031600538995e+01
1.188039115065256013e+01
1.188035246963688962e+01
1.188028542169925572e+01
1.188024408287387068e+01
1.188026184129499185e+01
1.188032442886961526e+01
1.188038138363287288e+01
1.188038673528047084e+01
1.188033611147092827e+01
1.188027031168289582e+01
1.188024242541899156e+01
1.188027499600413073e+01
1.188034179497806164e+01
1.188038894247126365e+01
1.188037836730771168e+01
1.188031855149352722e+01
1.188025772879542785e+01
1.188024498940374762e+01
1.188029065716891886e+01
1.188035792212929387e+01
1.188039251042373046e+01
1.188036647755161468e+01
1.188030078759079267e+01
1.188024843159687904e+01
1.188025167887979805e+01
1.188030794933171919e+01
1.188037186201776052e+01
1.188039183427415679e+01
1.188035171511729793e+01
1.188028384800368364e+01
1.188024299559022623e+01
1.188026214917493562e+01
1.188032588434558434e+01
1.188038278177164919e+01
1.188038691155593263e+01
1.188033491204855352e+01
1.188026872725365735e+01
1.188024177249350721e+01
1.188027582282361294e+01
1.188034342127864562e+01
1.188039001924231997e+01
1.188037799613323209e+01
1.188031703440555731e+01
1.188025632234419504e+01
1.188024486349190845e+01
1.188029192182027494e+01
1.188035953164179581e+01
1.188039312819235960e+01
1.188036558643538854e+01
1.188029912291677981e+01
1.188024737402659525e+01
1.188025210897007256e+01
1.188030951434079618e+01
1.188037326522730197e+01
1.188039190966934022e+01
1.188035039669396475e+01
1.188028222735125894e+01
1.188024241767868538e+01
1.188026309594044250e+01
1.188032757280249641e+01
1.188038381163267232e+01
1.188038642688452740e+01
1.188033331296323425e+01
1.188026733940451862e+01
1.188024174767176078e+01
1.188027718294179635e+01
1.188034503910813200e+01
1.188039055278329492e+01
1.188037700222897364e+01
1.188031533700981335e+01
1.188025532910949345e+01
1.188024539805181412e+01
1.188029354072800636e+01
1.188036089225630398e+01
1.188039310244637647e+01
1.188036419652441289e+01
1.188029752219882873e+01
1.188024688954223862e+01
1.188025314103584940e+01
1.188031120574791544e+01
1.188037421327410392e+01
1.188039132978440904e+01
1.188034877207559070e+01
1.188028090617316579e+01
1.188024249391105513e+01
1.188026450335590312e+01
1.188032914236931070e+01
1.188038424266305881e+01
1.188038536532367750e+01
1.188033164241361916e+01
1.188026644534972753e+01
1.188024236806622547e+01
1.188027879902011819e+01
1.188034630912772549e+01
1.188039042622245667e+01
1.188037558917615932e+01
1.188031381266437592e+01
1.188025495602394166e+01
1.188024648015472984e+01
1.188029517574923588e+01
1.188036172404904711e+01
1.188039244615139189e+01
1.188036260280161827e+01
1.188029631514032047e+01
1.188024706621195570e+01
1.188025454770760803e+01
1.188031267131742297e+01
1.188037452431759888e+01
1.188039023561946195e+01
1.188034718688551550e+01
1.188028014498146590e+01
1.188024318134732660e+01
1.188026606103357707e+01
1.188033027537272623e+01
1.188038401620266171e+01
1.188038397639881971e+01
1.188033024891243272e+01
1.188026620045501325e+01
1.188024346570002443e+01
1.188028032054249650e+01
1.188034699208690625e+01
1.188038971213526196e+01
1.188037408052080224e+01
1.188031276464624675e+01
1.188025523190436772e+01
1.188024784003648016e+01
1.188029648465394672e+01
1.188036189918836705e+01
1.188039135302800453e+01
1.188036115812196414e+01
1.188029571794352712e+01
1.188024780240212408e+01
1.188025599473089144e+01
1.188031362434034932e+01
1.188037419951967877e+01
1.188038891521852136e+01
1.188034597456655561e+01
1.188028004313072117e+01
1.188024426202310124e+01
1.188026741640013206e+01
1.188033078014819743e+01
1.188038326214708817e+01
1.188038260265551216e+01
1.188032940050181629e+01
1.188026657361950811e+01
1.188024473644365742e+01
1.188028142526887265e+01
1.188034701772368784e+01
1.188038865111804299e+01
1.188037282601174205e+01
1.188031235869108748e+01
1.188025599960675471e+01
1.188024912942258560e+01
1.188029721994288401e+01
1.188036147838673884e+01
1.188039014108780833e+01
1.188036017120832710e+01
1.188029577129455561e+01
1.188024883671765330e+01
1.188025713773960490e+01
1.188031392609755166e+01
1.188037342206138902e+01
1.188038772009353039e+01
1.188034536031297606e+01
1.188028051078815395e+01
1.188024540642514992e+01
1.188026827644376660e+01
1.188033064575121145e+01
1.188038226077084936e+01
1.188038158063981697e+01
1.188032920792075053e+01
1.188026735701533809e+01
1.188024582812957242e+01
1.188028191184041482e+01
1.188034650422991234e+01
1.188038758182699617e+01
1.188037210090038798e+01
1.188031257596860968e+01
1.188025696206192627e+01
1.188025002200346947e+01
1.188029729952569546e+01
1.188036069255119642e+01
1.188038916068019191e+01
1.188035981820089759e+01
1.188029632953934289e+01
1.188024982383864447e+01
1.188025772115865486e+01
1.188031362492571219e+01
1.188037250365910324e+01
1.188038696406369255e+01
1.188034539703403958e+01
1.188028129566440327e+01
1.188024626854515553e+01
1.188026849140025298e+01
1.188033004414818095e+01
1.188038136162982994e+01
1.188038114451649818e+01
1.188032959371130204e+01
1.188026822653626979e+01
1.188024644164359245e+01
1.188028175678076970e+01
1.188034572342061246e+01
1.188038684355105268e+01
1.188037202758643929e+01
1.188031321944578522e+01
1.188025776798141919e+01
1.188025030662678105e+01
1.188029682930963205e+01
1.188035987588006215e+01
1.188038869419970389e+01
1.188036009302438600e+01
1.188029710327234412e+01
1.188025043359851907e+01
1.188025765072736917e+01
1.188031294143929451e+01
1.188037179491176865e+01
1.188038683387647332e+01
1.188034595113442116e+01
1.188028205583100494e+01
1.188024658467905326e+01
1.188026809674751050e+01
1.188032928025627299e+01
1.188038088354418598e+01
1.188038135980962196e+01
1.188033031521655403e+01
1.188026883474129569e+01
1.188024641591085206e+01
1.188028112033597949e+01
1.188034502257482039e+01
1.188038667956312011e+01
1.188037254145699073e+01
1.188031397080866469e+01
1.188025811212910732e+01
1.188024994689829228e+01
1.188029607222715889e+01
1.188035937029864364e+01
1.188038887600654547e+01
1.188036080987784970e+01
1.188029774227624458e+01
1.188025044485332060e+01
1.188025701966598469e+01
1.188031220510761443e+01
1.188037158544228866e+01
1.188038733657709578e+01
1.188034674119131928e+01
1.188028245726582632e+01
1.188024624810292629e+01
1.188026730247726803e+01
1.188032870482564540e+01
1.188038102408197716e+01
1.188038210531908767e+01
1.188033103405968305e+01
1.188026890965731930e+01
1.188024577325316145e+01
1.188028030041892436e+01
1.188034472556222987e+01
1.188038716826078556e+01
1.188037340972627653e+01
1.188031448119329347e+01
1.188025782191403046e+01
1.188024909111400795e+01
1.188029537320869444e+01
1.188035942832472003e+01
1.188038965455992724e+01
1.188036165635311470e+01
1.188029793510099807e+01
1.188024980809784559e+01
1.188025608189811777e+01
1.188031176052168547e+01
1.188037202172587747e+01
1.188038829774192706e+01
1.188034741806304062e+01
1.188028226870886606e+01
1.188024533922490811e+01
1.188026643330072218e+01
1.188032861478112245e+01
1.188038180352191553e+01
1.188038310765644390e+01
1.188033141230817691e+01
1.188026833200574650e+01
1.188024471300108154e+01
1.188027964795833569e+01
1.188034504082903098e+01
1.188038820088011960e+01
1.188037429755359575e+01
1.188031447030673071e+01
1.188025690648327881e+01
1.188024803020938158e+01
1.188029506119945289e+01
1.188036014122818074e+01
1.188039080692039917e+01
1.188036228213309542e+01
1.188029749764623233e+01
1.188024865973371469e+01
1.188025518004677750e+01
1.188031186941586803e+01
1.188037306522326375e+01
1.188038941081706668e+01
1.188034766409935550e+01
1.188028142763222306e+01
1.188024410305308187e+01
1.188026583646916556e+01
1.188032916860212929e+01
1.188038305870336941e+01
1.188038401873540906e+01
1.188033120868588277e+01
1.188026716953695328e+01
1.188024355517651465e+01
1.188027946708059268e+01
1.188034600170252730e+01
1.188038951196338466e+01
1.188037486316270197e+01
1.188031380651014857e+01
1.188025555467435446e+01
1.188024711527023847e+01
1.188029535531219594e+01
1.188036141246776189e+01
1.188039200175626142e+01
1.188036239879076383e+01
1.188029642614068493e+01
1.188024728382722550e+01
1.188025464797511610e+01
1.188031263563521023e+01
1.188037450267044193e+01
1.188039032413728791e+01
1.188034728398861084e+01
1.188028005879334614e+01
1.188024287987971839e+01
1.188026578263303890e+01
1.188033034043285063e+01
1.188038448887515663e+01
1.188038451496659142e+01
1.188033034800276333e+01
1.188026565850172389e+01
1.188024264949120479e+01
1.188027992786634712e+01
1.188034745603484943e+01
1.188039075460552318e+01
1.188037485565772755e+01
1.188031254523481728e+01
1.188025408180798514e+01
1.188024665724866225e+01
1.188029630149954485e+01
1.188036298442327343e+01
1.188039289376952112e+01
1.188036186279197359e+01
1.188029489914711156e+01
1.188024603139391466e+01
1.188025471496341900e+01
1.188031397452333060e+01
1.188037600637234803e+01
1.188039074162677267e+01
1.188034626147359241e+01
1.188027843940164807e+01
1.188024200804910180e+01
1.188026638768783805e+01
1.188033192653523962e+01
1.188038574138866821e+01
1.188038439039306837e+01
1.188032894366000747e+01
1.188026413662118586e+01
1.188024227492853058e+01
1.188028101671433312e+01
1.188034910898772267e+01
1.188039159983821591e+01
1.188037418771563480e+01
1.188031091402360140e+01
1.188025283957339440e+01
1.188024683720771613e+01
1.188029775840946733e+01
1.188036451175812580e+01
1.188039322310373080e+01
1.188036071761503898e+01
1.188029322704644386e+01
1.188024521955767376e+01
1.188025543907040138e+01
1.188031563637306043e+01
1.188037722812602226e+01
1.188039050848120581e+01
1.188034476494159541e+01
1.188027691988875567e+01
1.188024172630601250e+01
1.188026757857098659e+01
1.188033360323949950e+01
1.188038651325857487e+01
1.188038361672220766e+01
1.188032726578898846e+01
1.188026294601064592e+01
1.188024255882936053e+01
1.188028253943921264e+01
1.188035060758132921e+01
1.188039183177448344e+01
1.188037296154262989e+01
1.188030924749881123e+01
1.188025211451147101e+01
1.188024765343302924e+01
1.188029943748710515e+01
1.188036566092644186e+01
1.188039289083999073e+01
1.188035918190715279e+01
1.188029176275499665e+01
1.188024503968038204e+01
1.188025668970804105e+01
1.188031727808150784e+01
1.188037789990822723e+01
1.188038965645874612e+01
1.188034309931000365e+01
1.188027582271612381e+01
1.188024210437226635e+01
1.188026911382410944e+01
1.188033502027986543e+01
1.188038663903073200e+01
1.188038235202698978e+01
1.188032566346449670e+01
1.188026233412684363e+01
1.188024343962873175e+01
1.188028417705345063e+01
1.188035164277629008e+01
1.188039141039608815e+01
1.188037143969100740e+01
1.188030789066930559e+01
1.188025204489434650e+01
1.188024892158008683e+01
1.188030098628147258e+01
1.188036620680546562e+01
1.188039198791253881e+01
1.188035758641602335e+01
1.188029079956155876e+01
1.188024550177174987e+01
1.188025818523480659e+01
1.188031856242171003e+01
1.188037791159069201e+01
1.188038839485112952e+01
1.188034161781957110e+01
1.188027534896598603e+01
1.188024302265524668e+01
1.188027065343355915e+01
1.188033590221952451e+01
1.188038613873690785e+01
1.188038089500349770e+01
1.188032446363322592e+01
1.188026238212603403e+01
1.188024468470445782e+01
1.188028557814340580e+01
1.188035203892529523e+01
1.188039048305929413e+01
1.188036996897129072e+01
1.188030709907028992e+01
1.188025258082362612e+01
1.188025032817456150e+01
1.188030209049222208e+01
1.188036609771880414e+01
1.188039076857580056e+01
1.188035627816632811e+01
1.188029048637838514e+01
1.188024643186104079e+01
1.188025957463961291e+01
1.188031925554960999e+01
1.188037734250272415e+01
1.188038704964136372e+01
1.188034061983072931e+01
1.188027552047575952e+01
1.188024420721585450e+01
1.188027185730308055e+01
1.188033612785863724e+01
1.188038521165227124e+01
1.188037959833400592e+01
1.188032387675034052e+01
1.188026298188057162e+01
1.188024595801878469e+01
1.188028646041437852e+01
1.188035180407637981e+01
1.188038934138859659e+01
1.188036888011210834e+01
1.188030696533059860e+01
1.188025349924639151e+01
1.188025152146408203e+01
1.188030256447783550e+01
1.188036546971735952e+01
1.188038957651026273e+01
1.188035552037760567e+01
1.188029078537359240e+01
1.188024752283123497e+01
1.188026053893911183e+01
1.188031929394890973e+01
1.188037643781090935e+01
1.188038596915863110e+01
1.188034026487131989e+01
1.188027617431403549e+01
1.188024530926948863e+01
1.188027248311391659e+01
1.188033576441451444e+01
1.188038417816949277e+01
1.188037876702299833e+01
1.188032393680765431e+01
1.188026386793984024e+01
1.188024691718710635e+01
1.188028669148295435e+01
1.188035112677534322e+01
1.188038833680991679e+01
1.188036839286060875e+01
1.188030739337638231e+01
1.188025446884684477e+01
1.188025221257433373e+01
1.188030240388018122e+01
1.188036460658990201e+01
1.188038874578235315e+01
1.188035541740391032e+01
1.188029148377813016e+01
1.188024842315676466e+01
1.188026088244524203e+01
1.188031880174092514e+01
1.188037553740379160e+01
1.188038542417970156e+01
1.188034052768115423e+01
1.188027701041063189e+01
1.188024600544313003e+01
1.188027245516947872e+01
1.188033504728131007e+01
1.188038338748139644e+01
1.188037857139537401e+01
1.188032449254468048e+01
1.188026469427885523e+01
1.188024731141060641e+01
1.188028632592450151e+01
1.188035032121991819e+01
1.188038777981288519e+01
1.188036855378052614e+01
1.188030812686402626e+01
1.188025514524425219e+01
1.188025225767336579e+01
1.188030178592367925e+01
1.188036385808974060e+01
1.188038850554863757e+01
1.188035588576424928e+01
1.188029225548324419e+01
1.188024883741188198e+01
1.188026058795842310e+01
1.188031805434990495e+01
1.188037497851252589e+01
1.188038553111332085e+01
1.188034120630941537e+01
1.188027767774265797e+01
1.188024608980339814e+01
1.188027188516989163e+01
1.188033431218458524e+01
1.188038311798684177e+01
1.188037899920223950e+01
1.188032525136028283e+01
1.188026513318323651e+01
1.188024705246841251e+01
1.188028558892180442e+01
1.188034973729887511e+01
1.188038785176485490e+01
1.188036922372080895e+01
1.188030882277294609e+01
1.188025526901703621e+01
1.188025169830635264e+01
1.188030101830362639e+01
1.188036354021904728e+01
1.188038891528149321e+01
1.188035667856707001e+01
1.188029275416727337e+01
1.188024861005751553e+01
1.188025982104201006e+01
1.188031739971362377e+01
1.188037499987294510e+01
1.188038621940457951e+01
1.188034198005334474e+01
1.188027787423568249e+01
1.188024553202392397e+01
1.188027103994547495e+01
1.188033389952762420e+01
1.188038349838411278e+01
1.188037985956556142e+01
1.188032586278288782e+01
1.188026496829415812e+01
1.188024623940416369e+01
1.188028481193701325e+01
1.188034966114000213e+01
1.188038855365004309e+01
1.188037011768760998e+01
1.188030914898462598e+01
1.188025473923484299e+01
1.188025074930394176e+01
1.188030045161012005e+01
1.188036384552626679e+01
1.188038984809179155e+01
1.188035745582402214e+01
1.188029271167648560e+01
1.188024776947989380e+01
1.188025888284568587e+01
1.188031715940596023e+01
1.188037567397470440e+01
1.188038725167685783e+01
1.188034250061006958e+01
1.188027743255459612e+01
1.188024448596191185e+01
1.188027026563875843e+01
1.188033405767799344e+01
1.188038447108624318e+01
1.188038083718028481e+01
1.188032601804196631e+01
1.188026415613644460e+01
1.188024513047983177e+01
1.188028433857348531e+01
1.188035023372955834e+01
1.188038970563723851e+01
1.188037088572909816e+01
1.188030887871716956e+01
1.188025364234003156e+01
1.188024973791489991e+01
1.188030037967934938e+01
1.188036478815565289e+01
1.188039102653269019e+01
1.188035788101638168e+01
1.188029201445484873e+01
1.188024652026069994e+01
1.188025812467366293e+01
1.188031753705230642e+01
1.188037688606495834e+01
1.188038829093549253e+01
1.188034249118075714e+01
1.188027636808521592e+01
1.188024324631362205e+01
1.188026988931675021e+01
1.188033487195497706e+01
1.188038580810400724e+01
1.188038158180440362e+01
1.188032553819366477e+01
1.188026283904894242e+01
1.188024407005527472e+01
1.188028442663485684e+01
1.188035141021632946e+01
1.188039099775658691e+01
1.188037121254118844e+01
1.188030795561047270e+01
1.188025222817121218e+01
1.188024901082135187e+01
1.188030095548846354e+01
1.188036619911483704e+01
1.188039210123632117e+01
1.188035771722557499e+01
1.188029073662175072e+01
1.188024518546105313e+01
1.188025784779676819e+01
1.188031855961581940e+01
1.188037836614030063e+01
1.188038899648695690e+01
1.188034182595334265e+01
1.188027487536755622e+01
1.188024216494826391e+01
1.188027012528407589e+01
1.188033623944406614e+01
1.188038717550466217e+01
1.188038180837175162e+01
1.188032442599730309e+01
1.188026130532578861e+01
1.188024339035305488e+01
1.188028517382246818e+01
1.188035297183835048e+01
1.188039207809892872e+01
1.188037090804463425e+01
1.188030651076350352e+01
1.188025083914283009e+01
1.188024883477622495e+01
1.188030214652893335e+01
1.188036777382254350e+01
1.188039275082228485e+01
1.188035689567943898e+01
1.188028911968132917e+01
1.188024411445515227e+01
1.188025821663539006e+01
1.188032006871408619e+01
1.188037976571627041e+01
1.188038912184704721e+01
1.188034056708219310e+01
1.188027327311288417e+01
1.188024155000856652e+01
1.188027101283428699e+01
1.188033789760601344e+01
1.188038822894028890e+01
1.188038137938656646e+01
1.188032286608965826e+01
1.188025990698034917e+01
1.188024331571876857e+01
1.188028648875439153e+01
1.188035458803117450e+01
1.188039265398867350e+01
1.188036996281621605e+01
1.188030482592114723e+01
1.188024981200858576e+01
1.188024931928249650e+01
1.188030374323911964e+01
1.188036915926623394e+01
1.188039277474388022e+01
1.188035553643670461e+01
1.188028750366332353e+01
1.188024358222786248e+01
1.188025921063750800e+01
1.188032176544776775e+01
1.188038075806507798e+01
1.188038858636502404e+01
1.188033894761996478e+01
1.188027191271656413e+01
1.188024157669270764e+01
1.188027240410914764e+01
1.188033949942512812e+01
1.188038871311540490e+01
1.188038034530906906e+01
1.188032117239110974e+01
1.188025895824391753e+01
1.188024389731017294e+01
1.188028811661827433e+01
1.188035591157254167e+01
1.188039257686815731e+01
1.188036855151758076e+01
1.188030325254015374e+01
1.188024938041380807e+01
1.188025038433938896e+01
1.188030541900819159e+01
1.188037005598689078e+01
1.188039215174422125e+01
1.188035391426797283e+01
1.188028622901800624e+01
1.188024370954137687e+01
1.188026062965988316e+01
1.188032329650971342e+01
1.188038113287564634e+01
1.188038749904604785e+01
1.188033730449934211e+01
1.188027107658967729e+01
1.188024223618509545e+01
1.188027400645674447e+01
1.188034071370460509e+01
1.188038853592935595e+01
1.188037893034941028e+01
1.188031969744924865e+01
1.188025864448022517e+01
1.188024499795654876e+01
1.188028971268201417e+01
1.188035667912710913e+01
1.188039188555883818e+01
1.188036698257422330e+01
1.188030211008373804e+01
1.188024960709206468e+01
1.188025178339055898e+01
1.188030682464811250e+01
1.188037030486916201e+01
1.188039104616957431e+01
1.188035237918922249e+01
1.188028553801720477e+01
1.188024442787826906e+01
1.188026215184494916e+01
1.188032435647945917e+01
1.188038085718668668e+01
1.188038612701136998e+01
1.188033598097581134e+01
1.188027089640009315e+01
1.188024333824069068e+01
1.188027546719130179e+01
1.188034132093834749e+01
1.188038779505771458e+01
1.188037746746513967e+01
1.188031873037868813e+01
1.188025896864796849e+01
1.188024633201951019e+01
1.188029094213136894e+01
1.188035678734631162e+01
1.188039079480171090e+01
1.188036560877892889e+01
1.188030159366820548e+01
1.188025036598106432e+01
1.188025317488918731e+01
1.188030768940272885e+01
1.188036993289236420e+01
1.188038976010071046e+01
1.188035125513802726e+01
1.188028550494337665e+01
1.188024549965555110e+01
1.188026342689818904e+01
1.188032477595142922e+01
1.188038008446706684e+01
1.188038481793496004e+01
1.188033522748401261e+01
1.188027131546908777e+01
1.188024456662325790e+01
1.188027647558086386e+01
1.188034127633210346e+01
1.188038674917214443e+01
1.188037630194232008e+01
1.188031841366345809e+01
1.188025975105669296e+01
1.188024754828052920e+01
1.188029157658566426e+01
1.188035632209022374e+01
1.188038963270657966e+01
1.188036472544753153e+01
1.188030171831236537e+01
1.188025137927385977e+01
1.188025422106440310e+01
1.188030789861788250e+01
1.188036914459615190e+01
1.188038864580467191e+01
1.188035074683661740e+01
1.188028601542849927e+01
1.188024658732490835e+01
1.188026417700008786e+01
1.188032456965821737e+01
1.188037910963128496e+01
1.188038389970369479e+01
1.188033513007026443e+01
1.188027210594073679e+01
1.188024557058388453e+01
1.188027685193357819e+01
1.188034072182704470e+01
1.188038574285994819e+01
1.188037569218381861e+01
1.188031870297165504e+01
1.188026068185507889e+01
1.188024833107322920e+01
1.188029155909371326e+01
1.188035553283013179e+01
1.188038874606144546e+01
1.188036448602636774e+01
1.188030231555791261e+01
1.188025229784426706e+01
1.188025468471397339e+01
1.188030752577754079e+01
1.188036826254657008e+01
1.188038800456916277e+01
1.188035088178962617e+01
1.188028680019588812e+01
1.188024735053828884e+01
1.188026427594178003e+01
1.188032393127354069e+01
1.188037828390966588e+01
1.188038358672891448e+01
1.188033558665233791e+01
1.188027293484681479e+01
1.188024606532756167e+01
1.188027659826673066e+01
1.188033994454413111e+01
1.188038510770999601e+01
1.188037573634169419e+01
1.188031938079499383e+01
1.188026141020521642e+01
1.188024849023611473e+01
1.188029101950050404e+01
1.188035476059494577e+01
1.188038840126776208e+01
1.188036485902819095e+01
1.188030308246124278e+01
1.188025280119983762e+01
1.188025449635058983e+01
1.188030681061051475e+01
1.188036763478773494e+01
1.188038800106351545e+01
1.188035150330124878e+01
1.188028751254775983e+01
1.188024754314341358e+01
1.188026378436352282e+01
1.188032317740711008e+01
1.188037791455358416e+01
1.188038391940075300e+01
1.188033633693343738e+01
1.188027345937682711e+01
1.188024591279519093e+01
1.188027589694250530e+01
1.188033929445286851e+01
1.188038506800933369e+01
1.188037634504956053e+01
1.188032011903712970e+01
1.188026164425174080e+01
1.188024801470468717e+01
1.188029023679668583e+01
1.188035434064591911e+01
1.188038870888444087e+01
1.188036563765531461e+01
1.188030366820282779e+01
1.188025268849008143e+01
1.188025377338071742e+01
1.188030609040395547e+01
1.188036753584363581e+01
1.188038861696768045e+01
1.188035231556834859e+01
1.188028782711274545e+01
1.188024708284892483e+01
1.188026293200291406e+01
1.188032265732661408e+01
1.188037817766195126e+01
1.188038475305008923e+01
1.188033703673006869e+01
1.188027342427705690e+01
1.188024516054699831e+01
1.188027505848812915e+01
1.188033908484436196e+01
1.188038567724535532e+01
1.188037726714961551e+01
1.188032057239237638e+01
1.188026123391160738e+01
1.188024707537729086e+01
1.188028955967342881e+01
1.188035450726663989e+01
1.188038959241670334e+01
1.188036649873286521e+01
1.188030377377454450e+01
1.188025193543870017e+01
1.188025278660871109e+01
1.188030570413637399e+01
1.188036808878229778e+01
1.188038965626623167e+01
1.188035296776403982e+01
1.188028753226668499e+01
1.188024607457193405e+01
1.188026205241904165e+01
1.188032265372606489e+01
1.188037906812348155e+01
1.188038579901211733e+01
1.188033735574851946e+01
1.188027273442712151e+01
1.188024402835337057e+01
1.188027443342531875e+01
1.188033950324604682e+01
1.188038680274811121e+01
1.188037816093922672e+01
1.188032047650353640e+01
1.188026021371863550e+01
1.188024597675703120e+01
1.188028930745052492e+01
1.188035532696776286e+01
1.188039080977661399e+01
1.188036709445341899e+01
1.188030323714712821e+01
1.188025070159132035e+01
1.188025188347917727e+01
1.188030589599357256e+01
1.188036922984558785e+01
1.188039080064844022e+01
1.188035315379972623e+01
1.188028659068121229e+01
1.188024478104459369e+01
1.188026148825367834e+01
1.188032330199660436e+01
1.188038040055501199e+01
1.188038670646825778e+01
1.188033707176737863e+01
1.188027148245863351e+01
1.188024284609232595e+01
1.188027431244349152e+01
1.188034055750896911e+01
1.188038816289306610e+01
1.188037869133780333e+01
1.188031972368747979e+01
1.188025879365512338e+01
1.188024507053799006e+01
1.188028967879368025e+01
1.188035667883685953e+01
1.188039202176326548e+01
1.188036715162492740e+01
1.188030208012918365e+01
1.188024928550159487e+01
1.188025138910004586e+01
1.188030674515252016e+01
1.188037072586070764e+01
1.188039169998927136e+01
1.188035270007133271e+01
1.188028515080170422e+01
1.188024354837007479e+01
1.188026149321132685e+01
1.188032455077682670e+01
1.188038186151775299e+01
1.188038716260027527e+01
1.188033613480817685e+01
1.188026992314541630e+01
1.188024195977719089e+01
1.188027484279471935e+01
1.188034207265757658e+01
1.188038940708511504e+01
1.188037862599876604e+01
1.188031839462388994e+01
1.188025729982372170e+01
1.188024465494116555e+01
1.188029069407619431e+01
1.188035828826645357e+01
1.188039288892802503e+01
1.188036655050561485e+01
1.188030050307912866e+01
1.188024803970789378e+01
1.188025151271658508e+01
1.188030814215429487e+01
1.188037224035504913e+01
1.188039207282586851e+01
1.188035161608355317e+01
1.188028350515231502e+01
1.188024270691425777e+01
1.188026215859753343e+01
1.188032617573895955e+01
1.188038309903782697e+01
1.188038698283328287e+01
1.188033468244158009e+01
1.188026840089963621e+01
1.188024163198713623e+01
1.188027598512597294e+01
1.188034374034306140e+01
1.188039021641878179e+01
1.188037790280688100e+01
1.188031673607639505e+01
1.188025608102754660e+01
1.188024488845029225e+01
1.188029218860078728e+01
1.188035980538280079e+01
1.188039316949602409e+01
1.188036536012002387e+01
1.188029882796887371e+01
1.188024726924617269e+01
1.188025228675116196e+01
1.188030981959959753e+01
1.188037343021455250e+01
1.188039178796362627e+01
1.188035009256143226e+01
1.188028200649807786e+01
1.188024247579015480e+01
1.188026338621020273e+01
1.188032784364412819e+01
1.188038382415885508e+01
1.188038616474374543e+01
1.188033300081758270e+01
1.188026725057018318e+01
1.188024196560134804e+01
1.188027752410361515e+01
1.188034520748413847e+01
1.188039039604190705e+01
1.188037664850443242e+01
1.188031509012984444e+01
1.188025540793693224e+01
1.188024574345286410e+01
1.188029385960115825e+01
1.188036090603341499e+01
1.188039278967341161e+01
1.188036381890492521e+01
1.188029740557385239e+01
1.188024714320125064e+01
1.188025355688058404e+01
1.188031142909376570e+01
1.188037404500671457e+01
1.188039090288522281e+01
1.188034844670976220e+01
1.188028096584763382e+01
1.188024289912986475e+01
1.188026491632024673e+01
1.188032920859484953e+01
1.188038389477204326e+01
1.188038488915139013e+01
1.188033144208582925e+01
1.188026670043998401e+01
1.188024287370986976e+01
1.188027913047453943e+01
1.188034617846264851e+01
1.188038993178983382e+01
1.188037514225063518e+01
1.188031379523025777e+01
1.188025539459675528e+01
1.188024701402676975e+01
1.188029535378958279e+01
1.188036138569983535e+01
1.188039186516131096e+01
1.188036226577121823e+01
1.188029651390139563e+01
1.188024764567219016e+01
1.188025502664791233e+01
1.188031264210996873e+01
1.188037399952113482e+01
1.188038964712321643e+01
1.188034703036467121e+01
1.188028056241570951e+01
1.188024383334666112e+01
1.188026640290942915e+01
1.188033001217042894e+01
1.188038335667479295e+01
1.188038346766426834e+01
1.188033032243074949e+01
1.188026680625691078e+01
1.188024410493915717e+01
1.188028045644940178e+01
1.188034650058748909e+01
1.188038899405630744e+01
1.188037373466272584e+01
1.188031308830410993e+01
1.188025596568942710e+01
1.188024837577798465e+01
1.188029636959590007e+01
1.188036121840671200e+01
1.188039066733710492e+01
1.188036104193908926e+01
1.188029627800500698e+01
1.188024858077919887e+01
1.188025634344737291e+01
1.188031324485420193e+01
1.188037339796710512e+01
1.188038835551452266e+01
1.188034612830010062e+01
1.188028079224668154e+01
1.188024498912450255e+01
1.188026751380644264e+01
1.188033015774635182e+01
1.188038242976272407e+01
1.188038225234988943e+01
1.188032983098151441e+01
1.188026743573689181e+01
1.188024531651214133e+01
1.188028123605354835e+01
1.188034620759771620e+01
1.188038788799226708e+01
1.188037274650121056e+01
1.188031303688068796e+01
1.188025687897175686e+01
1.188024947975456236e+01
1.188029674381344236e+01
1.188036056346316549e+01
1.188038954447210394e+01
1.188036039271293021e+01
1.188029663465343333e+01
1.188024962981021559e+01
1.188025720021677500e+01
1.188031319924629514e+01
1.188037250314063975e+01
1.188038737144260892e+01
1.188034587667693032e+01
1.188028147020879466e+01
1.188024601524875479e+01
1.188026802606061239e+01
1.188032973746574861e+01
1.188038144402384866e+01
1.188038153444502676e+01
1.188032997614454800e+01
1.188026830746988338e+01
1.188024617308042075e+01
1.188028136102885313e+01
1.188034550903071818e+01
1.188038696529550187e+01
1.188037237684642733e+01
1.188031352060484913e+01
1.188025779557933603e+01
1.188025005258434241e+01
1.188029649763721984e+01
1.188035971884831810e+01
1.188038882157680476e+01
1.188036039774071639e+01
1.188029735142723808e+01
1.188025044310790967e+01
1.188025742308031596e+01
1.188031265288003979e+01
1.188037166039779180e+01
1.188038694857341859e+01
1.188034622488905789e+01
1.188028228388965069e+01
1.188024659934383642e+01
1.188026788908875098e+01
1.188032900490713040e+01
1.188038074467550409e+01
1.188038146147716922e+01
1.188033058414546872e+01
1.188026907206308458e+01
1.188024644243786376e+01
1.188028091091888960e+01
1.188034472950932674e+01
1.188038652360920366e+01
1.188037264691286943e+01
1.188031426652179690e+01
1.188025837717234268e+01
1.188024997405953975e+01
1.188029582970248299e+01
1.188035903557804041e+01
1.188038870786966861e+01
1.188036094911101515e+01
1.188029809376343060e+01
1.188025073984646518e+01
1.188025702025451302e+01
1.188031189611803562e+01
1.188037119891920668e+01
1.188038717902503194e+01
1.188034695080791536e+01
1.188028288310487035e+01
1.188024655662318807e+01
1.188026723832621201e+01
1.188032830223661307e+01
1.188038059387000978e+01
1.188038199587757227e+01
1.188033134920361000e+01
1.188026941180170759e+01
1.188024606116055892e+01
1.188028012972592506e+01
1.188034421600015555e+01
1.188038672208701385e+01
1.188037339465601860e+01
1.188031492721727211e+01
1.188025838211317087e+01
1.188024931078593127e+01
1.188029505904784777e+01
1.188035881777868674e+01
1.188038923767817323e+01
1.188036178258506403e+01
1.188029852032306621e+01
1.188025038762302898e+01
1.188025617920970944e+01
1.188031127922375063e+01
1.188037133823636360e+01
1.188038796759729365e+01
1.188034772429244157e+01
1.188028297945509593e+01
1.188024588209207977e+01
1.188026635637040584e+01
1.188032796285013859e+01
1.188038109639298412e+01
1.188038292598404766e+01
1.188033192060496468e+01
1.188026913082962466e+01
1.188024515236468126e+01
1.188027935638721644e+01
1.188034423924353788e+01
1.188038753635287037e+01
1.188037432099621782e+01
1.188031517956352268e+01
1.188025773400844365e+01
1.188024829712229291e+01
1.188029453442015004e+01
1.188035923632444657e+01
1.188039026076561555e+01
1.188036255271568464e+01
1.188029837995819804e+01
1.188024944004997785e+01
1.188025521340778923e+01
1.188031111284950114e+01
1.188037212582992908e+01
1.188038905877028739e+01
1.188034820096549105e+01
1.188028242831500414e+01
1.188024475207796193e+01
1.188026559276582539e+01
1.188032821659253990e+01
1.188038216972628724e+01
1.188038392604176607e+01
1.188033200236996123e+01
1.188026821099184360e+01
1.188024399094833505e+01
1.188027892851386191e+01
1.188034491661958469e+01
1.188038876513316922e+01
1.188037507467197429e+01
1.188031481670493505e+01
1.188025654377203644e+01
1.188024726882777671e+01
1.188029453506630517e+01
1.188036027989001298e+01
1.188039148467698425e+01
1.188036293101769303e+01
1.188029758346383247e+01
1.188024812197646085e+01
1.188025447334849893e+01
1.188031157941023253e+01
1.188037342310069810e+01
1.188039010905156978e+01
1.188034812033069798e+01
1.188028127051958371e+01
1.188024347454695651e+01
1.188026526454184761e+01
1.188032912384230322e+01
1.188038356693587083e+01
1.188038464874012945e+01
1.188033143791432522e+01
1.188026681768279147e+01
1.188024292569743245e+01
1.188027908598756177e+01
1.188034617802126469e+01
1.188039008703493593e+01
1.188037535236868258e+01
1.188031380764454426e+01
1.188025507872526632e+01
1.188024656752717334e+01
1.188029519059600858e+01
1.188036175738659139e+01
1.188039255774129366e+01
1.188036270000170802e+01
1.188029622984453937e+01
1.188024676594547380e+01
1.188025424642483330e+01
1.188031268025637743e+01
1.188037494416415640e+01
1.188039078491461353e+01
1.188034738079369923e+01
1.188027972158295853e+01
1.188024240151253252e+01
1.188026556518748933e+01
1.188033055735241206e+01
1.188038494663665823e+01
1.188038482469535495e+01
1.188033025567811052e+01
1.188026525334940331e+01
1.188024227958774404e+01
1.188027990160673220e+01
1.188034778499997834e+01
1.188039115218500541e+01
1.188037498606835207e+01
1.188031230708064534e+01
1.188025368663317494e+01
1.188024644258139695e+01
1.188029644294013565e+01
1.188036335193082671e+01
1.188039316985373617e+01
1.188036181630545940e+01
1.188029457884914741e+01
1.188024571710920085e+01
1.188025467390054679e+01
1.188031423432378730e+01
1.188037633734601783e+01
1.188039085885946022e+01
1.188034606975853436e+01
1.188027811056130822e+01
1.188024182787761518e+01
1.188026650826611608e+01
1.188033223793298276e+01
1.188038597087346382e+01
1.188038434049632386e+01
1.188032866188566317e+01
1.188026387099210623e+01
1.188024225651763643e+01
1.188028125924725842e+01
1.188034939869851137e+01
1.188039168302310955e+01
1.188037399220474732e+01
1.188031061167741953e+01
1.188025269571709508e+01
1.188024697865857959e+01
1.188029806221989126e+01
1.188036471174756059e+01
1.188039314222840126e+01
1.188036042403025405e+01
1.188029297667063133e+01
1.188024523356440909e+01
1.188025570944098774e+01
1.188031592965276317e+01
1.188037728653464242e+01
1.188039027563191929e+01
1.188034443916123806e+01
1.188027678538382581e+01
1.188024190592800622e+01
1.188026792277031873e+01
1.188033381459286630e+01
1.188038640288641012e+01
1.188038327211109468e+01
1.188032698154817624e+01
1.188026297221421856e+01
1.188024288188478828e+01
1.188028288680285627e+01
1.188035067756903373e+01
1.188039155487958887e+01
1.188037256751167270e+01
1.188030907463905272e+01
1.188025231957905348e+01
1.188024807072909361e+01
1.188029971279597596e+01
1.188036555192166865e+01
1.188039247953100741e+01
1.188035881351112621e+01
1.188029175591452535e+01
1.188024541139755996e+01
1.188025713208583412e+01
1.188031741343254133e+01
1.188037760281340383e+01
1.188038916859000516e+01
1.188034283282547854e+01
1.188027601211414463e+01
1.188024260097018292e+01
1.188026950233726708e+01
1.188033496608741224e+01
1.188038617584455103e+01
1.188038186314737388e+01
1.188032556447529586e+01
1.188026271980447390e+01
1.188024399503557760e+01
1.188028443483935881e+01
1.188035137629616855e+01
1.188039083220629877e+01
1.188037103216458235e+01
1.188030800344971283e+01
1.188025259529160849e+01
1.188024945440913527e+01
1.188030105043227103e+01
1.188036573691415043e+01
1.188039136853809907e+01
1.188035733724339593e+01
1.188029113930729075e+01
1.188024615691109354e+01
1.188025861027347929e+01
1.188031839414783342e+01
1.188037727907239649e+01
1.188038782097657631e+01
1.188034158688645370e+01
1.188027589803310491e+01
1.188024370155282128e+01
1.188027089403287917e+01
1.188033549382349108e+01
1.188038541195948916e+01
1.188038045415231281e+01
1.188032468406851905e+01
1.188026309088389709e+01
1.188024529603077895e+01
1.188028557776400973e+01
1.188035141653768179e+01
1.188038974956777594e+01
1.188036973698262955e+01
1.188030757111694946e+01
1.188025337308628337e+01
1.188025078272012536e+01
1.188030182176285265e+01
1.188036531933092910e+01
1.188039012371012859e+01
1.188035630792695230e+01
1.188029117570362736e+01
1.188024721422146079e+01
1.188025979787335551e+01
1.188031872552298296e+01
1.188037649148162167e+01
1.188038658371212009e+01
1.188034093285810222e+01
1.188027636123950437e+01
1.188024488105744325e+01
1.188027180027975405e+01
1.188033537866288647e+01
1.188038438655261153e+01
1.188037938410655769e+01
1.188032445884499033e+01
1.188026388422587232e+01
1.188024643259504920e+01
1.188028610749598180e+01
1.188035090878756606e+01
1.188038864339636547e+01
1.188036896232630468e+01
1.188030776696811230e+01
1.188025436026282478e+01
1.188025172627329873e+01
1.188030193675600898e+01
1.188036452393316544e+01
1.188038909619264771e+01
1.188035590876865299e+01
1.188029172686318624e+01
1.188024823955702658e+01
1.188026043369933227e+01
1.188031844783143498e+01
1.188037554799849538e+01
1.188038577430613785e+01
1.188034093169380156e+01
1.188027715510071758e+01
1.188024579200641639e+01
1.188027206395420698e+01
1.188033478549254518e+01
1.188038344830953008e+01
1.188037889323834229e+01
1.188032481926164863e+01
1.188026477885874321e+01
1.188024710134468975e+01
1.188028599246745287e+01
1.188035011972800703e+01
1.188038785510311968e+01
1.188036883819082767e+01
1.188030840067459337e+01
1.188025520572977456e+01
1.188025206744443807e+01
1.188030149360430165e+01
1.188036368242370777e+01
1.188038857319018327e+01
1.188035614177682753e+01
1.188029250796544467e+01
1.188024889999806888e+01
1.188026041570987879e+01
1.188031777539953282e+01
1.188037479969146126e+01
1.188038558633628128e+01
1.188034145726638435e+01
1.188027793953874145e+01
1.188024616538055334e+01
1.188027171250946346e+01
1.188033401521769328e+01
1.188038291940844005e+01
1.188037905498448232e+01
1.188032552850065038e+01
1.188026542621661008e+01
1.188024713406087507e+01
1.188028538574795157e+01
1.188034939543896584e+01
1.188038763374058604e+01
1.188036930787937528e+01
1.188030915734457160e+01
1.188025560031389993e+01
1.188025176184317466e+01
1.188030074988368057e+01
1.188036313849551995e+01
1.188038869647211726e+01
1.188035682799511683e+01
1.188029316934057178e+01
1.188024896819367981e+01
1.188025982936445502e+01
1.188031703488218227e+01
1.188037454067067600e+01
1.188038603487729361e+01
1.188034223299979608e+01
1.188027837813627663e+01
1.188024588682598903e+01
1.188027094946407658e+01
1.188033341869317816e+01
1.188038300401098013e+01
1.188037975570463267e+01
1.188032625037971712e+01
1.188026554931768786e+01
1.188024654504908639e+01
1.188028458094102646e+01
1.188034906279657221e+01
1.188038806551000626e+01
1.188037014467133723e+01
1.188030968736084780e+01
1.188025536448301267e+01
1.188025095045018098e+01
1.188030004896264913e+01
1.188036315016600852e+01
1.188038942245263208e+01
1.188035765876322714e+01
1.188029339593958511e+01
1.188024838670622074e+01
1.188025892296502128e+01
1.188031657226894033e+01
1.188037492465912059e+01
1.188038695253237798e+01
1.188034291067270765e+01
1.188027823367478852e+01
1.188024502890299949e+01
1.188027009636629572e+01
1.188033329701643304e+01
1.188038373040972040e+01
1.188038072715349713e+01
1.188032664492993185e+01
1.188026502137080165e+01
1.188024552694304248e+01
1.188028392870559635e+01
1.188034933663191417e+01
1.188038904933955386e+01
1.188037101628220071e+01
1.188030970570754086e+01
1.188025449933554611e+01
1.188024991956900145e+01
1.188029972245392152e+01
1.188036381643910744e+01
1.188039053451482019e+01
1.188035828337807231e+01
1.188029299688764517e+01
1.188024728444713674e+01
1.188025803720525353e+01
1.188031665454497521e+01
1.188037592115103358e+01
1.188038803683420497e+01
1.188034316934895784e+01
1.188027743571677064e+01
1.188024383071192425e+01
1.188026950151422589e+01
1.188033381579407788e+01
1.188038494268145051e+01
1.188038162252849794e+01
1.188032646512615997e+01
1.188026390215743433e+01
1.188024439625365680e+01
1.188028373706070440e+01
1.188035025830934899e+01
1.188039032521954397e+01
1.188037157922843079e+01
1.188030907330902330e+01
1.188025318677150111e+01
1.188024901966345404e+01
1.188029999568894723e+01
1.188036504862359699e+01
1.188039170423052404e+01
1.188035840893352280e+01
1.188029196030012891e+01
1.188024594053364069e+01
1.188025750831531546e+01
1.188031739325811742e+01
1.188037732346685083e+01
1.188038893606473501e+01
1.188034280706658130e+01
1.188027610134106560e+01
1.188024263027549843e+01
1.188026944060470136e+01
1.188033495730555167e+01
1.188038634448132136e+01
1.188038211522237830e+01
1.188032562786029978e+01
1.188026242174451141e+01
1.188024350343011726e+01
1.188028418313182932e+01
1.188035168312976708e+01
1.188039154785384000e+01
1.188037157703082158e+01
1.188030783749598918e+01
1.188025173828444103e+01
1.188024856534488194e+01
1.188030092270168758e+01
1.188036659482915702e+01
1.188039258487554939e+01
1.188035788450382135e+01
1.188029045757562407e+01
1.188024470505324359e+01
1.188025757166626306e+01
1.188031871175732768e+01
1.188037880712032290e+01
1.188038934986765760e+01
1.188034179938198953e+01
1.188027450252700135e+01
1.188024176805332743e+01
1.188027003722408459e+01
1.188033652463209755e+01
1.188038758339039802e+01
1.188038199272181572e+01
1.188032423868397203e+01
1.188026091529319039e+01
1.188024313233641394e+01
1.188028526154894848e+01
1.188035332093542529e+01
1.188039238547778709e+01
1.188037091443343307e+01
1.188030621939120657e+01
1.188025050604271016e+01
1.188024874465672553e+01
1.188030236976967302e+01
1.188036811160007389e+01
1.188039291114589346e+01
1.188035674535528763e+01
1.188028879500468271e+01
1.188024389859488039e+01
1.188025829343409434e+01
1.188032036629839538e+01
1.188038002271584936e+01
1.188038911608740911e+01
1.188034030733459012e+01
1.188027298852523117e+01
1.188024148876990971e+01
1.188027122643680400e+01
1.188033819756268095e+01
1.188038835231187385e+01
1.188038121849743867e+01
1.188032256227302774e+01
1.188025972682220655e+01
1.188024341798184302e+01
1.188028678512943870e+01
1.188035481921025216e+01
1.188039261573854333e+01
1.188036968566734153e+01
1.188030455082133408e+01
1.188024978131810805e+01
1.188024956417562450e+01
1.188030405323557659e+01
1.188036926278652849e+01
1.188039257619950106e+01
1.188035520353643903e+01
1.188028732576472102e+01
1.188024371942407953e+01
1.188025955078732387e+01
1.188032201588219117e+01
1.188038069691633680e+01
1.188038825820618349e+01
1.188033863154421965e+01
1.188027188508353227e+01
1.188024187026191569e+01
1.188027277292175832e+01
1.188033962484373873e+01
1.188038847850706681e+01
1.188037994314980850e+01
1.188032094630892033e+01
1.188025910964330656e+01
1.188024430699436707e+01
1.188028843854486993e+01
1.188035586497159102e+01
1.188039219037976757e+01
1.188036814766068794e+01
1.188030317850167883e+01
1.188024970998875851e+01
1.188025084668320730e+01
1.188030562131803158e+01
1.188036981691828586e+01
1.188039166293014937e+01
1.188035358680418341e+01
1.188028634771100300e+01
1.188024418584419628e+01
1.188026106714911556e+01
1.188032332087057874e+01
1.188038071173034993e+01
1.188038697879547279e+01
1.188033712530891606e+01
1.188027140006986215e+01
1.188024280075950045e+01
1.188027433896440144e+01
1.188034052588746192e+01
1.188038797372858824e+01
1.188037846091031824e+01
1.188031972083029153e+01
1.188025915296720392e+01
1.188024557301360318e+01
1.188028986960012112e+01
1.188035627540549477e+01
1.188039124921758649e+01
1.188036664563166944e+01
1.188030236365583292e+01
1.188025025035415183e+01
1.188025228253771459e+01
1.188030675597188690e+01
1.188036971414046938e+01
1.188039041983868316e+01
1.188035224367618703e+01
1.188028601724110267e+01
1.188024513108467772e+01
1.188026249238631848e+01
1.188032404124220065e+01
1.188038013843764418e+01
1.188038560066467397e+01
1.188033609234882881e+01
1.188027156355732572e+01
1.188024401152934928e+01
1.188027558228107594e+01
1.188034077175173131e+01
1.188038703044793110e+01
1.188037712429745874e+01
1.188031910290215798e+01
1.188025975650672983e+01
1.188024688249947936e+01
1.188029079106439490e+01
1.188035605033303099e+01
1.188039007925579504e+01
1.188036551316397649e+01
1.188030220684701632e+01
1.188025118572261540e+01
1.188025351944311225e+01
1.188030726456726249e+01
1.188036908293293337e+01
