1.188024147592623692e+01
1.188073389450228134e+01
1.188031160630326255e+01
1.188064256025955778e+01
1.188041117874922037e+01
1.188050237718963231e+01
1.188058566967082186e+01
1.188035135830315348e+01
1.188068660338369753e+01
1.188026985308655092e+01
1.188075543871471140e+01
1.188025871447261750e+01
1.188068880192795085e+01
1.188035938701463046e+01
1.188058576443994951e+01
1.188048955571906262e+01
1.188041591028282973e+01
1.188065001137498022e+01
1.188030893290517831e+01
1.188072331432898388e+01
1.188024575472628896e+01
1.188074342555499996e+01
1.188030461457651477e+01
1.188063585172197456e+01
1.188041506508572098e+01
1.188051285505036603e+01
1.188057661100363838e+01
1.188034620458373958e+01
1.188069305702691736e+01
1.188027762676953358e+01
1.188074759647609469e+01
1.188025247864835698e+01
1.188069932446641275e+01
1.188036291863591210e+01
1.188057916740186570e+01
1.188048314126898219e+01
1.188042799249034687e+01
1.188065152555974890e+01
1.188030050267140680e+01
1.188072000418801899e+01
1.188025576257990856e+01
1.188074544097995933e+01
1.188029266810129414e+01
1.188063685205149334e+01
1.188042273061955889e+01
1.188051451249122614e+01
1.188056361461499044e+01
1.188034912227331219e+01
1.188070146279042838e+01
1.188027591349866086e+01
1.188073736766880728e+01
1.188025480670850342e+01
1.188071036777012779e+01
1.188035702378795477e+01
1.188057226105307684e+01
1.188048582624508676e+01
1.188043946501317016e+01
1.188064418752879980e+01
1.188029399004790143e+01
1.188072605183654495e+01
1.188026396959283737e+01
1.188073933163386364e+01
1.188028453132311313e+01
1.188064685986276459e+01
1.188042704315162901e+01
1.188050865106890086e+01
1.188055573278850829e+01
1.188035998293917750e+01
1.188070464654787273e+01
1.188026716182978682e+01
1.188073309226552254e+01
1.188026351390190349e+01
1.188071438771302013e+01
1.188034472551814247e+01
1.188057202620983865e+01
1.188049324012454910e+01
1.188044262758907621e+01
1.188063159323411178e+01
1.188029501835574919e+01
1.188073543087002015e+01
1.188026329808437964e+01
1.188072975660824859e+01
1.188028494065317098e+01
1.188065908400587034e+01
1.188042248634311093e+01
1.188050150617862144e+01
1.188055724231928423e+01
1.188037193818226989e+01
1.188069920645773792e+01
1.188025921376272009e+01
1.188073852115446272e+01
1.188027183054916414e+01
1.188070997047220168e+01
1.188033484779183979e+01
1.188058107929048646e+01
1.188049831820020685e+01
1.188043742393173829e+01
1.188062255697708913e+01
1.188030430253437153e+01
1.188074035948591600e+01
1.188025443548779592e+01
1.188072470690097227e+01
1.188029231317645795e+01
1.188066506075152340e+01
1.188041037207700867e+01
1.188050002040400166e+01
1.188056452522375572e+01
1.188037650062378603e+01
1.188068752846194265e+01
1.188025830258491489e+01
1.188074876151637227e+01
1.188027222920422510e+01
1.188070121137465485e+01
1.188033337812435519e+01
1.188059401202650101e+01
1.188049525645441129e+01
1.188042993123733204e+01
1.188062288920534471e+01
1.188031620455994464e+01
1.188073689844305214e+01
1.188024504552492289e+01
1.188072928987411636e+01
1.188030049875928640e+01
1.188066226377168100e+01
1.188039904655193091e+01
1.188050774878048976e+01
1.188057042794003415e+01
1.188037195199254370e+01
1.188067773398248583e+01
1.188026579443937791e+01
1.188075549621041915e+01
1.188026357188281956e+01
1.188069558589221231e+01
1.188033947231554421e+01
1.188060182089122030e+01
1.188048386912554655e+01
1.188042716713257718e+01
1.188063010851186085e+01
1.188032198556547492e+01
1.188072652743410451e+01
1.188024215446278298e+01
1.188074013200911772e+01
1.188030193549815117e+01
1.188065434448784075e+01
1.188039575125445957e+01
1.188052082646404806e+01
1.188056895250755218e+01
1.188036398926082526e+01
1.188067688967289115e+01
1.188027715732528122e+01
1.188075404031017435e+01
1.188025285544454590e+01
1.188069912606355416e+01
1.188034740655538180e+01
1.188060058138891151e+01
1.188047152419072461e+01
1.188043329824712302e+01
1.188063694873703291e+01
1.188031816553265685e+01
1.188071641204601647e+01
1.188024775753858009e+01
1.188074867063699003e+01
1.188029385282932893e+01
1.188064830254531579e+01
1.188040065676716139e+01
1.188053023006782993e+01
1.188055877117457726e+01
1.188035988664338483e+01
1.188068401763012183e+01
1.188028389545866581e+01
1.188074521398492145e+01
1.188024796096525293e+01
1.188071018302073156e+01
1.188034981010370750e+01
1.188059342474593194e+01
1.188046649535036892e+01
1.188044593798552384e+01
1.188063711985662252e+01
1.188030966307136360e+01
1.188071442787107834e+01
1.188025820866107196e+01
1.188074922584631921e+01
1.188028207710156536e+01
1.188065066023531635e+01
1.188040834305348170e+01
1.188053050748224493e+01
1.188054593889199140e+01
1.188036424366225319e+01
1.188069191210692033e+01
1.188028092489566134e+01
1.188073519529781130e+01
1.188025165890428170e+01
1.188072040795984030e+01
1.188034266238855174e+01
1.188058704702323531e+01
1.188047028585527798e+01
1.188045657329447025e+01
1.188062851010562682e+01
1.188030413163807353e+01
1.188072133179805157e+01
1.188026558887441020e+01
1.188074203696905506e+01
1.188027520164386530e+01
1.188066146875837781e+01
1.188041164346986811e+01
1.188052399555039429e+01
1.188053933874985368e+01
1.188037591824090633e+01
1.188069379151368743e+01
1.188027192047084668e+01
1.188073216431407708e+01
1.188026097350037880e+01
1.188072297307318337e+01
1.188033024172086982e+01
1.188058814150666720e+01
1.188047781832081817e+01
1.188045833372268056e+01
1.188061576556678034e+01
1.188030660954912321e+01
1.188073033717396498e+01
1.188026359081711192e+01
1.188073245048663118e+01
1.188027701649864376e+01
1.188067311234219403e+01
1.188040573051029369e+01
1.188051726791959872e+01
1.188054204522890878e+01
1.188038731704528317e+01
1.188068698918186605e+01
1.188026486967651607e+01
1.188073862906218636e+01
1.188026867833891131e+01
1.188071740891518147e+01
1.188032149431927031e+01
1.188059822810405031e+01
1.188048198903036479e+01
1.188045237151662548e+01
1.188060784821951721e+01
1.188031690489443726e+01
1.188073400097976773e+01
1.188025425627885312e+01
1.188072851938448871e+01
1.188028511503933515e+01
1.188067766447077567e+01
1.188039318546664624e+01
1.188051705656031842e+01
1.188054954988825074e+01
1.188039049911472311e+01
1.188067487559378677e+01
1.188026540339333970e+01
1.188074868470231316e+01
1.188026773622687138e+01
1.188070846315651075e+01
1.188032145855502009e+01
1.188061087092395240e+01
1.188047752497180554e+01
1.188044520089990996e+01
1.188060946051986910e+01
1.188032854633946300e+01
1.188072912904849510e+01
1.188024564536921268e+01
1.188073429169553563e+01
1.188029288424408669e+01
1.188067366127243218e+01
1.188038279754498916e+01
1.188052599893721428e+01
1.188055463205169993e+01
1.188038506125998595e+01
1.188066598563080589e+01
1.188027404485471017e+01
1.188075420761893142e+01
1.188025836727063833e+01
1.188070380506274049e+01
1.188032837061682656e+01
1.188061733023120503e+01
1.188046541506014364e+01
1.188044364706752631e+01
1.188061702922192886e+01
1.188033302640228150e+01
1.188071808891762515e+01
1.188024418592927844e+01
1.188074518840257632e+01
1.188029302076618698e+01
1.188066542492647848e+01
1.188038094909815534e+01
1.188053910552607206e+01
1.188055175115388273e+01
1.188037732155882686e+01
1.188066647734396675e+01
1.188028542680198463e+01
1.188075131439722121e+01
1.188024825989623423e+01
1.188070864302029328e+01
1.188033604853262482e+01
1.188061482217739773e+01
1.188045375493196687e+01
1.188045111436027135e+01
1.188062312544992594e+01
1.188032817285608722e+01
1.188070863156977097e+01
1.188025103045587016e+01
1.188075260240407793e+01
1.188028399354578646e+01
1.188066019637357051e+01
1.188038675784752662e+01
1.188054729551832445e+01
1.188054060001038259e+01
1.188037436720692952e+01
1.188067411516593808e+01
1.188029100179560515e+01
1.188074164588115522e+01
1.188024477072379881e+01
1.188072002833147600e+01
1.188033723329370162e+01
1.188060724786656586e+01
1.188045015487828593e+01
1.188046409825025052e+01
1.188062191115892041e+01
1.188031976830126801e+01
1.188070799504512287e+01
1.188026173924870044e+01
1.188075170217582155e+01
1.188027259800472279e+01
1.188066390688184981e+01
1.188039431144601288e+01
1.188054624120062996e+01
1.188052815559946751e+01
1.188038013093251521e+01
1.188068135100854050e+01
1.188028686017625368e+01
1.188073203364925945e+01
1.188024977314165120e+01
1.188072927001888957e+01
1.188032894263930039e+01
1.188060154548116287e+01
1.188045494144361136e+01
1.188047372106397148e+01
1.188061214530365284e+01
1.188031532564611403e+01
1.188071559654258280e+01
1.188026813857124253e+01
1.188074355173190000e+01
1.188026707463810006e+01
1.188067532561477080e+01
1.188039649345042825e+01
1.188053921848275074e+01
1.188052291863095888e+01
1.188039243140233658e+01
1.188068187166156164e+01
1.188027778667566992e+01
1.188073030882390313e+01
1.188025953140154556e+01
1.188073036782088465e+01
1.188031662201719207e+01
1.188060399843080539e+01
1.188046244159971465e+01
1.188047410019068195e+01
1.188059947481872314e+01
1.188031924397649064e+01
1.188072406046964957e+01
1.188026486282740812e+01
1.188073414168672848e+01
1.188027024384822461e+01
1.188068619241053447e+01
1.188038929312977743e+01
1.188053305241376201e+01
1.188052672399640741e+01
1.188040307290847508e+01
1.188067378888865733e+01
1.188027175648004707e+01
1.188073766833468170e+01
1.188026645744909082e+01
1.188072375835190719e+01
1.188030912874106804e+01
1.188061495596061334e+01
1.188046559192757812e+01
1.188046752070493817e+01
1.188059279715831984e+01
1.188033039334711738e+01
1.188072639271619479e+01
1.188025524765363983e+01
1.188073142535660054e+01
1.188027892313517953e+01
1.188068928231337473e+01
1.188037653859786502e+01
1.188053416968994647e+01
1.188053429521270310e+01
1.188040485835898075e+01
1.188066145019791620e+01
1.188027374355189103e+01
1.188074734944297361e+01
1.188026418089349967e+01
1.188071479896386862e+01
1.188031049132788297e+01
1.188062708952922897e+01
1.188045975555681721e+01
1.188046081708761648e+01
1.188059561166096323e+01
1.188034156227238292e+01
1.188072016548350973e+01
1.188024756152985262e+01
1.188073827510958580e+01
1.188028610831428011e+01
1.188068416432915875e+01
1.188036724765272290e+01
1.188054419892106139e+01
1.188053844043492191e+01
1.188039867212376599e+01
1.188065361975978718e+01
1.188028340768963886e+01
1.188075157590106734e+01
1.188025428769033454e+01
1.188071122899919096e+01
1.188031808811639323e+01
1.188063212765877097e+01
1.188044712791149493e+01
1.188046054438495425e+01
1.188060336609620649e+01
1.188034468270333832e+01
1.188070864280599537e+01
1.188024755791117215e+01
1.188074901940290751e+01
1.188028491027042044e+01
1.188067576890645149e+01
1.188036683182676256e+01
1.188055710551393140e+01
1.188053415297922299e+01
1.188039130737405102e+01
1.188065539970638440e+01
1.188029460040573682e+01
1.188074728264721891e+01
1.188024496211856018e+01
1.188071729012423461e+01
1.188032534877891067e+01
1.188062843384028433e+01
1.188043634423015504e+01
1.188046925757305061e+01
1.188060859588055784e+01
1.188033892805843905e+01
1.188070002233573064e+01
1.188025554206884848e+01
1.188075519804056945e+01
1.188027510771062012e+01
1.188067148790762317e+01
1.188037341702522909e+01
1.188056397040752366e+01
1.188052220802448389e+01
1.188038958342074380e+01
1.188066337635456371e+01
1.188029891253929904e+01
1.188073693092930583e+01
1.188024292090407741e+01
1.188072879038504048e+01
1.188032524778932419e+01
1.188062058975589252e+01
1.188043418807481011e+01
1.188048236260657653e+01
1.188060597348793834e+01
1.188033078668431841e+01
1.188070072350046225e+01
1.188026631497280050e+01
1.188075286583810097e+01
1.188026429166018083e+01
1.188067651641309475e+01
1.188038068474393327e+01
1.188056165407320108e+01
1.188051036591814658e+01
1.188039669652734176e+01
1.188066981826514912e+01
1.188029371193164963e+01
1.188072791455257438e+01
1.188024914463310111e+01
1.188073690531505022e+01
1.188031595230288318e+01
1.188061570118069810e+01
1.188043984812428100e+01
1.188049082185824190e+01
1.188059519221887506e+01
1.188032752562467032e+01
1.188070885107337205e+01
1.188027160086714140e+01
1.188074388794231950e+01
1.188026018767693692e+01
1.188068833964909388e+01
1.188038165994887585e+01
1.188055426547437676e+01
1.188050654386848315e+01
1.188040941921283355e+01
1.188066894314084543e+01
1.188028475075978108e+01
1.188072752673516241e+01
1.188025917274825538e+01
1.188073654429927117e+01
1.188030395072032164e+01
1.188061951433032348e+01
1.188044716607956985e+01
1.188048986716239952e+01
1.188058281912899794e+01
1.188033285318827481e+01
1.188071661808143276e+01
1.188026712709756616e+01
1.188073484165748184e+01
1.188026464215202083e+01
1.188069825168781435e+01
1.188037327134736287e+01
1.188054879924627194e+01
1.188051133276868576e+01
1.188041912016695889e+01
1.188065968579754283e+01
1.188027984867527920e+01
1.188073562026929686e+01
1.188026516726623960e+01
1.188072900553664191e+01
1.188029781052779654e+01
1.188063115861285191e+01
1.188044919644583608e+01
1.188048281774563364e+01
1.188057747307391310e+01
1.188034468055987958e+01
1.188071756953179836e+01
1.188025742562204634e+01
1.188073340886161411e+01
1.188027374688393856e+01
1.188069986640910791e+01
1.188036053350112375e+01
1.188055127608654438e+01
1.188051881697066925e+01
1.188041952361927045e+01
1.188064733929249250e+01
1.188028327749746005e+01
1.188074474720336227e+01
1.188026159532111237e+01
1.188072020907374515e+01
1.188030051603676540e+01
1.188064257569352478e+01
1.188044204682799432e+01
1.188047672022177537e+01
1.188058138935108410e+01
1.188035517446680700e+01
1.188071006401500007e+01
1.188025079308436815e+01
1.188074119853189003e+01
1.188028018819241183e+01
1.188069373865866218e+01
1.188035247477824718e+01
1.188056223961734759e+01
1.188052192022480824e+01
1.188041273935090736e+01
1.188064069830478786e+01
1.188029381790249595e+01
1.188074761205975172e+01
1.188025137566878620e+01
1.188071782592039938e+01
1.188030865524852153e+01
1.188064614905739269e+01
1.188042911948776137e+01
1.188047778019071998e+01
1.188058916651206331e+01
1.188035690903647001e+01
1.188069825778754485e+01
1.188025224976792593e+01
1.188075158858440794e+01
1.188027765238081912e+01
1.188068534717436364e+01
1.188035345409268295e+01
1.188057472124523706e+01
1.188051625064228034e+01
1.188040589481504483e+01
1.188064369112062479e+01
1.188030461465609910e+01
1.188074197499494744e+01
1.188024298795037126e+01
1.188072500615294835e+01
1.188031534132967515e+01
1.188064136717935781e+01
1.188041938330323077e+01
1.188048762262586067e+01
1.188059341902803645e+01
1.188035040096429995e+01
1.188069063409610315e+01
1.188026125331936278e+01
1.188075644314067070e+01
1.188026726205296768e+01
1.188068213167897902e+01
1.188036068000843315e+01
1.188058017889183127e+01
1.188050370758619856e+01
1.188040546675065023e+01
1.188065183283371162e+01
1.188030759477637410e+01
1.188073111419135408e+01
1.188024241629639555e+01
1.188073640584630120e+01
1.188031391436288864e+01
1.188063340582008642e+01
1.188041865916517814e+01
1.188050062123478412e+01
1.188058938724211977e+01
1.188034268101367097e+01
1.188069263203523995e+01
1.188027189235341652e+01
1.188075272054703468e+01
1.188025721083813835e+01
1.188068841294501610e+01
1.188036751068935182e+01
1.188057668891704743e+01
1.188049266788268632e+01
1.188041384686511748e+01
1.188065735863711936e+01
1.188030146935741982e+01
1.188072287141664773e+01
1.188024976108063768e+01
1.188074327369372796e+01
1.188030377716956032e+01
1.188062945823278937e+01
1.188042505963465700e+01
1.188050779326988682e+01
1.188057775450054088e+01
1.188034067853720543e+01
1.188070110580212280e+01
1.188027595778497059e+01
1.188074306447446560e+01
1.188025457015817032e+01
1.188070042471366072e+01
1.188036721179347666e+01
1.188056908298777081e+01
1.188049028275461616e+01
1.188042677642780198e+01
1.188065506915994796e+01
1.188029279639736302e+01
1.188072381974062530e+01
1.188025987755427870e+01
1.188074148203808456e+01
1.188029230522785262e+01
1.188063460460188736e+01
1.188043204792601948e+01
1.188050557618136871e+01
1.188056589580498112e+01
1.188034736150695281e+01
1.188070803462311709e+01
1.188027039388725825e+01
1.188073456447433784e+01
1.188026022403138349e+01
1.188070922563414378e+01
1.188035776285878953e+01
1.188056444658390021e+01
1.188049592571199042e+01
1.188043537574033692e+01
1.188064476673716108e+01
1.188028911331391413e+01
1.188073247120826004e+01
1.188026480641875260e+01
1.188073314371218814e+01
1.188028759161718817e+01
1.188064673383423653e+01
1.188043287481274923e+01
1.188049820795434464e+01
1.188056194298760815e+01
1.188035967464227127e+01
1.188070757379566800e+01
1.188026079911938027e+01
1.188073445436692843e+01
1.188026959046095321e+01
1.188070937539482230e+01
1.188034526726533713e+01
1.188056828867436288e+01
1.188050317268703004e+01
1.188043444093258039e+01
1.188063263151937754e+01
1.188029395177796310e+01
1.188074087761848219e+01
1.188026001004559440e+01
1.188072468698091200e+01
1.188029156640157424e+01
1.188065724399740475e+01
1.188042450031531239e+01
1.188049284818149687e+01
1.188056684128288687e+01
1.188036930564308236e+01
1.188069888872515634e+01
1.188025533094117669e+01
1.188074302430187856e+01
1.188027513981974614e+01
1.188070235537013453e+01
1.188033855005923378e+01
1.188058001114575646e+01
1.188050514203204422e+01
1.188042721516650779e+01
1.188062728193477646e+01
1.188030520408397450e+01
1.188074233504293886e+01
1.188024966712195329e+01
1.188072356413260877e+01
1.188030009795464004e+01
1.188065933618347181e+01
1.188041149927931173e+01
1.188049527103777336e+01
1.188057448138770411e+01
1.188036966044441911e+01
1.188068700642602238e+01
1.188025823271163439e+01
1.188075286781494988e+01
1.188027129518518521e+01
1.188069413363641935e+01
1.188034086567696512e+01
1.188059185222551939e+01
1.188049814161792561e+01
1.188042102804634936e+01
1.188063138735136803e+01
1.188031540462924518e+01
1.188073542955135053e+01
1.188024235466516565e+01
1.188073173217011025e+01
1.188030605875492363e+01
1.188065357690598667e+01
1.188040295780670519e+01
1.188050610092478721e+01
1.188057765840827429e+01
1.188036255779453576e+01
1.188068051645246825e+01
1.188026811785246650e+01
1.188075633160712918e+01
1.188026051808433969e+01
1.188069208194328752e+01
1.188034858939179195e+01
1.188059585032364041e+01
1.188048521169255167e+01
1.188042194309645083e+01
1.188063952123740208e+01
1.188031701586537281e+01
1.188072424629569923e+01
1.188024325354874833e+01
1.188074281884159511e+01
1.188030329470128876e+01
1.188064565384592264e+01
1.188040362842766129e+01
1.188051876635836734e+01
1.188057223896770331e+01
1.188035540866180817e+01
1.188068374083760048e+01
1.188027842462832417e+01
1.188075127790166263e+01
1.188025139988950585e+01
1.188069952102292959e+01
1.188035483594552844e+01
1.188059129097529620e+01
1.188047515565587986e+01
1.188043148296323182e+01
1.188064402267672115e+01
1.188031011775333390e+01
1.188071693866054979e+01
1.188025160280460568e+01
1.188074834347971098e+01
1.188029249995630465e+01
1.188064275998917019e+01
1.188041062824151162e+01
1.188052455719058997e+01
1.188055993926891496e+01
1.188035472486066446e+01
1.188069237690951496e+01
1.188028119133534233e+01
1.188074110662910954e+01
1.188025024352449144e+01
1.188071150034979695e+01
1.188035321970315117e+01
1.188058361846664113e+01
1.188047420046490643e+01
1.188044439696050425e+01
1.188064031990172964e+01
1.188030190059625824e+01
1.188071919061227355e+01
1.188026162129980179e+01
1.188074516780079293e+01
1.188028175539326270e+01
1.188064918326090336e+01
1.188041714326930887e+01
1.188052117004026265e+01
1.188054880040194483e+01
1.188036268641611493e+01
1.188069834182471496e+01
1.188027467005439064e+01
1.188073332625751277e+01
1.188025699528786916e+01
1.188071905792354066e+01
1.188034286483548208e+01
1.188057993111574895e+01
1.188048055704994077e+01
1.188045175957504718e+01
1.188062912433837681e+01
1.188029951009947638e+01
1.188072821317154570e+01
1.188026537310429909e+01
1.188073617247853875e+01
1.188027851636534038e+01
1.188066158260462402e+01
1.188041670194848010e+01
1.188051363587987019e+01
1.188054627160333077e+01
1.188037528017893862e+01
1.188069645535758134e+01
1.188026536973444003e+01
1.188073454697443587e+01
1.188026645310106133e+01
1.188071777439853527e+01
1.188033083111689159e+01
1.188058511740135081e+01
1.188048742143179837e+01
1.188044955685586324e+01
1.188061741612498778e+01
1.188030570526797192e+01
1.188073574849035552e+01
1.188025945329867028e+01
1.188072822890776159e+01
1.188028367025508381e+01
1.188067101629833822e+01
1.188040721956483914e+01
1.188050913633939487e+01
1.188055201632978353e+01
1.188038387987345956e+01
1.188068671103254736e+01
1.188026115790804305e+01
1.188074371950591868e+01
1.188027097826220135e+01
1.188070999104220782e+01
1.188032553768963240e+01
1.188059740401604003e+01
1.188048817994874717e+01
1.188044204931643577e+01
1.188061342985599644e+01
1.188031748921865649e+01
1.188073577165423522e+01
1.188024919077136055e+01
1.188072841210848551e+01
1.188029243772783694e+01
1.188067163659792591e+01
1.188039437331445392e+01
1.188051292917581847e+01
1.188055936499459797e+01
1.188038289216175514e+01
1.188067496417719582e+01
1.188026546992334964e+01
1.188075283754872657e+01
1.188026588586557075e+01
1.188070210504603708e+01
1.188032911151464077e+01
1.188060840351936776e+01
1.188047992757127602e+01
1.188043664740748184e+01
1.188061852592530165e+01
1.188032690482893017e+01
1.188072769241546212e+01
1.188024307093468046e+01
1.188073741241564818e+01
1.188029753250928700e+01
1.188066502178821793e+01
1.188038714746367042e+01
1.188052458153075008e+01
1.188056138196558820e+01
1.188037536100839908e+01
1.188066971850365583e+01
1.188027608247459099e+01
1.188075486552947524e+01
1.188025493121645404e+01
1.188070129265486230e+01
1.188033718454715171e+01
1.188061091921289147e+01
1.188046683273430304e+01
1.188043893295530928e+01
1.188062648317599113e+01
1.188032714324778105e+01
1.188071638262718466e+01
1.188024542124112592e+01
1.188074798160412904e+01
1.188029345097977618e+01
1.188065729390302394e+01
1.188038915226655057e+01
1.188053669335302054e+01
1.188055462100561854e+01
1.188036892171583858e+01
1.188067407191736358e+01
1.188028586259922115e+01
1.188074855738169866e+01
1.188024689451628646e+01
1.188070976645476229e+01
1.188034270627871791e+01
1.188060540799567377e+01
1.188045791893158665e+01
1.188044950118292142e+01
1.188062986653899955e+01
1.188031963809672931e+01
1.188071015123466978e+01
1.188025464294508637e+01
1.188075209140428967e+01
1.188028219922189344e+01
1.188065554897236709e+01
1.188039660461626390e+01
1.188054103991687072e+01
1.188054185595691337e+01
1.188036959871644527e+01
1.188068268659702120e+01
1.188028728351166130e+01
1.188073804559658342e+01
1.188024722131606836e+01
1.188072149275065392e+01
1.188033975607687154e+01
1.188059782042052070e+01
1.188045835914161508e+01
1.188046217507464242e+01
1.188062477236818459e+01
1.188031203374137235e+01
1.188071364361637983e+01
1.188026437560059811e+01
1.188074759563317251e+01
1.188027236302839640e+01
1.188066316362846919e+01
1.188040250817626564e+01
1.188053659270264717e+01
1.188053162591254619e+01
1.188037873905322606e+01
1.188068757831978139e+01
1.188027995839946271e+01
1.188073114463918323e+01
1.188025495494503936e+01
1.188072770054342797e+01
1.188032867279121518e+01
1.188059518800743852e+01
1.188046528104658606e+01
1.188046819498479323e+01
1.188061285610077356e+01
1.188031099151292658e+01
1.188072284440647408e+01
1.188026686528483289e+01
1.188073809755684707e+01
1.188027062155501312e+01
1.188067561027345320e+01
1.188040075540892460e+01
1.188052904547253519e+01
1.188053052133851573e+01
1.188039139933109567e+01
1.188068427147744188e+01
1.188027113154343617e+01
1.188073367274284209e+01
1.188026432949589761e+01
1.188072503504209010e+01
1.188031730962498500e+01
1.188060166974364584e+01
1.188047162363095310e+01
1.188046481822455647e+01
1.188060178200749739e+01
1.188031846945764336e+01
1.188072937568622400e+01
1.188025995023857639e+01
1.188073083331564916e+01
1.188027684953297047e+01
1.188068382211391771e+01
1.188039030912202243e+01
1.188052551759053088e+01
1.188053696470672982e+01
1.188039882317695017e+01
1.188067360907185055e+01
1.188026824879785970e+01
1.188074325676849341e+01
1.188026771803856541e+01
1.188071662773243631e+01
1.188031349482911736e+01
1.188061431033094451e+01
1.188047111153639968e+01
1.188045718918191618e+01
1.188059919972859824e+01
1.188033059155421611e+01
1.188072795647114788e+01
1.188024996768174013e+01
1.188073233867830680e+01
1.188028569173197191e+01
1.188068300359505614e+01
1.188037784310572498e+01
1.188053066288984283e+01
1.188054387473064999e+01
1.188039655928444027e+01
1.188066220841263565e+01
1.188027391671332289e+01
1.188075148697624783e+01
1.188026146996357468e+01
1.188070924065319822e+01
1.188031823171418822e+01
1.188062428646412272e+01
1.188046171358098135e+01
1.188045268952571476e+01
1.188060514647014188e+01
1.188033904996746415e+01
1.188071881736891733e+01
1.188024513685846983e+01
1.188074199522428387e+01
1.188028979327056689e+01
1.188067566478414427e+01
1.188037202581025653e+01
1.188054295224663903e+01
1.188054466200351555e+01
1.188038876923230092e+01
1.188065828861277851e+01
1.188028508772263692e+01
1.188075205505849929e+01
1.188025054998172436e+01
1.188070971753490568e+01
1.188032650154405268e+01
1.188062532513429481e+01
1.188044868129115805e+01
1.188045635164512603e+01
1.188061276512559594e+01
1.188033794414959665e+01
1.188070758246503900e+01
1.188024889998651545e+01
1.188075185496754571e+01
1.188028444528814020e+01
1.188066828818864806e+01
1.188037528329281223e+01
1.188055430174573601e+01
1.188053663099909407e+01
1.188038316712956366e+01
1.188066364956409871e+01
1.188029415546120049e+01
1.188074458627579055e+01
1.188024372164219500e+01
1.188071907722448550e+01
1.188033116677967627e+01
1.188061899034309299e+01
1.188044104246736232e+01
1.188046779409344111e+01
1.188061495181180582e+01
1.188033000670498751e+01
1.188070254424572347e+01
1.188025884774781638e+01
1.188075450248369691e+01
1.188027294833245229e+01
1.188066776686826032e+01
1.188038303768996151e+01
1.188055717214191631e+01
1.188052361510913002e+01
1.188038522803729080e+01
1.188067206322272718e+01
1.188029421613708259e+01
1.188073391782596033e+01
1.188024550925040401e+01
1.188073033560349678e+01
1.188032689463976332e+01
1.188061163846139046e+01
1.188044281801499835e+01
1.188048000654005598e+01
1.188060851013000097e+01
1.188032315969360653e+01
1.188070718499952960e+01
1.188026810892642970e+01
1.188074876689795545e+01
1.188026418153319064e+01
1.188067645912871306e+01
1.188038819867815299e+01
1.188055178927925226e+01
1.188051446207806450e+01
1.188039542481361543e+01
1.188067578941472924e+01
1.188028625706379238e+01
1.188072803830025848e+01
1.188025409533436516e+01
1.188073511378617297e+01
1.188031527942644416e+01
1.188061015088434402e+01
1.188045015193389276e+01
1.188048460883589286e+01
1.188059606335563956e+01
1.188032350296333384e+01
1.188071636983205082e+01
1.188026928073443500e+01
1.188073893044892060e+01
1.188026393644950751e+01
1.188068872766464068e+01
1.188038511522617569e+01
1.188054438024035875e+01
1.188051475242872179e+01
1.188040793297599507e+01
1.188067108671459060e+01
1.188027807104020184e+01
1.188073181911253506e+01
1.188026321027662213e+01
1.188073113546196780e+01
1.188030478004090895e+01
1.188061785132528136e+01
1.188045584090991547e+01
1.188048017194782346e+01
1.188058581685312554e+01
1.188033216882571708e+01
1.188072178296049053e+01
1.188026152217061870e+01
1.188073250044086038e+01
1.188027112027143950e+01
1.188069559884982596e+01
1.188037387342182960e+01
1.188054192238518425e+01
1.188052173806789114e+01
1.188041406395574384e+01
1.188065966693872788e+01
1.188027657056647790e+01
1.188074161498111891e+01
1.188026537334175181e+01
1.188072225290597750e+01
1.188030247158723363e+01
1.188063062500373235e+01
1.188045401776908427e+01
1.188047257993106776e+01
1.188058464768712241e+01
1.188034442556240933e+01
1.188071893176333305e+01
1.188025201092063199e+01
1.188073531333477995e+01
1.188027987300302790e+01
1.188069339614544973e+01
1.188036200470803294e+01
1.188054837693746357e+01
1.188052807087450091e+01
1.188041061642494967e+01
1.188064881747997070e+01
1.188028352073332350e+01
1.188074881404351046e+01
1.188025809056473037e+01
1.188071552183539303e+01
1.188030826156603581e+01
1.188063941921551780e+01
1.188044360722314075e+01
1.188046908742495411e+01
1.188059129101252331e+01
1.188035177562649736e+01
1.188070886544254812e+01
1.188024854404916120e+01
1.188074543394226090e+01
1.188028287123461624e+01
1.188068547314297341e+01
1.188035766004631633e+01
1.188056110078132832e+01
1.188052757511968771e+01
1.188040273726844731e+01
1.188064627429284492e+01
1.188029506854374873e+01
1.188074791828699794e+01
1.188024741537234341e+01
1.188071731024300881e+01
1.188031657311626255e+01
1.188063901260874644e+01
1.188043086498795553e+01
1.188047410959928563e+01
1.188059841824121321e+01
1.188034938520321759e+01
1.188069790809766424e+01
1.188025366256044002e+01
1.188075440870177246e+01
1.188027633892353663e+01
1.188067860082652061e+01
1.188036207039884395e+01
1.188057149607558216e+01
1.188051837125429522e+01
1.188039808688587939e+01
1.188065250080654955e+01
1.188030325157918732e+01
1.188073939952214175e+01
1.188024189937206110e+01
1.188072738446271970e+01
1.188032026210199099e+01
1.188063199113261525e+01
1.188042460574339643e+01
1.188048625144825010e+01
1.188059934536734374e+01
1.188034119499548602e+01
1.188069415269448648e+01
1.188026417694498171e+01
1.188075556987231884e+01
1.188026481450737037e+01
1.188067935459573832e+01
1.188036997450261012e+01
1.188057288886186669e+01
1.188050532717345575e+01
1.188040153477864891e+01
1.188066054132124805e+01
1.188030197057877047e+01
1.188072876432125469e+01
1.188024510532425637e+01
1.188073797078799920e+01
1.188031470993987426e+01
1.188062502329200854e+01
1.188042763354419407e+01
1.188049778971416615e+01
1.188059162295977167e+01
1.188033523593219343e+01
1.188069982352440235e+01
1.188027278733845904e+01
1.188074869027640013e+01
1.188025725564534341e+01
1.188068898418518415e+01
1.188037427084844211e+01
1.188056670605880782e+01
1.188049739482830525e+01
1.188041264407018360e+01
1.188066302685796138e+01
1.188029355900605744e+01
1.188072402659373061e+01
1.188025440223823992e+01
1.188074126615914494e+01
1.188030277348742558e+01
1.188062475185907374e+01
1.188043522378855776e+01
1.188050093159357878e+01
1.188057885015428283e+01
1.188033698296673357e+01
1.188070880136179497e+01
1.188027261693513381e+01
1.188073868799924426e+01
1.188025848288081754e+01
1.188070085208848603e+01
1.188036986362424763e+01
1.188055958338223306e+01
1.188049902308818240e+01
1.188042478184954831e+01
1.188065697275357735e+01
1.188028616715082109e+01
1.188072897541993811e+01
1.188026308256697838e+01
1.188073606034105012e+01
1.188029331177345682e+01
1.188063356665304404e+01
1.188044013598020854e+01
1.188049556485789005e+01
1.188056960637911885e+01
1.188034672130675240e+01
1.188071300172453526e+01
1.188026418579269361e+01
1.188073323187695607e+01
1.188026649262060985e+01
1.188070629188986338e+01
1.188035801561925631e+01
1.188055827877740711e+01
1.188050638953276028e+01
1.188042953326949380e+01
1.188064497381417084e+01
1.188028608247910611e+01
1.188073877994075644e+01
1.188026395813017544e+01
1.188072685927615701e+01
1.188029251106860151e+01
1.188064624695477711e+01
1.188043698290418071e+01
1.188048816469214763e+01
1.188056982845175646e+01
1.188035890296893626e+01
1.188070874739677585e+01
1.188025532533588979e+01
1.188073730664835459e+01
1.188027499073490567e+01
1.188070277886299841e+01
1.188034694790352575e+01
1.188056597309284967e+01
1.188051201634100984e+01
1.188042501738353174e+01
1.188063486982578709e+01
1.188029422225071663e+01
1.188074482535897403e+01
1.188025578743671851e+01
1.188072093173135180e+01
1.188029923153863621e+01
1.188065372712409840e+01
1.188042571753588916e+01
1.188048577063601030e+01
1.188057700421472340e+01
1.188036501877463635e+01
1.188069790435227091e+01
1.188025327576432488e+01
1.188074768781008572e+01
1.188027679633470512e+01
1.188069441845694207e+01
1.188034411097913612e+01
1.188057891596295867e+01
1.188051020212371434e+01
1.188041721617248214e+01
1.188063372220611136e+01
1.188030595507892073e+01
1.188074248113919218e+01
1.188024556030713264e+01
1.188072402465811450e+01
1.188030742868842360e+01
1.188065193098370642e+01
1.188041348743890424e+01
1.188049211274357475e+01
1.188058349811227110e+01
1.188036143202305972e+01
1.188068742394324318e+01
1.188025967406345096e+01
1.188075562169439081e+01
1.188026919157289818e+01
1.188068819763437922e+01
1.188034955881594179e+01
1.188058818659527383e+01
1.188049994795543185e+01
1.188041361816638286e+01
1.188064065584764606e+01
1.188031309917689171e+01
1.188073303944505454e+01
1.188024143702837598e+01
1.188073462344691578e+01
1.188031003668896624e+01
1.188064436636627264e+01
1.188040868274094386e+01
1.188050476125956756e+01
1.188058311923003529e+01
1.188035316934438512e+01
1.188068501133102650e+01
1.188027058423771898e+01
1.188075529470949832e+01
1.188025785796973466e+01
1.188069025246568522e+01
1.188035746006393367e+01
1.188058812922722396e+01
1.188048710131898034e+01
1.188041843518391438e+01
1.188064816151517533e+01
1.188031052735319548e+01
1.188072262988900185e+01
1.188024599993445918e+01
1.188074434891466957e+01
1.188030327669981823e+01
1.188063792665016294e+01
1.188041285955973336e+01
1.188051542651457027e+01
1.188057420633346695e+01
1.188034821373040373e+01
1.188069157103070772e+01
1.188027837521156371e+01
1.188074738171626166e+01
1.188025162130022316e+01
1.188070065519888807e+01
1.188036078091652037e+01
1.188058129058709156e+01
1.188048050585199356e+01
1.188043029300857789e+01
1.188064934862092592e+01
1.188030185157493790e+01
1.188071912926806561e+01
1.188025585510331439e+01
1.188074613424076276e+01
1.188029123867477210e+01
1.188063892161785695e+01
1.188042055036867595e+01
1.188051709725307781e+01
1.188056132211365856e+01
1.188035136335785857e+01
1.188070015809595681e+01
1.188027687082597339e+01
1.188073739187275280e+01
1.188025427536221912e+01
1.188071190822973122e+01
1.188035508459530121e+01
1.188057459789122561e+01
1.188048338970673079e+01
1.188044184765451838e+01
1.188064200814283033e+01
1.188029539132039147e+01
1.188072513348366854e+01
1.188026393058420993e+01
1.188073980093799342e+01
1.188028296599807732e+01
1.188064871996123273e+01
1.188042457257331463e+01
1.188051094362339022e+01
1.188055323369628624e+01
1.188036203886133890e+01
1.188070307078776722e+01
1.188026795249736089e+01
1.188073303022268057e+01
1.188026297088485528e+01
1.188071585457163337e+01
1.188034283639651001e+01
1.188057451250216978e+01
1.188049097363846762e+01
1.188044516495401481e+01
1.188062962298982050e+01
1.188029673630360783e+01
1.188073474487338466e+01
1.188026348607450622e+01
1.188073044455553884e+01
1.188028364946518778e+01
1.188066108025029877e+01
1.188042009425453749e+01
1.188050388473454611e+01
1.188055479551440996e+01
1.188037393382295193e+01
1.188069746070449106e+01
1.188025990744281302e+01
1.188073829078541621e+01
1.188027105064432831e+01
1.188071112199799373e+01
1.188033275552239054e+01
1.188058335080205730e+01
1.188049577645576704e+01
1.188043971486134431e+01
1.188062044320347788e+01
1.188030595449492388e+01
1.188073953601159971e+01
1.188025459615794865e+01
1.188072545489837317e+01
1.188029116726511525e+01
1.188066714295125870e+01
1.188040815389192772e+01
1.188050266531545418e+01
1.188056233353444213e+01
1.188037871812782775e+01
1.188068600780933437e+01
1.188025930707717492e+01
1.188074872277885063e+01
1.188027159835689339e+01
1.188070247665093504e+01
1.188033143304604522e+01
1.188059628896928288e+01
1.188049262791302674e+01
1.188043215338637282e+01
1.188062067826809631e+01
1.188031767353656143e+01
1.188073577726368768e+01
1.188024500922891491e+01
1.188072981527105121e+01
1.188029909447305954e+01
1.188066403433172091e+01
1.188039664730178657e+01
1.188051026296524526e+01
1.188056806448224911e+01
1.188037404876877723e+01
1.188067619570376365e+01
1.188026689212329678e+01
1.188075548198911768e+01
1.188026306041496838e+01
1.188069704587744724e+01
1.188033779014669378e+01
1.188060428980204897e+01
1.188048147024480983e+01
1.188042969352771649e+01
1.188062814845017101e+01
1.188032364690818277e+01
1.188072555537666553e+01
1.188024233525347384e+01
1.188074073459968716e+01
1.188030053495861083e+01
1.188065607505619781e+01
1.188039334183011420e+01
1.188052321095102215e+01
1.188056635044789822e+01
1.188036589103961127e+01
1.188067515462744339e+01
1.188027801788223492e+01
1.188075368597234061e+01
1.188025213121868617e+01
1.188070040043905529e+01
1.188034553724315145e+01
1.188060283636922954e+01
1.188046904431169182e+01
1.188043584011360565e+01
1.188063497033224181e+01
1.188031986565274067e+01
1.188071556236370085e+01
1.188024817601704797e+01
1.188074942969643821e+01
1.188029266903701497e+01
1.188065030121749466e+01
1.188039854739099965e+01
1.188053282325369864e+01
1.188055636079227462e+01
1.188036203835653559e+01
1.188068244299439691e+01
1.188028483590626649e+01
1.188074486430669019e+01
1.188024730558980835e+01
1.188071139158507883e+01
1.188034778539664593e+01
1.188059549178255381e+01
1.188046387229538148e+01
1.188044826457241321e+01
1.188063481869601112e+01
1.188031111618830593e+01
1.188071336630003927e+01
1.188025842733614823e+01
1.188074970250783480e+01
1.188028075263208372e+01
1.188065258957914239e+01
1.188040618492498801e+01
1.188053304318452064e+01
1.188054358525280740e+01
1.188036656954088066e+01
1.188069046638186599e+01
1.188028203842084274e+01
1.188073506796648715e+01
1.188025132121691740e+01
1.188072182888671868e+01
1.188034086333048478e+01
1.188058936662577736e+01
1.188046790706238021e+01
1.188045903409693516e+01
1.188062627792591464e+01
1.188030570765964455e+01
1.188072028824045034e+01
1.188026573625935178e+01
1.188074235509697374e+01
1.188027379539358819e+01
1.188066321615584364e+01
1.188040921541827188e+01
1.188052625472920276e+01
1.188053677879847392e+01
1.188037802815518873e+01
1.188069203608970703e+01
1.188027282775648352e+01
1.188073189881215441e+01
1.188026055360360544e+01
1.188072424807564076e+01
1.188032843278339712e+01
1.188059054709400009e+01
1.188047554622196955e+01
1.188046089560060103e+01
1.188061371082087980e+01
1.188030847653079647e+01
1.188072951082458317e+01
1.188026397035494952e+01
1.188073301112249247e+01
1.188027591618183543e+01
1.188067503514743350e+01
1.188040344184079622e+01
1.188051967964618250e+01
1.188053960138032750e+01
1.188038942757214400e+01
1.188068513630195078e+01
1.188026574541055602e+01
1.188073824011640411e+01
1.188026805540224196e+01
1.188071840145152969e+01
1.188031950290321959e+01
1.188060040795081918e+01
1.188047941876152080e+01
1.188045466023486796e+01
1.188060561398386383e+01
1.188031864408726435e+01
1.188073296932544487e+01
1.188025454727237040e+01
1.188072907701299563e+01
1.188028408952767379e+01
1.188067960694226244e+01
1.188039102481134535e+01
1.188051969438205369e+01
1.188054732929684398e+01
1.188039281434863703e+01
1.188067325471757663e+01
1.188026660507968479e+01
1.188074851222991057e+01
1.188026730692888577e+01
1.188070962790132867e+01
1.188031967440069359e+01
1.188061311453889424e+01
1.188047494128048065e+01
1.188044749291247726e+01
1.188060718784335101e+01
1.188033014713487567e+01
1.188072784791816261e+01
1.188024577783006919e+01
1.188073463768650484e+01
1.188029159364253040e+01
1.188067528137931639e+01
1.188038043745817873e+01
1.188052845868271312e+01
1.188055218095421672e+01
1.188038719772814211e+01
1.188066428957762888e+01
1.188027526714581406e+01
1.188075398670030580e+01
1.188025799917652492e+01
1.188070511402591478e+01
1.188032680236887373e+01
1.188061972879628314e+01
1.188046304918658613e+01
1.188044624108665737e+01
1.188061501625034211e+01
1.188033484428785336e+01
1.188071700316000090e+01
1.188024458616626866e+01
1.188074566445165736e+01
1.188029180141594665e+01
1.188066707931786148e+01
1.188037864575455416e+01
1.188054148856176973e+01
1.188054912094870019e+01
1.188037931631896171e+01
1.188066461686397091e+01
1.188028642137497215e+01
1.188075076033940647e+01
1.188024767843461582e+01
1.188070973849070455e+01
1.188033424670400962e+01
1.188061695722799627e+01
1.188045125947491698e+01
1.188045365544881982e+01
1.188062101994756858e+01
1.188032996282742459e+01
1.188070761183772461e+01
1.188025160920710022e+01
1.188075318215578591e+01
1.188028295957505875e+01
1.188066210050448390e+01
1.188038474596459260e+01
1.188054989131404682e+01
1.188053819116548837e+01
1.188037664929471759e+01
1.188067245905712532e+01
1.188029213235617831e+01
1.188074116806376423e+01
1.188024432680840192e+01
1.188072111684082799e+01
1.188033534120609680e+01
1.188060926007355533e+01
1.188044756658275070e+01
1.188046644950628661e+01
1.188061950690860691e+01
1.188032132812235631e+01
1.188070675784211794e+01
1.188026208669015205e+01
1.188075196315501536e+01
1.188027138603972688e+01
1.188066568413637469e+01
1.188039218000484709e+01
1.188054870992337264e+01
1.188052574485279855e+01
1.188038252078676216e+01
1.188067975974918689e+01
1.188028811431859566e+01
1.188073174577665547e+01
1.188024962071677315e+01
1.188073055554442803e+01
1.188032728550898831e+01
1.188060383235046835e+01
1.188045262852901018e+01
1.188047624781578193e+01
1.188060987315004446e+01
1.188031707314036112e+01
1.188071443840495256e+01
1.188026847984430212e+01
1.188074372721863448e+01
1.188026584399750263e+01
1.188067696184146449e+01
1.188039413025165913e+01
1.188054144451857752e+01
1.188052031818222609e+01
1.188039459134889597e+01
1.188067995043777714e+01
1.188027881060797419e+01
1.188072984154042189e+01
1.188025923368717152e+01
1.188073144125630876e+01
1.188031489702568066e+01
1.188060630406006979e+01
1.188046016424221740e+01
1.188047666442004768e+01
1.188059733563673603e+01
1.188032124062344330e+01
1.188072308690621348e+01
1.188026542331421531e+01
1.188073456561389385e+01
1.188026933398221097e+01
1.188068802901346288e+01
1.188038711790925284e+01
1.188053548749914512e+01
1.188052429784398356e+01
1.188040529410627855e+01
1.188067184582497049e+01
1.188027281913566924e+01
1.188073713189617742e+01
1.188026600511137687e+01
1.188072459879994369e+01
1.188030725749175609e+01
1.188061704174082323e+01
1.188046301286327733e+01
1.188046980340370951e+01
1.188059045658171442e+01
1.188033221156407926e+01
1.188072515657580297e+01
1.188025566550285639e+01
1.188073178463297097e+01
1.188027801425088015e+01
1.188069106678032583e+01
1.188037443675012206e+01
1.188053677768070671e+01
1.188053204467495405e+01
1.188040725009083864e+01
1.188065972827696015e+01
1.188027512911336991e+01
1.188074703757156847e+01
1.188026395136782831e+01
1.188071585648128625e+01
1.188030887704676530e+01
1.188062929212597574e+01
1.188045723462873227e+01
1.188046317551478381e+01
1.188059329601609271e+01
1.188034329708519010e+01
1.188071874182842436e+01
1.188024787289971584e+01
1.188073844922727140e+01
1.188028494657331535e+01
1.188068563547072998e+01
1.188036494432985180e+01
1.188054659552160963e+01
1.188053591470196935e+01
1.188040083894679455e+01
1.188065177155238672e+01
1.188028474262530132e+01
1.188075114182736236e+01
1.188025405717944771e+01
1.188071237153480553e+01
1.188031662981207326e+01
1.188063443347626347e+01
1.188044479664030284e+01
1.188046318471822360e+01
1.188060130098111955e+01
1.188034664196761625e+01
1.188070744453697714e+01
1.188024817356329343e+01
1.188074936653488045e+01
1.188028388066511809e+01
1.188067734442001822e+01
1.188036465169790290e+01
1.188055948397001771e+01
1.188053151735781832e+01
1.188039339648125470e+01
1.188065343231977522e+01
1.188029573422508633e+01
1.188074654206253022e+01
1.188024453502185906e+01
1.188071820708194082e+01
1.188032362689768640e+01
1.188063044240350408e+01
1.188043384575683881e+01
1.188047178257893144e+01
1.188060636787364643e+01
1.188034079385669983e+01
1.188069882992165915e+01
1.188025626802467549e+01
1.188075558467884640e+01
1.188027421847557186e+01
1.188067327872555623e+01
1.188037150186306334e+01
1.188056654765166265e+01
1.188051980566376287e+01
1.188039198048234546e+01
1.188066164349851839e+01
1.188030022754143644e+01
1.188073632961560477e+01
1.188024269457235071e+01
1.188072975961113542e+01
1.188032350574359874e+01
1.188062254754102831e+01
1.188043165634912413e+01
1.188048473747777400e+01
1.188060348873315775e+01
1.188033245640838054e+01
1.188069932428549436e+01
1.188026679574800859e+01
1.188075291592118710e+01
1.188026320183259799e+01
1.188067813299465847e+01
1.188037858726801232e+01
1.188056404093769558e+01
1.188050790437063320e+01
1.188039913058593378e+01
1.188066807873406283e+01
1.188029509113605897e+01
1.188072745774490890e+01
1.188024916722806168e+01
1.188073803877338719e+01
1.188031443645866503e+01
1.188061793775191788e+01
1.188043760625944500e+01
1.188049339917638214e+01
1.188059289024365484e+01
1.188032943783012030e+01
1.188070758712502517e+01
1.188027214047136226e+01
1.188074392817360980e+01
1.188025914716885012e+01
1.188068986640834090e+01
1.188037938384167091e+01
1.188055645928807280e+01
1.188050392459487803e+01
1.188041162699451370e+01
1.188066687325814641e+01
1.188028589325709383e+01
1.188072686279404166e+01
1.188025899862122081e+01
1.188073741044216369e+01
1.188030231553230287e+01
1.188062170311985355e+01
1.188044488555738631e+01
1.188049241302098835e+01
1.188058059664084709e+01
1.188033495929775363e+01
1.188071549039677421e+01
1.188026785598137636e+01
1.188073511845921004e+01
1.188026391914383773e+01
1.188069998709282515e+01
1.188037121630924275e+01
1.188055124499928006e+01
1.188050893627628390e+01
1.188042144473213391e+01
1.188065766757040898e+01
1.188028110039069674e+01
1.188073494699399291e+01
1.188026489780353856e+01
1.188072970131393191e+01
1.188029607857313508e+01
1.188063314966509587e+01
1.188044663031121218e+01
1.188048509271666653e+01
1.188057504300660483e+01
1.188034657200073951e+01
1.188071613668893534e+01
1.188025796905063558e+01
1.188073356503629796e+01
1.188027295251796822e+01
1.188070147745035854e+01
1.188035849290016976e+01
1.188055383218440575e+01
1.188051653558103737e+01
1.188042196990555155e+01
1.188064551501785004e+01
1.188028483102462296e+01
1.188074428869261823e+01
1.188026156038211667e+01
1.188072115053531164e+01
1.188029907700286714e+01
1.188064472696180118e+01
1.188043960357068229e+01
1.188047913893560725e+01
1.188057904791553554e+01
1.188035704358331124e+01
1.188070851500177660e+01
1.188025129228311982e+01
1.188074120962848212e+01
1.188027917115249821e+01
1.188069506456379365e+01
1.188035024733647838e+01
1.188056456709956876e+01
1.188051933620238287e+01
1.188041492992646120e+01
1.188063870679538425e+01
1.188029525552600596e+01
1.188074696199582725e+01
1.188025127841478756e+01
1.188071878866385234e+01
1.188030730311362149e+01
1.188064834058662100e+01
1.188042682407507300e+01
1.188048044427226912e+01
1.188058704859244585e+01
1.188035899185325661e+01
1.188069694643203711e+01
1.188025307315481527e+01
1.188075180217457927e+01
1.188027681729918683e+01
1.188068683878197440e+01
1.188035141141526729e+01
1.188057709009988550e+01
1.188051363075299882e+01
1.188040807805705512e+01
1.188064163555544894e+01
1.188030589279513904e+01
1.188074106283730025e+01
1.188024272728815944e+01
1.188072574774044199e+01
1.188031371412063386e+01
1.188064324604381738e+01
1.188041689692172476e+01
1.188049011898270280e+01
1.188059107662151703e+01
1.188035233084428199e+01
1.188068926905857658e+01
1.188026211409521693e+01
1.188075662493530160e+01
1.188026651242491383e+01
1.188068379067943781e+01
1.188035885933872748e+01
1.188058271512610276e+01
1.188050131486027183e+01
1.188040796056306192e+01
1.188065002562636074e+01
1.188030908482506831e+01
1.188073039178217805e+01
1.188024241000086612e+01
1.188073725471889830e+01
1.188031233689866184e+01
1.188063530805073853e+01
1.188041620447218349e+01
1.188050301825267852e+01
1.188058684509656615e+01
1.188034446382963338e+01
1.188069108643503213e+01
1.188027251249742910e+01
1.188075256792994061e+01
1.188025625455419565e+01
1.188068986360857160e+01
1.188036545733237226e+01
1.188057898240043464e+01
1.188049016443387451e+01
1.188041630706604579e+01
1.188065547061208349e+01
1.188030295889800669e+01
1.188072223860807242e+01
1.188024994736457529e+01
1.188074423845611882e+01
1.188030240020981054e+01
1.188063162543840967e+01
1.188042289132743257e+01
1.188051040290550375e+01
1.188057543026297758e+01
1.188034274515851152e+01
1.188069974260224448e+01
1.188027669663210517e+01
1.188074297514265787e+01
1.188025373164574994e+01
1.188070184315155764e+01
1.188036504400237270e+01
1.188057124542193144e+01
1.188048766690565472e+01
1.188042903102867598e+01
1.188065287035951556e+01
1.188029406079775363e+01
1.188072296749267487e+01
1.188025983075108982e+01
1.188074213922791422e+01
1.188029076792727423e+01
1.188063666252274508e+01
1.188042976867595968e+01
1.188050808513506595e+01
1.188056359283114816e+01
1.188034955684298311e+01
1.188070674670138871e+01
1.188027127749021084e+01
1.188073468337471539e+01
1.188025968161345958e+01
1.188071084310365499e+01
1.188035583173328646e+01
1.188056688761901647e+01
1.188049356789988842e+01
1.188043779304475223e+01
1.188064268602457396e+01
1.188029055303583803e+01
1.188073167064625579e+01
1.188026472992561189e+01
1.188073370195464484e+01
1.188028601712920818e+01
1.188064863056674980e+01
1.188043034451275126e+01
1.188050047497391226e+01
1.188055944254191765e+01
1.188036163574012249e+01
1.188070595594213685e+01
1.188026146900186752e+01
1.188073440615029952e+01
1.188026891062582990e+01
1.188071080104214339e+01
1.188034329203521544e+01
1.188057077224531000e+01
1.188050086047844545e+01
1.188043692003304841e+01
1.188063070379385167e+01
1.188029565544363031e+01
1.188074026426037122e+01
1.188026016163227183e+01
1.188072550179101583e+01
1.188029030448281276e+01
1.188065933098977389e+01
1.188042214640174876e+01
1.188049531811828885e+01
1.188056448907283880e+01
1.188037130677271591e+01
1.188069723047366644e+01
1.188025602494190736e+01
1.188074288180413163e+01
1.188027428312852507e+01
1.188070354124914729e+01
1.188033641849464317e+01
1.188058226591719801e+01
1.188050251899821319e+01
1.188042942540554847e+01
1.188062515915571637e+01
1.188030673674588122e+01
1.188074147015174731e+01
1.188024970067691122e+01
1.188072433635387171e+01
1.188029884916460865e+01
1.188066139364489260e+01
1.188040924135859022e+01
1.188049793581583202e+01
1.188057230926260743e+01
1.188037184706924165e+01
