1.188024147592624757e+01
1.188027304593763844e+01
1.188032085235199631e+01
1.188033067618943228e+01
1.188028507082455576e+01
1.188024501891924523e+01
1.188026000225382361e+01
1.188031008702424707e+01
1.188033494525372902e+01
1.188029826908560871e+01
1.188025264776790912e+01
1.188024891009869322e+01
1.188029876763348014e+01
1.188033273632125209e+01
1.188031300520225741e+01
1.188026107245392815e+01
1.188024409702583206e+01
1.188028430050715301e+01
1.188032796201105867e+01
1.188032449899084497e+01
1.188027223550282230e+01
1.188024417551056899e+01
1.188026882469261736e+01
1.188032146757933916e+01
1.188033014776210905e+01
1.188028755732472419e+01
1.188024593015965635e+01
1.188025744312048104e+01
1.188031015227515219e+01
1.188033285632997860e+01
1.188030275532416447e+01
1.188025113901625396e+01
1.188025035508251470e+01
1.188029482632027189e+01
1.188033375560784322e+01
1.188031400207913357e+01
1.188026245901574640e+01
1.188024462435134154e+01
1.188028066391375859e+01
1.188032928029758395e+01
1.188032314113511134e+01
1.188027675683921380e+01
1.188024179819444015e+01
1.188026915645436610e+01
1.188031857821383319e+01
1.188033158720924298e+01
1.188028960117149424e+01
1.188024572165535631e+01
1.188025766283304208e+01
1.188030619061198756e+01
1.188033555868872249e+01
1.188030192840158605e+01
1.188025489490729925e+01
1.188024726023030375e+01
1.188029445227211234e+01
1.188033248769020744e+01
1.188031557469055954e+01
1.188026491488833258e+01
1.188024266245663441e+01
1.188028090988406227e+01
1.188032572779004248e+01
1.188032698757162109e+01
1.188027606813764336e+01
1.188024419992398961e+01
1.188026581487645217e+01
1.188031800109187408e+01
1.188033215138765897e+01
1.188029079589189863e+01
1.188024800134905234e+01
1.188025419430946172e+01
1.188030691533621841e+01
1.188033293615498209e+01
1.188030633716466689e+01
1.188025393610693570e+01
1.188024807330516985e+01
1.188029154317149505e+01
1.188033211393048028e+01
1.188031776974730036e+01
1.188026516206867456e+01
1.188024439886655337e+01
1.188027653620654078e+01
1.188032731567383493e+01
1.188032548234698815e+01
1.188028025296025270e+01
1.188024272696886285e+01
1.188026519362358258e+01
1.188031622336190729e+01
1.188033214282828176e+01
1.188029407523680447e+01
1.188024687094255150e+01
1.188025533159293090e+01
1.188030243797619612e+01
1.188033553237826290e+01
1.188030579302143153e+01
1.188025711113378868e+01
1.188024612761357979e+01
1.188028994925067217e+01
1.188033197866980473e+01
1.188031798813043771e+01
1.188026879807577174e+01
1.188024176602345605e+01
1.188027730900230772e+01
1.188032352412573189e+01
1.188032889588643393e+01
1.188028026940882853e+01
1.188024431722634944e+01
1.188026312214147140e+01
1.188031425669870345e+01
1.188033381290373036e+01
1.188029413779117505e+01
1.188025016471582518e+01
1.188025145416863992e+01
1.188030324962630502e+01
1.188033299963719713e+01
1.188030950877531566e+01
1.188025721656039302e+01
1.188024592044626004e+01
1.188028831403313035e+01
1.188033017699157234e+01
1.188032121649204065e+01
1.188026822520649617e+01
1.188024423662448115e+01
1.188027278937999931e+01
1.188032476676830917e+01
1.188032784327857172e+01
1.188028356940160002e+01
1.188024415684649782e+01
1.188026131311433531e+01
1.188031366143859202e+01
1.188033248540164522e+01
1.188029832514041928e+01
1.188024856999858869e+01
1.188025294913632379e+01
1.188029888994016581e+01
1.188033487781078179e+01
1.188030977989101977e+01
1.188025937482639094e+01
1.188024539560792370e+01
1.188028543395718017e+01
1.188033106607277745e+01
1.188032036493279087e+01
1.188027257982441753e+01
1.188024149502995108e+01
1.188027348456375876e+01
1.188032136037786302e+01
1.188033026155653538e+01
1.188028471828990362e+01
1.188024464802959201e+01
1.188026062480504130e+01
1.188031040883042522e+01
1.188033498109610875e+01
1.188029767616426113e+01
1.188025232048846469e+01
1.188024928608600916e+01
1.188029918257378270e+01
1.188033300021327676e+01
1.188031233440554857e+01
1.188026083735844729e+01
1.188024405172699893e+01
1.188028501539482029e+01
1.188032809910827758e+01
1.188032419684045493e+01
1.188027171520266378e+01
1.188024409064261810e+01
1.188026945358869924e+01
1.188032169354944045e+01
1.188033012450280701e+01
1.188028679815854538e+01
1.188024593902447457e+01
1.188025769026999434e+01
1.188031076921587825e+01
1.188033273511781829e+01
1.188030222782532697e+01
1.188025085996430263e+01
1.188025052395474290e+01
1.188029553490684975e+01
1.188033367874792212e+01
1.188031374742952195e+01
1.188026180567289281e+01
1.188024492279618727e+01
1.188028108237981506e+01
1.188032963052497415e+01
1.188032278397778896e+01
1.188027617568910266e+01
1.188024186485994704e+01
1.188026949581851355e+01
1.188031917779528435e+01
1.188033118481316563e+01
1.188028924793907315e+01
1.188024533609677036e+01
1.188025819709579700e+01
1.188030661338660643e+01
1.188033554724098195e+01
1.188030144778548802e+01
1.188025443514398027e+01
1.188024767808133753e+01
1.188029481355329153e+01
1.188033283188443079e+01
1.188031492602707573e+01
1.188026462632081959e+01
1.188024262593487990e+01
1.188028154074817699e+01
1.188032599836145309e+01
1.188032662273820783e+01
1.188027563047385726e+01
1.188024398424954775e+01
1.188026648670646601e+01
1.188031822138903593e+01
1.188033217960342824e+01
1.188029006051985448e+01
1.188024791482607867e+01
1.188025448432196995e+01
1.188030746043328634e+01
1.188033296073692568e+01
1.188030572748155578e+01
1.188025370696536953e+01
1.188024813449900918e+01
1.188029229775010798e+01
1.188033207201287667e+01
1.188031752280448039e+01
1.188026453230495605e+01
1.188024457816109170e+01
1.188027703620963571e+01
1.188032760682431288e+01
1.188032526078078099e+01
1.188027957272295865e+01
1.188024281570918461e+01
1.188026546695347108e+01
1.188031686719997282e+01
1.188033180194327088e+01
1.188029367848053930e+01
1.188024651332514914e+01
1.188025574337863333e+01
1.188030297673396340e+01
1.188033546947364094e+01
1.188030541817708574e+01
1.188025654569391065e+01
1.188024654950137204e+01
1.188029029689819716e+01
1.188033235448848401e+01
1.188031741170852662e+01
1.188026841759426588e+01
1.188024177027181594e+01
1.188027783160129580e+01
1.188032393189280000e+01
1.188032847974266737e+01
1.188027989539215312e+01
1.188024400578750850e+01
1.188026379022989687e+01
1.188031451594226695e+01
1.188033384643273038e+01
1.188029347268905411e+01
1.188024995085059032e+01
1.188025180600430097e+01
1.188030371148233222e+01
1.188033316279932805e+01
1.188030884223544703e+01
1.188025700633279769e+01
1.188024591460209045e+01
1.188028906348381319e+01
1.188033021642659293e+01
1.188032093692536861e+01
1.188026765743062008e+01
1.188024427318630494e+01
1.188027337605130818e+01
1.188032500223020804e+01
1.188032773964345346e+01
1.188028282636922484e+01
1.188024422647973033e+01
1.188026156405420508e+01
1.188031429870088118e+01
1.188033225096656587e+01
1.188029785283089801e+01
1.188024826680407386e+01
1.188025322505750481e+01
1.188029953667973082e+01
1.188033478198273052e+01
1.188030948335688564e+01
1.188025874725192921e+01
1.188024577330152098e+01
1.188028581203476008e+01
1.188033142753046789e+01
1.188031990065858601e+01
1.188027208520475142e+01
1.188024155197103404e+01
1.188027389742088680e+01
1.188032188588278437e+01
1.188032982628337919e+01
1.188028437176687646e+01
1.188024428775044505e+01
1.188026123796322686e+01
1.188031074896089478e+01
1.188033498270687538e+01
1.188029711254001874e+01
1.188025196756071367e+01
1.188024969623394433e+01
1.188029957284105365e+01
1.188033327311021203e+01
1.188031165371534037e+01
1.188026060307926279e+01
1.188024402547405245e+01
1.188028571016416279e+01
1.188032825727089481e+01
1.188032385894791254e+01
1.188027122852978756e+01
1.188024398352292899e+01
1.188027010897532065e+01
1.188032189824397733e+01
1.188033010269161949e+01
1.188028604139490341e+01
1.188024594249331578e+01
1.188025796188764360e+01
1.188031135662338045e+01
1.188033263757498936e+01
1.188030166711147828e+01
1.188025061570644247e+01
1.188025067397117418e+01
1.188029625969438285e+01
1.188033358682882934e+01
1.188031348800600284e+01
1.188026116679689537e+01
1.188024520854984445e+01
1.188028152774007573e+01
1.188032994478069959e+01
1.188032245299115353e+01
1.188027556684616037e+01
1.188024196344289507e+01
1.188026981977330010e+01
1.188031978238698372e+01
1.188033077629246215e+01
1.188028888495054147e+01
1.188024497508002320e+01
1.188025871073712914e+01
1.188030706312982865e+01
1.188033549760058705e+01
1.188030099517867555e+01
1.188025395477660595e+01
1.188024812086195148e+01
1.188029516340022873e+01
1.188033317062793692e+01
1.188031428211827212e+01
1.188026432381034425e+01
1.188024262066581649e+01
1.188028214343901290e+01
1.188032629459921097e+01
1.188032622212745082e+01
1.188027522101139866e+01
1.188024375530213916e+01
1.188026717317339731e+01
1.188031843534682430e+01
1.188033219386027994e+01
1.188028934138035275e+01
1.188024781041450950e+01
1.188025480826029856e+01
1.188030797160540963e+01
1.188033300917756208e+01
1.188030508852607348e+01
1.188025350356860343e+01
1.188024818912965941e+01
1.188029305483985354e+01
1.188033203036678565e+01
1.188031725597885924e+01
1.188026392915130103e+01
1.188024473550048654e+01
1.188027756896478593e+01
1.188032786154085763e+01
1.188032506115520270e+01
1.188027887248857084e+01
1.188024292450465325e+01
1.188026573951584375e+01
1.188031750137926146e+01
1.188033146943474705e+01
1.188029325848465234e+01
1.188024618988553094e+01
1.188025612913468976e+01
1.188030354416945045e+01
1.188033537184057131e+01
1.188030506304512102e+01
1.188025597063667327e+01
1.188024698262480783e+01
1.188029064884092634e+01
1.188033271017263282e+01
1.188031685269296389e+01
1.188026801251078446e+01
1.188024181216600894e+01
1.188027832478924495e+01
1.188032436268385972e+01
1.188032803492295386e+01
1.188027953793418767e+01
1.188024369465641428e+01
1.188026445843442680e+01
1.188031478426311516e+01
1.188033385239382689e+01
1.188029283381982459e+01
1.188024971216344028e+01
1.188025219436842583e+01
1.188030414235700682e+01
1.188033334296123478e+01
1.188030815663862683e+01
1.188025680790465977e+01
1.188024591740464864e+01
1.188028980104564170e+01
1.188033026991733010e+01
1.188032062607742745e+01
1.188026712299284959e+01
1.188024428512027697e+01
1.188027399401925699e+01
1.188032520807259473e+01
1.188032764734728275e+01
1.188028207599460018e+01
1.188024430114220742e+01
1.188026182984117796e+01
1.188031491292974451e+01
1.188033203599276177e+01
1.188029734911134838e+01
1.188024800080129673e+01
1.188025347671098508e+01
1.188030020661840780e+01
1.188033466149279427e+01
1.188030919302210009e+01
1.188025812436474915e+01
1.188024614733367201e+01
1.188028620906062649e+01
1.188033175740573455e+01
1.188031946142110584e+01
1.188027156178200805e+01
1.188024164564829555e+01
1.188027428688552867e+01
1.188032242522057125e+01
1.188032937481652240e+01
1.188028402653994320e+01
1.188024394279936757e+01
1.188026183752618081e+01
1.188031111055826550e+01
1.188033494810233393e+01
1.188029657886139745e+01
1.188025158996804720e+01
1.188025013814838005e+01
1.188029994186217309e+01
1.188033355067976160e+01
1.188031096794526853e+01
1.188026036494700755e+01
1.188024402249863876e+01
1.188028638139384263e+01
1.188032843857060250e+01
1.188032348466513888e+01
1.188027077480098725e+01
1.188024385632396474e+01
1.188027078738122988e+01
1.188032208589180527e+01
1.188033007762565063e+01
1.188028529184460957e+01
1.188024593629537762e+01
1.188025826138076368e+01
1.188031191213719140e+01
1.188033256457425857e+01
1.188030107389730539e+01
1.188025040424429335e+01
1.188025080834414915e+01
1.188029699642668469e+01
1.188033348455084415e+01
1.188031321908817439e+01
1.188026054682859822e+01
1.188024547804805842e+01
1.188028200231766895e+01
1.188033022198227151e+01
1.188032214778562512e+01
1.188027493229225051e+01
1.188024209077549997e+01
1.188027013235516627e+01
1.188032038727838291e+01
1.188033036645144591e+01
1.188028850783228840e+01
1.188024464232262467e+01
1.188025920115500611e+01
1.188030754093102281e+01
1.188033541007305871e+01
1.188030056892970876e+01
1.188025345687428569e+01
1.188024858449689880e+01
1.188029550638214715e+01
1.188033349910960368e+01
1.188031364750905183e+01
1.188026400365974666e+01
1.188024264933368457e+01
1.188028271652376588e+01
1.188032661631537223e+01
1.188032578740409306e+01
1.188027483692447639e+01
1.188024351700461700e+01
1.188026786962872272e+01
1.188031864771793167e+01
1.188033218961564152e+01
1.188028864241683991e+01
1.188024768535219522e+01
1.188025516755619293e+01
1.188030844873420300e+01
1.188033308004676236e+01
1.188030442316193991e+01
1.188025332211302754e+01
1.188024824169280969e+01
1.188029380958172787e+01
1.188033199356425129e+01
1.188031696535496629e+01
1.188026335563572644e+01
1.188024486923898237e+01
1.188027813455899206e+01
1.188032808106704508e+01
1.188032488089391236e+01
1.188027815606837301e+01
1.188024304887073157e+01
1.188026601604894061e+01
1.188031812119988118e+01
1.188033114935662837e+01
1.188029281226283906e+01
1.188024590247237278e+01
1.188025648844942417e+01
1.188030413905850047e+01
1.188033524200184132e+01
1.188030472406731342e+01
1.188025539041947631e+01
1.188024742217488239e+01
1.188029100969744078e+01
1.188033304154800440e+01
1.188031631432544621e+01
1.188026758097433877e+01
1.188024189220482185e+01
1.188027878944548732e+01
1.188032481409041452e+01
1.188032756501771914e+01
1.188027919274301070e+01
1.188024338860368623e+01
1.188026512199202678e+01
1.188031506580813002e+01
1.188033382747842559e+01
1.188029222336196966e+01
1.188024944804207195e+01
1.188025261837200652e+01
1.188030454439428141e+01
1.188033353671770165e+01
1.188030745634059926e+01
1.188025661657540866e+01
1.188024593357856773e+01
1.188029052236113259e+01
1.188033034083943740e+01
1.188032028177390131e+01
1.188026662281093238e+01
1.188024427307463249e+01
1.188027464110635378e+01
1.188032538756540291e+01
1.188032756222792052e+01
1.188028132305214690e+01
1.188024437608893713e+01
1.188026211478646665e+01
1.188031550051334939e+01
1.188033184285400701e+01
1.188029681309631158e+01
1.188024777153757938e+01
1.188025370596487917e+01
1.188030089649364207e+01
1.188033452048341054e+01
1.188030890426570174e+01
1.188025751099435467e+01
1.188024651327277326e+01
1.188028662859851536e+01
1.188033205313546503e+01
1.188031904842268283e+01
1.188027100998940178e+01
1.188024177425568340e+01
1.188027465593662413e+01
1.188032297430886963e+01
1.188032891183645567e+01
1.188028367787769213e+01
1.188024361769037540e+01
1.188026241970133867e+01
1.188031149618242210e+01
1.188033487599363092e+01
1.188029607504685536e+01
1.188025118939235369e+01
1.188025060882394968e+01
1.188030029352904648e+01
1.188033382832418283e+01
1.188031028194625804e+01
1.188026011848269192e+01
1.188024404663937972e+01
1.188028702621935473e+01
1.188032864440253533e+01
1.188032307408087185e+01
1.188027035261605846e+01
1.188024371183903050e+01
1.188027148486313145e+01
1.188032226100760624e+01
1.188033004453160402e+01
1.188028455416022311e+01
1.188024591653577922e+01
1.188025859160343423e+01
1.188031243406522464e+01
1.188033251626714026e+01
1.188030044961411136e+01
1.188025022293548538e+01
1.188025093078519667e+01
1.188029774054424692e+01
1.188033337669886258e+01
1.188031293609214600e+01
1.188025994986391609e+01
1.188024572825442959e+01
1.188028250777039041e+01
1.188033046177824126e+01
1.188032186725372341e+01
1.188027427465184260e+01
1.188024224317472388e+01
1.188027043793603710e+01
1.188032098764311506e+01
1.188032995997736130e+01
1.188028811254486783e+01
1.188024434103010840e+01
1.188025966638909736e+01
1.188030804715887001e+01
1.188033528569662423e+01
1.188030016672378686e+01
1.188025294503228046e+01
1.188024906456434060e+01
1.188029584720782239e+01
1.188033381260161647e+01
1.188031302643956266e+01
1.188026366267264322e+01
1.188024271398048093e+01
1.188028325928311446e+01
1.188032696260019350e+01
1.188032532090457849e+01
1.188027447483293919e+01
1.188024327365406307e+01
1.188026857126662250e+01
1.188031886318633568e+01
1.188033216260964942e+01
1.188028796710175250e+01
1.188024753750018192e+01
1.188025556292286211e+01
1.188030889243584554e+01
1.188033317124001798e+01
1.188030373481144686e+01
1.188025315839885288e+01
1.188024829687542905e+01
1.188029455715540550e+01
1.188033196591078777e+01
1.188031664748052485e+01
1.188026281417822894e+01
1.188024497842941507e+01
1.188027873234602083e+01
1.188032826734227498e+01
1.188032471684006453e+01
1.188027742768225359e+01
1.188024318411730107e+01
1.188026630127809646e+01
1.188031872219498197e+01
1.188033084532477623e+01
1.188029233743247914e+01
1.188024565223187778e+01
1.188025682163842589e+01
1.188030475948605336e+01
1.188033508307712616e+01
1.188030439724535370e+01
1.188025480973281134e+01
1.188024786333840410e+01
1.188029138386714401e+01
1.188033334485649384e+01
1.188031579927123005e+01
1.188026712182536038e+01
1.188024201014731851e+01
1.188027922715489382e+01
1.188032528310234959e+01
1.188032707406727617e+01
1.188027885526737215e+01
1.188024309243882648e+01
1.188026577633112701e+01
1.188031536431966728e+01
1.188033376894940218e+01
1.188029164281681638e+01
1.188024915859934083e+01
1.188025307641267858e+01
1.188030492036595120e+01
1.188033374019115662e+01
1.188030674597029801e+01
1.188025642758925393e+01
1.188024596768380370e+01
1.188029122344513056e+01
1.188033043201618000e+01
1.188031990252038206e+01
1.188026615707124378e+01
1.188024423840690424e+01
1.188027531450533658e+01
1.188032554447388911e+01
1.188032747981675996e+01
1.188028057239824165e+01
1.188024444672430668e+01
1.188026242284134071e+01
1.188031605837076121e+01
1.188033167326732986e+01
1.188029624462963874e+01
1.188024757783241547e+01
1.188025391533276931e+01
1.188030160254020551e+01
1.188033436341807203e+01
1.188030861235580460e+01
1.188025691185528743e+01
1.188024686702323685e+01
1.188028707368736114e+01
1.188033231281071878e+01
1.188031866214913812e+01
1.188027043098029267e+01
1.188024193532544182e+01
1.188027500808513537e+01
1.188032352872158093e+01
1.188032844214932382e+01
1.188028332114648933e+01
1.188024331662860966e+01
1.188026298119145707e+01
1.188031190775055990e+01
1.188033476581767900e+01
1.188029560028699727e+01
1.188025076817603853e+01
1.188025110471446766e+01
1.188030063210519849e+01
1.188033410128611145e+01
1.188030960049649210e+01
1.188025985950390329e+01
1.188024410125030528e+01
1.188028764239831681e+01
1.188032887545327121e+01
1.188032262801882766e+01
1.188026995989136658e+01
1.188024355341865501e+01
1.188027219709595883e+01
1.188032242828384533e+01
1.188032999867845874e+01
1.188028383273074517e+01
1.188024587978567759e+01
1.188025895478789273e+01
1.188031292142306228e+01
1.188033249208046271e+01
1.188029979637680000e+01
1.188025006855717436e+01
1.188025104541863186e+01
1.188029848728728233e+01
1.188033326803014234e+01
1.188031263468051257e+01
1.188025937955953815e+01
1.188024595672927219e+01
1.188028304505118626e+01
1.188033066455634312e+01
1.188032160959565964e+01
1.188027359713241360e+01
1.188024241652974489e+01
1.188027074111923653e+01
1.188032157864879679e+01
1.188032956133305440e+01
1.188028769547973873e+01
1.188024407382049930e+01
1.188026010516510489e+01
1.188030858145255131e+01
1.188033512621740506e+01
1.188029978563737465e+01
1.188025242329067588e+01
1.188024955639846780e+01
1.188029619061246756e+01
1.188033410656946387e+01
1.188031242274934485e+01
1.188026329822849902e+01
1.188024281595703080e+01
1.188028377172754624e+01
1.188032733184264522e+01
1.188032482558220160e+01
1.188027413088332196e+01
1.188024302982315383e+01
1.188026927323323001e+01
1.188031908625598909e+01
1.188033210896655945e+01
1.188028731835751373e+01
1.188024736539178861e+01
1.188025599433773927e+01
1.188030930404615759e+01
1.188033328002623890e+01
1.188030302737690924e+01
1.188025300793077221e+01
1.188024835944550262e+01
1.188029529288825437e+01
1.188033195134543618e+01
1.188031629944936896e+01
1.188026230653460047e+01
1.188024506284464366e+01
1.188027936096118609e+01
1.188032842295511671e+01
1.188032456532957504e+01
1.188027669186325497e+01
1.188024332545905004e+01
1.188026659980247324e+01
1.188031930023327831e+01
1.188033056043481928e+01
1.188029183227141949e+01
1.188024543958067270e+01
1.188025712973710846e+01
1.188030540288962733e+01
1.188033489870873005e+01
1.188030407823583978e+01
1.188025423339375131e+01
1.188024830140855137e+01
1.188029177542481740e+01
1.188033361684445488e+01
1.188031530955889359e+01
1.188026663462279409e+01
1.188024216501858454e+01
1.188027964017047466e+01
1.188032576617597158e+01
1.188032656646773866e+01
1.188027852080604951e+01
1.188024281089866285e+01
1.188026641717503473e+01
1.188031568304739771e+01
1.188033367470663393e+01
1.188029109297423958e+01
1.188024884467084519e+01
1.188025356621238515e+01
1.188030527360525568e+01
1.188033394912042340e+01
1.188030603032445676e+01
1.188025623624845473e+01
1.188024602400733976e+01
1.188029190077537223e+01
1.188033054565351065e+01
1.188031948753828537e+01
1.188026572522470659e+01
1.188024418315308317e+01
1.188027601084372975e+01
1.188032568296830860e+01
1.188032739544349070e+01
1.188027982886145928e+01
1.188024450870907067e+01
1.188026275750221927e+01
1.188031658402331558e+01
1.188033152825415684e+01
1.188029564428850549e+01
1.188024741780591853e+01
1.188025410791546754e+01
1.188030232057542968e+01
1.188033419497598153e+01
1.188030831256280884e+01
1.188025633143920601e+01
1.188024720491871200e+01
1.188028754676880716e+01
1.188033253522193000e+01
1.188031830235886410e+01
1.188026982660202080e+01
1.188024212578692129e+01
1.188027534729076606e+01
1.188032408378920302e+01
1.188032797057624101e+01
1.188028295192165373e+01
1.188024304341174542e+01
1.188026351926912838e+01
1.188031234649234413e+01
1.188033461775072119e+01
1.188029515306375572e+01
1.188025032926910463e+01
1.188025162181569883e+01
1.188030096212333930e+01
1.188033436475856774e+01
1.188030892819321416e+01
1.188025958422363004e+01
1.188024418912067759e+01
1.188028822836170484e+01
1.188032913168508387e+01
1.188032214801840603e+01
1.188026959390970561e+01
1.188024338489409182e+01
1.188027291947157593e+01
1.188032259247874478e+01
1.188032993548950955e+01
1.188028313158207361e+01
1.188024582316130129e+01
1.188025935249085663e+01
1.188031337395681675e+01
1.188033249072944741e+01
1.188029911693515572e+01
1.188024993738340207e+01
1.188025115668510168e+01
1.188029923180329561e+01
1.188033316316313659e+01
1.188031231086650941e+01
1.188025883904848712e+01
1.188024616168492287e+01
1.188028361438540870e+01
1.188033083143409385e+01
1.188032137236094066e+01
1.188027290345179310e+01
1.188024260639928542e+01
1.188027104662946343e+01
1.188032215556740212e+01
1.188032917465511495e+01
1.188028725354545934e+01
1.188024384266242350e+01
1.188026051692354379e+01
1.188030914272979821e+01
1.188033493404775953e+01
1.188029942220738988e+01
1.188025189604290510e+01
1.188025005519730470e+01
1.188029654124399315e+01
1.188033437677793813e+01
1.188031183979058980e+01
1.188026290834399923e+01
1.188024295589057466e+01
1.188028425459679305e+01
1.188032772176678087e+01
1.188032430493801961e+01
1.188027380084137974e+01
1.188024279025474073e+01
1.188026997073663260e+01
1.188031932114415312e+01
1.188033202528726306e+01
1.188028669848985430e+01
1.188024716826613414e+01
1.188025646104269484e+01
1.188030968558858369e+01
1.188033340311004160e+01
1.188030230515144048e+01
1.188025286602545449e+01
1.188024843413936082e+01
1.188029601236116406e+01
1.188033195334973335e+01
1.188031591897131989e+01
1.188026183375557743e+01
1.188024512298263424e+01
1.188028001835274416e+01
1.188032855108111185e+01
1.188032442227658514e+01
1.188027595335512387e+01
1.188024346812761323e+01
1.188026691598474116e+01
1.188031985161426007e+01
1.188033029719196776e+01
1.188029129575892107e+01
1.188024526419600946e+01
1.188025741447676253e+01
1.188030606611747331e+01
1.188033469297517897e+01
1.188030376245387032e+01
1.188025366623620016e+01
1.188024873189253405e+01
1.188029218802311249e+01
1.188033385483951321e+01
1.188031484653442860e+01
1.188026611965453050e+01
1.188024235513295501e+01
1.188028003136017929e+01
1.188032625931417385e+01
1.188032604686921268e+01
1.188027818462080809e+01
1.188024254853697492e+01
1.188026704063856620e+01
1.188031602467209424e+01
1.188033354333738778e+01
1.188029057389471532e+01
1.188024850779605224e+01
1.188025408487072987e+01
1.188030560792690515e+01
1.188033415895867861e+01
1.188030531425872383e+01
1.188025603802489094e+01
1.188024610646101742e+01
1.188029255137266205e+01
1.188033068328953767e+01
1.188031903678367485e+01
1.188026532600012430e+01
1.188024410998127145e+01
1.188027672626117415e+01
1.188032580752404499e+01
1.188032730434617079e+01
1.188027909713332164e+01
1.188024455806094792e+01
1.188026312172662458e+01
1.188031707565224693e+01
1.188033140811722355e+01
1.188029501337022431e+01
1.188024728892402315e+01
1.188025428732893474e+01
1.188030304609377907e+01
1.188033401994205640e+01
1.188030800027280698e+01
1.188025577391168142e+01
1.188024752380536420e+01
1.188028804962908680e+01
1.188033271988758521e+01
1.188031796808859042e+01
1.188026919935399128e+01
1.188024234203956553e+01
1.188027567786776473e+01
1.188032463470504752e+01
1.188032750184271080e+01
1.188028256609349143e+01
1.188024280134057342e+01
1.188026403183846291e+01
1.188031281292122543e+01
1.188033443270416711e+01
1.188029473118626278e+01
1.188024987616247685e+01
1.188025215575841109e+01
1.188030128827647403e+01
1.188033461399658641e+01
1.188030826934880757e+01
1.188025928933931752e+01
1.188024431240810941e+01
1.188028878324973725e+01
1.188032941233672091e+01
1.188032163629861415e+01
1.188026925138549039e+01
1.188024321048946597e+01
1.188027364720360346e+01
1.188032275830306439e+01
1.188032985065122027e+01
1.188028245428548857e+01
1.188024574439015346e+01
1.188025978555613804e+01
1.188031379214880445e+01
1.188033251024689108e+01
1.188029841461066027e+01
1.188024982527445950e+01
1.188025126923724528e+01
1.188029996925677878e+01
1.188033306647013099e+01
1.188031196110982357e+01
1.188025833086739169e+01
1.188024634202610130e+01
1.188028421526519907e+01
1.188033096423185597e+01
1.188032115250523368e+01
1.188027219775403154e+01
1.188024280811625033e+01
1.188027135919970156e+01
1.188032271388360073e+01
1.188032880365978983e+01
1.188028678424138818e+01
1.188024364882838491e+01
1.188026090183232064e+01
1.188030972921138506e+01
1.188033471220883008e+01
1.188029907251342721e+01
1.188025136793605263e+01
1.188025055613313441e+01
1.188029690355155310e+01
1.188033461939054192e+01
1.188031128035234296e+01
1.188026249171928583e+01
1.188024313366962836e+01
1.188028470934225922e+01
1.188032812948317662e+01
1.188032376293923065e+01
1.188027348019381968e+01
1.188024255975204646e+01
1.188027065915531999e+01
1.188031957168191255e+01
1.188033190873064271e+01
1.188028610913508842e+01
1.188024694608557397e+01
1.188025696156177347e+01
1.188031003972566602e+01
1.188033353670709857e+01
1.188030157272107523e+01
1.188025272792323150e+01
1.188024852554933730e+01
1.188029671150879096e+01
1.188033197486756620e+01
1.188031550442719464e+01
1.188026139616242460e+01
1.188024516005512687e+01
1.188028070182911478e+01
1.188032865540655614e+01
1.188032428326912715e+01
1.188027521700511180e+01
1.188024360748280728e+01
1.188026725384623461e+01
1.188032037315378275e+01
1.188033005745431403e+01
1.188029072759998250e+01
1.188024512502366825e+01
1.188025767824447243e+01
1.188030674549993826e+01
1.188033447029483192e+01
1.188030344518264236e+01
1.188025311300039633e+01
1.188024915061402709e+01
1.188029262480536374e+01
1.188033405681383314e+01
1.188031441083082029e+01
1.188026557793105198e+01
1.188024257813421336e+01
1.188028040413889563e+01
1.188032675815702355e+01
1.188032552006847453e+01
1.188027784205013582e+01
1.188024230961789129e+01
1.188026764331585738e+01
1.188031639124296035e+01
1.188033337415024171e+01
1.188029008490821070e+01
1.188024815018355618e+01
1.188025462893278572e+01
1.188030592753543502e+01
1.188033436497841144e+01
1.188030460257761511e+01
1.188025582866716334e+01
1.188024621848808948e+01
1.188029317286889075e+01
1.188033084575936371e+01
1.188031855094860312e+01
1.188026495743471145e+01
1.188024402213082986e+01
1.188027745649759481e+01
1.188032592281467537e+01
1.188032720178386548e+01
1.188027838166199857e+01
1.188024459124654442e+01
1.188026351786213297e+01
1.188031753214107589e+01
1.188033131243378193e+01
1.188029435386246213e+01
1.188024718805933411e+01
1.188025445761981480e+01
1.188030377436867902e+01
1.188033384309498075e+01
1.188030767109835928e+01
1.188025524301604818e+01
1.188024782111330602e+01
1.188028858335659343e+01
1.188033286706558300e+01
1.188031765767570214e+01
1.188026855233099788e+01
1.188024258003823164e+01
1.188027600438192977e+01
1.188032517663474152e+01
1.188032704047062893e+01
1.188028215996556725e+01
1.188024259314103404e+01
1.188026451748249812e+01
1.188031330682238185e+01
1.188033421230291253e+01
1.188029433184266992e+01
1.188024941280896662e+01
1.188025270190947147e+01
1.188030161530514306e+01
1.188033484442797771e+01
1.188030762789331796e+01
1.188025897211024784e+01
1.188024447258685434e+01
1.188028930693148766e+01
1.188032971594050835e+01
1.188032109570610473e+01
1.188026892854361094e+01
1.188024303472457177e+01
1.188027437543599696e+01
1.188032293030836328e+01
1.188032974021608545e+01
1.188028180387626875e+01
1.188024564186300047e+01
1.188026025409425301e+01
1.188031417720581118e+01
1.188033254802799554e+01
1.188029769322048246e+01
1.188024972777593469e+01
1.188025138782993650e+01
1.188030069493866492e+01
1.188033298197602150e+01
1.188031158240165652e+01
1.188025785689743685e+01
1.188024649737467797e+01
1.188028484646099159e+01
1.188033106542905948e+01
1.188032094646124648e+01
1.188027148451572401e+01
1.188024301689730500e+01
1.188027168345765183e+01
1.188032324939862505e+01
1.188032845155864869e+01
1.188028628571709078e+01
1.188024349286462211e+01
1.188026126078267097e+01
1.188031033846150919e+01
1.188033446425882111e+01
1.188029873227114663e+01
1.188025084376511131e+01
1.188025105446315344e+01
1.188029728167897758e+01
1.188033483105994925e+01
1.188031074659740938e+01
1.188026204776822681e+01
1.188024334844658192e+01
1.188028513809267928e+01
1.188032855155426049e+01
1.188032320392713181e+01
1.188027316425671742e+01
1.188024234306691085e+01
1.188027133414265180e+01
1.188031984122418550e+01
1.188033175708170219e+01
1.188028555122262020e+01
1.188024669953665224e+01
1.188025749373570150e+01
1.188031036969519860e+01
1.188033367663098971e+01
1.188030083486056299e+01
1.188025258890125890e+01
1.188024863801445186e+01
1.188029738671208690e+01
1.188033201823771101e+01
1.188031505490771522e+01
1.188026099333960950e+01
1.188024517596004159e+01
1.188028140812059519e+01
1.188032874004016826e+01
1.188032414367296141e+01
1.188027448765436844e+01
1.188024373912038101e+01
1.188026761697034317e+01
1.188032086225808825e+01
1.188032984239081458e+01
1.188029012823257702e+01
1.188024502030332030e+01
1.188025792402763159e+01
1.188030743693247970e+01
1.188033423532186816e+01
1.188030312168646319e+01
1.188025257822414815e+01
1.188024955380808478e+01
1.188029308833077735e+01
1.188033422143225692e+01
1.188031400235379742e+01
1.188026501116256206e+01
1.188024283105158929e+01
1.188028076238728659e+01
1.188032725808075440e+01
1.188032499089881178e+01
1.188027748862101340e+01
1.188024209801566933e+01
1.188026822235734414e+01
1.188031678412991532e+01
1.188033316719178423e+01
1.188028962463018701e+01
1.188024777466117499e+01
1.188025519446944500e+01
1.188030623692421450e+01
1.188033456238102303e+01
1.188030389992587743e+01
1.188025560430074457e+01
1.188024636298074377e+01
1.188029376356132083e+01
1.188033103317602901e+01
1.188031803144497900e+01
1.188026461692115454e+01
1.188024392333818469e+01
1.188027819699021848e+01
1.188032603360060868e+01
1.188032708314923269e+01
1.188027768655128646e+01
1.188024460526254167e+01
1.188026394759001825e+01
1.188031795310164362e+01
1.188033124006527785e+01
1.188029366839757373e+01
1.188024711156617208e+01
1.188025462317054171e+01
1.188030450055933507e+01
1.188033366909587585e+01
1.188030732098389919e+01
1.188025474198670217e+01
1.188024809491474443e+01
1.188028914831601490e+01
1.188033297774691199e+01
1.188031736879684885e+01
1.188026788915319010e+01
1.188024283538867998e+01
1.188027633154138840e+01
1.188032570482696038e+01
1.188032659067533459e+01
1.188028173034282275e+01
1.188024242089955962e+01
1.188026497549530625e+01
1.188031382725737117e+01
1.188033395884663079e+01
1.188029395166689639e+01
1.188024894353368310e+01
1.188025325547859623e+01
1.188030194788368732e+01
1.188033505176045779e+01
1.188030700728564071e+01
1.188025863042147634e+01
1.188024467041230814e+01
1.188028980000761869e+01
1.188033004035552409e+01
1.188032052964878460e+01
1.188026862121009941e+01
1.188024286231038396e+01
1.188027509935301929e+01
1.188032311277951081e+01
1.188032960069706867e+01
1.188028118278428558e+01
1.188024551467059098e+01
1.188026075747949584e+01
1.188031453103006996e+01
1.188033260088990062e+01
1.188029695699035670e+01
1.188024964022508456e+01
1.188025151720765571e+01
1.188030140437307480e+01
1.188033291326556551e+01
1.188031117233701650e+01
1.188025741832046656e+01
1.188024662807816689e+01
1.188028550604971656e+01
1.188033113810469565e+01
1.188032075022217882e+01
1.188027076844485919e+01
1.188024322795465970e+01
1.188027202381462288e+01
1.188032375832732157e+01
1.188032812098586888e+01
1.188028575681625654e+01
1.188024337457813040e+01
1.188026159536842563e+01
1.188031096744294501e+01
1.188033419420878900e+01
1.188029839693461120e+01
1.188025032836353212e+01
1.188025154563766961e+01
1.188029767936580683e+01
1.188033500900718664e+01
1.188031024001340086e+01
1.188026157663212956e+01
1.188024359865783097e+01
1.188028554360366051e+01
1.188032898407218241e+01
1.188032263251682430e+01
1.188027284828802621e+01
1.188024214478876139e+01
1.188027199172508475e+01
1.188032013257123864e+01
1.188033156880472951e+01
1.188028502495369310e+01
1.188024643001461556e+01
1.188025805477236219e+01
1.188031067923242290e+01
1.188033381838970826e+01
1.188030009642511331e+01
1.188025244438539474e+01
1.188024877551683645e+01
1.188029803488081981e+01
1.188033208514034733e+01
1.188031457023540582e+01
1.188026062414501816e+01
1.188024517323819396e+01
1.188028213345415907e+01
1.188032880941480585e+01
1.188032399874098211e+01
1.188027377002829255e+01
1.188024385897380775e+01
1.188026800841641517e+01
1.188032131698425609e+01
1.188032965245491113e+01
1.188028949881776342e+01
1.188024494761084959e+01
1.188025815534427920e+01
1.188030813596841284e+01
1.188033399283717628e+01
1.188030278732440692e+01
1.188025206613827400e+01
1.188024993820648589e+01
1.188029358051366735e+01
1.188033434808409439e+01
1.188031362028421967e+01
1.188026442172023245e+01
1.188024311037024106e+01
1.188028111035926138e+01
1.188032775430309407e+01
1.188032446411942900e+01
1.188027712015593274e+01
1.188024191712320388e+01
1.188026877553426885e+01
1.188031720399176194e+01
1.188033292324558055e+01
1.188028919099441438e+01
1.188024738461196783e+01
1.188025577716849845e+01
1.188030654076745307e+01
1.188033474640863041e+01
1.188030321068347384e+01
1.188025536151885575e+01
1.188024654221073106e+01
1.188029432245161843e+01
1.188033124492785575e+01
1.188031748037161606e+01
1.188026430127023758e+01
1.188024381775098348e+01
1.188027894297719200e+01
1.188032614461604197e+01
1.188032694407829837e+01
1.188027701546714354e+01
1.188024459770446484e+01
1.188026441188487325e+01
1.188031833888301847e+01
1.188033118918327702e+01
1.188029296019228909e+01
1.188024705536786207e+01
1.188025478859605677e+01
1.188030521982024368e+01
1.188033350238026564e+01
1.188030694630319850e+01
1.188025427347379193e+01
1.188024834396754770e+01
1.188028974413948191e+01
1.188033305363181746e+01
1.188031709852201168e+01
1.188026721388422757e+01
1.188024310345085688e+01
1.188027666408368965e+01
1.188032621472251016e+01
1.188032615626986477e+01
1.188028127460756878e+01
1.188024228601349286e+01
1.188026540589788382e+01
1.188031437258537970e+01
1.188033367525516937e+01
1.188029358681874115e+01
1.188024847293569586e+01
1.188025381162825944e+01
1.188030229050822584e+01
1.188033523208271269e+01
1.188030641043528846e+01
1.188025826283301178e+01
1.188024490590284898e+01
1.188029026379599884e+01
1.188033038281600540e+01
1.188031994201662300e+01
1.188026832491245344e+01
1.188024269803965005e+01
1.188027581428812596e+01
1.188032330963388006e+01
1.188032942915111434e+01
1.188028059277824511e+01
1.188024536262437358e+01
1.188026129436445011e+01
1.188031485617362648e+01
1.188033266514460884e+01
1.188029621045845552e+01
1.188024955786178616e+01
1.188025166199168403e+01
1.188030209341905419e+01
1.188033286340110450e+01
1.188031072917239683e+01
1.188025701559133651e+01
1.188024673520174979e+01
1.188028619145890907e+01
1.188033118586346681e+01
1.188032055943584453e+01
1.188027005437438888e+01
1.188024343660740278e+01
1.188027238435950750e+01
1.188032423738598098e+01
1.188032781393865811e+01
1.188028519710409725e+01
1.188024329304140103e+01
1.188026190784897906e+01
1.188031161258574819e+01
1.188033390642809017e+01
1.188029806180513503e+01
1.188024982649247185e+01
1.188025202540364234e+01
1.188029809985822993e+01
1.188033515108762295e+01
1.188030976137898342e+01
1.188026107917673180e+01
1.188024388206093640e+01
1.188028592919222426e+01
1.188032942274745452e+01
1.188032205349099613e+01
1.188027252760131347e+01
1.188024196923686659e+01
1.188027262839197640e+01
1.188032044790348607e+01
1.188033134308025396e+01
1.188028452979703431e+01
1.188024613959189146e+01
1.188025864131181919e+01
1.188031097248031465e+01
1.188033395728962027e+01
1.188029936224051042e+01
1.188025229005808647e+01
1.188024894158640699e+01
1.188029865352438286e+01
1.188033217655879525e+01
1.188031405096913673e+01
1.188026028673738033e+01
1.188024515501518508e+01
1.188028287363942148e+01
1.188032886818175982e+01
1.188032384372586669e+01
1.188027306862935539e+01
1.188024396340788869e+01
1.188026843064632132e+01
1.188032173608566744e+01
1.188032948737431127e+01
1.188028884121310824e+01
1.188024490391651966e+01
1.188025837616067726e+01
1.188030883791941683e+01
1.188033374763685046e+01
1.188030243766180050e+01
1.188025158056872677e+01
1.188025030111170288e+01
1.188029410257812302e+01
1.188033443689757007e+01
1.188031326309720370e+01
1.188026381258253572e+01
1.188024341211429835e+01
1.188028145258023116e+01
1.188032824199252069e+01
1.188032394430691951e+01
1.188027673287261443e+01
1.188024176977168622e+01
1.188026930128920355e+01
1.188031765076081925e+01
1.188033264381360432e+01
1.188028878130201882e+01
1.188024698389758171e+01
1.188025637243415389e+01
1.188030684380800217e+01
1.188033491245538364e+01
1.188030253886664767e+01
1.188025509746203134e+01
1.188024675777479366e+01
1.188029484926874169e+01
1.188033147969223435e+01
1.188031690046523181e+01
1.188026400678742078e+01
1.188024370983233347e+01
1.188027968960545877e+01
1.188032626045699480e+01
1.188032678055473390e+01
1.188027637155396832e+01
1.188024456682155794e+01
1.188026491099115312e+01
1.188031869056289302e+01
1.188033115731127509e+01
1.188029223297425219e+01
1.188024701505416481e+01
1.188025495863469416e+01
1.188030592741095504e+01
1.188033334705565380e+01
1.188030654394645147e+01
1.188025383948136771e+01
1.188024856774326921e+01
1.188029036973477837e+01
1.188033309708893270e+01
1.188031684338294802e+01
1.188026653093944063e+01
1.188024337944751352e+01
1.188027700666209441e+01
1.188032670205954489e+01
1.188032574057857182e+01
1.188028079078153354e+01
1.188024218915780672e+01
1.188026580943744470e+01
1.188031494050033032e+01
1.188033336499937143e+01
1.188029323307550733e+01
1.188024800578321916e+01
1.188025436558426051e+01
1.188030264738918973e+01
1.188033538195683469e+01
1.188030583963650955e+01
1.188025786861318878e+01
1.188024517833921223e+01
1.188029070030039946e+01
1.188033073999393352e+01
1.188031933709163646e+01
1.188026803498707373e+01
1.188024254667509716e+01
1.188027651582943456e+01
1.188032352432958660e+01
1.188032922324984142e+01
1.188028003492509832e+01
1.188024518626085779e+01
1.188026186271139117e+01
1.188031515577698904e+01
1.188033273668391665e+01
1.188029545837244427e+01
1.188024947594145431e+01
1.188025182656988576e+01
1.188030275836496941e+01
1.188033283485251346e+01
1.188031025186765177e+01
1.188025664842748519e+01
1.188024682050396130e+01
1.188028689952558103e+01
1.188033121274952641e+01
1.188032036950731118e+01
1.188026934715286664e+01
1.188024363838989217e+01
1.188027276876058558e+01
1.188032468386884588e+01
1.188032753173213507e+01
1.188028460687783472e+01
1.188024324661478026e+01
1.188026220109660613e+01
1.188031226986799993e+01
1.188033360554181073e+01
1.188029772214399316e+01
1.188024934273127187e+01
1.188025248990121341e+01
1.188029854583195544e+01
1.188033525584200945e+01
1.188030931074634822e+01
1.188026055697265626e+01
1.188024419578782798e+01
1.188028629865774022e+01
1.188032986300655303e+01
1.188032147169036001e+01
1.188027219767799991e+01
1.188024182035853471e+01
1.188027324117502737e+01
1.188032078873085595e+01
1.188033107982478498e+01
1.188028406450163743e+01
1.188024583097124776e+01
1.188025924950428625e+01
1.188031125389001730e+01
1.188033408854463069e+01
1.188029863699402711e+01
1.188025212195982405e+01
1.188024913921626968e+01
1.188029924080892741e+01
1.188033229275711022e+01
1.188031349839120665e+01
1.188025997862055227e+01
1.188024512492965101e+01
1.188028362416394401e+01
1.188032892110015482e+01
1.188032367399300249e+01
1.188027238763464055e+01
1.188024404930206224e+01
1.188026888546541215e+01
1.188032211904119784e+01
1.188032934615732117e+01
1.188028815793013671e+01
1.188024488565756798e+01
1.188025859079801627e+01
1.188030953796154954e+01
1.188033350442077563e+01
1.188030206857676774e+01
1.188025112484762147e+01
1.188025064045790913e+01
1.188029465502903115e+01
1.188033448873670217e+01
1.188031292859761834e+01
1.188026318726788055e+01
1.188024373194046746e+01
1.188028179373871041e+01
1.188032871637912358e+01
1.188032343575124727e+01
1.188027632347399987e+01
1.188024165816329614e+01
1.188026979877132483e+01
1.188031812364427076e+01
1.188033233108058795e+01
1.188028839228568501e+01
1.188024657677057938e+01
1.188025697549259085e+01
1.188030715074362753e+01
1.188033505617575258e+01
1.188030188803706722e+01
1.188025480988464189e+01
1.188024701055626764e+01
1.188029534447494306e+01
1.188033173546550181e+01
1.188031629503683106e+01
1.188026372936164243e+01
1.188024360425737669e+01
1.188028043204057838e+01
1.188032638547300834e+01
1.188032658900606187e+01
1.188027575736250618e+01
1.188024451155664174e+01
1.188026544441706278e+01
1.188031900992162981e+01
1.188033114138135460e+01
1.188029149089712888e+01
1.188024698598633755e+01
1.188025513803562205e+01
1.188030661880373451e+01
1.188033320680717075e+01
1.188030611139490134e+01
1.188025344132040573e+01
1.188024876643904371e+01
1.188029102331031872e+01
1.188033311109847290e+01
1.188031659945456653e+01
1.188026584498605231e+01
1.188024365857551778e+01
1.188027736373375554e+01
1.188032716297231239e+01
1.188032534636188764e+01
1.188028027757262883e+01
1.188024213026906040e+01
1.188026618756994068e+01
1.188031552808307190e+01
1.188033303201918933e+01
1.188029288593308408e+01
1.188024754690449569e+01
1.188025491274446566e+01
1.188030302235091185e+01
1.188033549849990145e+01
1.188030529651623368e+01
1.188025744775566039e+01
1.188024548628153454e+01
1.188029111216289202e+01
1.188033110807449333e+01
1.188031871944922635e+01
1.188026774669114971e+01
1.188024241283779681e+01
1.188027719991939790e+01
1.188032375978487742e+01
1.188032898133546666e+01
1.188027950956551670e+01
1.188024498682949570e+01
1.188026245983975215e+01
1.188031543349372754e+01
1.188033281107432515e+01
1.188029470558190859e+01
1.188024938984715639e+01
1.188025201499176475e+01
1.188030339601336749e+01
1.188033282944091695e+01
1.188030974011094365e+01
1.188025631581585806e+01
1.188024688639645987e+01
1.188028762656834481e+01
1.188033122314992340e+01
1.188032017570774457e+01
1.188026865153451972e+01
1.188024382915470056e+01
1.188027318017739908e+01
1.188032509571140594e+01
1.188032727496963048e+01
1.188028398716009804e+01
1.188024323298577656e+01
1.188026247852925366e+01
1.188031293490663032e+01
1.188033329632266266e+01
1.188029737328620428e+01
1.188024888137164936e+01
1.188025293575105046e+01
1.188029901932891974e+01
1.188033532253127866e+01
1.188030888744023628e+01
1.188026001225987649e+01
1.188024453641264522e+01
1.188028665619120083e+01
1.188033030009628810e+01
1.188032089190313201e+01
1.188027185427526966e+01
1.188024170163567739e+01
1.188027382771552531e+01
1.188032115585784432e+01
1.188033077969298290e+01
1.188028362712653063e+01
1.188024550742457919e+01
1.188025987509904979e+01
1.188031152811392666e+01
1.188033420738799606e+01
1.188029792512848815e+01
1.188025193658171830e+01
1.188024937079079990e+01
1.188029979559960303e+01
1.188033243327405941e+01
1.188031291447748750e+01
1.188025969670345638e+01
1.188024508704938143e+01
1.188028438029550671e+01
1.188032897292420742e+01
1.188032348513117142e+01
1.188027173080055654e+01
1.188024411412169634e+01
1.188026937397922822e+01
1.188032246606726261e+01
1.188032922711550832e+01
1.188028745207693326e+01
1.188024488882340357e+01
1.188025880383034760e+01
1.188031023124444729e+01
1.188033326768396769e+01
1.188030167635926837e+01
1.188025070173554276e+01
1.188025095485759941e+01
1.188029523764001816e+01
1.188033450518050316e+01
1.188031261397137861e+01
1.188026254975510376e+01
1.188024406523985732e+01
1.188028213857381488e+01
1.188032917286444956e+01
1.188032294235845043e+01
1.188027588922645350e+01
1.188024158381871587e+01
1.188027026785569618e+01
1.188031862114200798e+01
1.188033198786224176e+01
1.188028802018758512e+01
1.188024616777761011e+01
1.188025758150126343e+01
1.188030746611464217e+01
1.188033517358708480e+01
1.188030126122121111e+01
1.188025449720688620e+01
1.188024730070378077e+01
1.188029580925461559e+01
1.188033200960829383e+01
1.188031566789497262e+01
1.188026346456406657e+01
1.188024350580436383e+01
1.188028116557597080e+01
1.188032652366512387e+01
1.188032636638934747e+01
1.188027517479121187e+01
1.188024443157013010e+01
1.188026601094585644e+01
1.188031929939950260e+01
1.188033113780478445e+01
1.188029073844629480e+01
1.188024696340734110e+01
1.188025533144571888e+01
1.188030728978661621e+01
1.188033308481315409e+01
1.188030564678123469e+01
1.188025307957810561e+01
1.188024894097299722e+01
1.188029170241613208e+01
1.188033309918087177e+01
1.188031636244736511e+01
1.188026516083760065e+01
1.188024393611722651e+01
1.188027773945264265e+01
1.188032759408113037e+01
1.188032497575396107e+01
1.188027973440549090e+01
1.188024210854695539e+01
1.188026654242606739e+01
1.188031613186738689e+01
1.188033268063101566e+01
1.188029254071388152e+01
1.188024710107690396e+01
1.188025544878334472e+01
1.188030341874075546e+01
1.188033557945255225e+01
1.188030478199717166e+01
1.188025700097976944e+01
1.188024582760346703e+01
1.188029150260088507e+01
1.188033148284278084e+01
1.188031809385319093e+01
1.188026745531635697e+01
1.188024230089838440e+01
1.188027786294663635e+01
1.188032401831035045e+01
1.188032870246068740e+01
1.188027901630625216e+01
1.188024476626445747e+01
1.188026308248837104e+01
1.188031569340261839e+01
1.188033288365996043e+01
1.188029395692876022e+01
1.188024929519821526e+01
1.188025223087144333e+01
1.188030400375436813e+01
1.188033284829725389e+01
1.188030919432647536e+01
1.188025601603739112e+01
1.188024693588874747e+01
1.188028836847122705e+01
1.188033122169017730e+01
1.188031997328680944e+01
1.188026797207121810e+01
1.188024400516778378e+01
1.188027362118501173e+01
1.188032547153885510e+01
1.188032704352912994e+01
1.188028333967558936e+01
1.188024324922454333e+01
1.188026274403024729e+01
1.188031360305655504e+01
1.188033298357998113e+01
1.188029701075264910e+01
1.188024844631811483e+01
1.188025336013081912e+01
1.188029952170901105e+01
1.188033535115418715e+01
1.188030849007379786e+01
1.188025944789706045e+01
1.188024490003246747e+01
1.188028700627483403e+01
1.188033072919267674e+01
1.188032031875606442e+01
1.188027149352715917e+01
1.188024161600212558e+01
1.188027438631787902e+01
1.188032154936488993e+01
1.188033044406221350e+01
1.188028321508696905e+01
1.188024517271867175e+01
1.188026051354234447e+01
1.188031179989411079e+01
1.188033430918418176e+01
1.188029723074185107e+01
1.188025173094721154e+01
1.188024963802837419e+01
1.188030031748666104e+01
1.188033259693351695e+01
1.188031230185149667e+01
1.188025943737438084e+01
1.188024504577723484e+01
1.188028513718923485e+01
1.188032902829106696e+01
1.188032327305808700e+01
1.188027110137679543e+01
1.188024415597579875e+01
1.188026989656697197e+01
1.188032277811245940e+01
1.188032912790234441e+01
1.188028672728732538e+01
1.188024490905128339e+01
1.188025901997608891e+01
1.188031091300136133e+01
1.188033304161312387e+01
1.188030125780012014e+01
1.188025031335681092e+01
1.188025124363295149e+01
1.188029584945833150e+01
1.188033448848510432e+01
1.188031231585136283e+01
1.188026190439356178e+01
1.188024440724551489e+01
1.188028249176136697e+01
1.188032960712789787e+01
1.188032246756226229e+01
1.188027542802440806e+01
1.188024154754086048e+01
1.188027070914588101e+01
1.188031914108059617e+01
1.188033161753876321e+01
1.188028766084921983e+01
1.188024576165550883e+01
1.188025818565933811e+01
1.188030779419548644e+01
1.188033526116400296e+01
1.188030066084176717e+01
1.188025415855132394e+01
1.188024762762749731e+01
1.188029624548600438e+01
1.188033229890532994e+01
1.188031502325787869e+01
1.188026320775442102e+01
1.188024341924288763e+01
1.188028188573929356e+01
1.188032667859246949e+01
1.188032611026428498e+01
1.188027462504249421e+01
1.188024432724776780e+01
1.188026660866407269e+01
1.188031956203798067e+01
1.188033114255477685e+01
1.188028998033717620e+01
1.188024694255434177e+01
1.188025554329854927e+01
1.188030793655966555e+01
1.188033298367266255e+01
1.188030514893427281e+01
1.188025275410417336e+01
1.188024909296317944e+01
1.188029240399974995e+01
1.188033306531263200e+01
1.188031612780890889e+01
1.188026448334493423e+01
1.188024420754943478e+01
1.188027813756978546e+01
1.188032799257137739e+01
1.188032463021443164e+01
1.188027916143514595e+01
1.188024212247360545e+01
1.188026687676146054e+01
1.188031674791831094e+01
1.188033231542668133e+01
1.188029219267916226e+01
1.188024667291677972e+01
1.188025596974996922e+01
1.188030383934978929e+01
