1.188024147592624225e+01
1.188025744310428777e+01
1.188029633930944939e+01
1.188033739279988232e+01
1.188036101375462295e+01
1.188035793517769534e+01
1.188033059241844036e+01
1.188029056844283282e+01
1.188025533759798336e+01
1.188024249557852130e+01
1.188026039626951302e+01
1.188030097875954105e+01
1.188034281995676800e+01
1.188036416302045595e+01
1.188035570815256925e+01
1.188032364937002683e+01
1.188028360872376155e+01
1.188025287054665746e+01
1.188024498988647437e+01
1.188026509932244501e+01
1.188030549946576642e+01
1.188034646402086381e+01
1.188036610343422872e+01
1.188035402901310533e+01
1.188031769944357663e+01
1.188027644025214968e+01
1.188024949799058483e+01
1.188024770861321855e+01
1.188027140703093210e+01
1.188031103216730777e+01
1.188034902472047882e+01
1.188036603946734182e+01
1.188035175991847048e+01
1.188031294757407785e+01
1.188027036430573879e+01
1.188024578167131651e+01
1.188024968456753250e+01
1.188027821131778339e+01
1.188031789306061903e+01
1.188035172839036413e+01
1.188036427962988917e+01
1.188034783750957324e+01
1.188030854569624495e+01
1.188026603824611449e+01
1.188024297519526051e+01
1.188025096775531786e+01
1.188028426790581804e+01
1.188032529826270434e+01
1.188035533537990140e+01
1.188036199038999463e+01
1.188034213670265160e+01
1.188030329700315590e+01
1.188026299734791991e+01
1.188024206957289053e+01
1.188025257407369395e+01
1.188028911743069038e+01
1.188033193012818778e+01
1.188035952629346070e+01
1.188036028448587622e+01
1.188033559610942191e+01
1.188029664143740582e+01
1.188026005379331806e+01
1.188024302643486685e+01
1.188025567937940608e+01
1.188029340460284899e+01
1.188033691163836103e+01
1.188036312679825102e+01
1.188035936804704029e+01
1.188032951681266880e+01
1.188028913411535470e+01
1.188025626446913741e+01
1.188024481465875226e+01
1.188026067261844076e+01
1.188029833715780548e+01
1.188034045081223944e+01
1.188036499394335799e+01
1.188035839168984253e+01
1.188032459398736584e+01
1.188028205421604788e+01
1.188025169335743669e+01
1.188024622355289317e+01
1.188026682475905638e+01
1.188030469296518454e+01
1.188034364276571431e+01
1.188036489406155027e+01
1.188035612018568088e+01
1.188032041578112263e+01
1.188027646148066907e+01
1.188024738587406759e+01
1.188024679936755668e+01
1.188027283237368792e+01
1.188031216845050331e+01
1.188034757131615038e+01
1.188036367698540907e+01
1.188035191885079378e+01
1.188031581903787703e+01
1.188027241494509312e+01
1.188024458711480946e+01
1.188024718802599899e+01
1.188027779322854727e+01
1.188031957595684140e+01
1.188035242994897978e+01
1.188036259916366255e+01
1.188034627576017144e+01
1.188030984390955780e+01
1.188026896260201504e+01
1.188024379257977081e+01
1.188024862870226883e+01
1.188028186744081793e+01
1.188032571750742683e+01
1.188035734580697067e+01
1.188036234296469296e+01
1.188034044182887250e+01
1.188030253020470361e+01
1.188026492873976636e+01
1.188024437212674300e+01
1.188025197251020870e+01
1.188028612034170273e+01
1.188033026868710706e+01
1.188036102516283066e+01
1.188036249369018194e+01
1.188033548909109527e+01
1.188029492466708525e+01
1.188025987136463790e+01
1.188024507855434919e+01
1.188025699334098739e+01
1.188029164939369231e+01
1.188033399456367079e+01
1.188036273242061647e+01
1.188036186304125508e+01
1.188033151703483625e+01
1.188028831356100312e+01
1.188025445439673256e+01
1.188024502987688713e+01
1.188026254601220799e+01
1.188029867915094506e+01
1.188033810937367640e+01
1.188036284941570386e+01
1.188035942218148833e+01
1.188032760664933107e+01
1.188028327357292646e+01
1.188024996506764808e+01
1.188024439182063041e+01
1.188026743337250402e+01
1.188030634730362678e+01
1.188034328365812797e+01
1.188036255900606797e+01
1.188035512568173679e+01
1.188032257335729547e+01
1.188027926210756036e+01
1.188024734692156237e+01
1.188024424972206994e+01
1.188027129984551067e+01
1.188031333279296042e+01
1.188034908973864034e+01
1.188036290509058546e+01
1.188034996383967723e+01
1.188031593917517448e+01
1.188027508196414495e+01
1.188024648413741247e+01
1.188024576356437301e+01
1.188027487661148385e+01
1.188031883070900996e+01
1.188035430105869139e+01
1.188036397793354482e+01
1.188034520893710599e+01
1.188030834590093576e+01
1.188026986422400988e+01
1.188024631122556585e+01
1.188024924774918212e+01
1.188027938087740409e+01
1.188032313594856504e+01
1.188035780698046295e+01
1.188036484203227339e+01
1.188034145834169486e+01
1.188030109454319039e+01
1.188026378282714646e+01
1.188024566763958667e+01
1.188025390986050311e+01
1.188028552154978712e+01
1.188032737371139724e+01
1.188035945161914597e+01
1.188036425803867147e+01
1.188033820155719233e+01
1.188029518476160007e+01
1.188025795227113690e+01
1.188024421101809658e+01
1.188025845621659116e+01
1.188029290407592953e+01
1.188033257192987691e+01
1.188036013502440369e+01
1.188036165706820668e+01
1.188033424434224372e+01
1.188029058359845891e+01
1.188025360260988705e+01
1.188024268693856733e+01
1.188026207237487064e+01
1.188030030158280326e+01
1.188033881692833660e+01
1.188036108361543874e+01
1.188035759899010202e+01
1.188032867965421069e+01
1.188028628975938261e+01
1.188025115511752539e+01
1.188024235923286653e+01
1.188026502531155515e+01
1.188030656132280427e+01
1.188034515251837320e+01
1.188036287717164718e+01
1.188035334386846031e+01
1.188032163846615852e+01
1.188028116310021076e+01
1.188024991633948524e+01
1.188024402531877044e+01
1.188026843207605410e+01
1.188031145188111992e+01
1.188035028145927541e+01
1.188036499154713255e+01
1.188034988947483406e+01
1.188031422227777867e+01
1.188027486160687474e+01
1.188024864842586048e+01
1.188024738256921076e+01
1.188027335587866062e+01
1.188031580455746017e+01
1.188035353513072501e+01
1.188036619354654277e+01
1.188034722450514558e+01
1.188030768912823198e+01
1.188026814344419435e+01
1.188024655923108774e+01
1.188025125886021272e+01
1.188027993405288640e+01
1.188032081946536067e+01
1.188035536857500674e+01
1.188036549305701861e+01
1.188034435932284616e+01
1.188030252588113456e+01
1.188026231838159674e+01
1.188024392942226370e+01
1.188025451495565399e+01
1.188028723668149134e+01
1.188032707834004320e+01
1.188035697565123172e+01
1.188036292211192446e+01
1.188034012330572331e+01
1.188029810962828670e+01
1.188025827373093612e+01
1.188024190825632509e+01
1.188025690547666358e+01
1.188029395270950594e+01
1.188033405224001271e+01
1.188035932642603676e+01
1.188035951390370748e+01
1.188033411781267468e+01
1.188029323546694727e+01
1.188025581417987375e+01
1.188024163431079216e+01
1.188025924855041282e+01
1.188029935984954477e+01
1.188034047356249445e+01
1.188036239524239512e+01
1.188035650113938857e+01
1.188032706186411502e+01
1.188028710855650338e+01
1.188025384400745921e+01
1.188024334745601784e+01
1.188026276867212161e+01
1.188030384393393923e+01
1.188034527418149189e+01
1.188036516572026002e+01
1.188035437603188171e+01
1.188032026503473482e+01
1.188028000686114893e+01
1.188025125792073666e+01
1.188024619900355638e+01
1.188026810690242208e+01
1.188030855918696282e+01
1.188034838018140604e+01
1.188036640096129659e+01
1.188035252804206898e+01
1.188031465528041686e+01
1.188027310302671680e+01
1.188024782582624894e+01
1.188024891543216555e+01
1.188027478558344896e+01
1.188031447705304977e+01
1.188035073921230378e+01
1.188036559998542430e+01
1.188034973420164242e+01
1.188031010196115567e+01
1.188026760076741262e+01
1.188024438821013895e+01
1.188025077817981590e+01
1.188028155137877029e+01
1.188032158144665473e+01
1.188035354269641530e+01
1.188036338927315860e+01
1.188034514064757552e+01
1.188030555466214011e+01
1.188026384088000853e+01
1.188024222629344706e+01
1.188025216345941004e+01
1.188028730918664344e+01
1.188032884325330407e+01
1.188035726617704846e+01
1.188036102831135565e+01
1.188033896342189522e+01
1.188029990991567786e+01
1.188026106744923993e+01
1.188024207973698232e+01
1.188025423778818457e+01
1.188029192782461152e+01
1.188033497377331926e+01
1.188036128015268922e+01
1.188035943198265443e+01
1.188033234688918860e+01
1.188029292218441668e+01
1.188025805649634137e+01
1.188024357246090013e+01
1.188025802847722900e+01
1.188029630575928586e+01
1.188033937950298125e+01
1.188036431419428673e+01
1.188035847482260543e+01
1.188032650797114265e+01
1.188028543428709760e+01
1.188025410802285720e+01
1.188024551408266838e+01
1.188026358986137332e+01
1.188030162762430564e+01
1.188034258975539004e+01
1.188036542271490248e+01
1.188035709847001797e+01
1.188032183505845119e+01
1.188027876608224709e+01
1.188024961433252358e+01
1.188024683217703625e+01
1.188026993511966722e+01
1.188030838862462346e+01
1.188034580561223308e+01
1.188036471436890729e+01
1.188035414893507102e+01
1.188031762272141734e+01
1.188027373885140214e+01
1.188024578086359107e+01
1.188024739586682443e+01
1.188027577621638642e+01
1.188031596710891868e+01
1.188034992048947736e+01
1.188036325792314862e+01
1.188034930461394545e+01
1.188031265967892658e+01
1.188027007471325369e+01
1.188024371753637531e+01
1.188024810888028782e+01
1.188028048334402875e+01
1.188032306692832663e+01
1.188035479524925009e+01
1.188036223761267607e+01
1.188034335253699680e+01
1.188030622405391412e+01
1.188026665043813956e+01
1.188024358829035876e+01
1.188025019959488482e+01
1.188028453683316421e+01
1.188032867363248712e+01
1.188035934018700779e+01
1.188036203533985002e+01
1.188033759805453293e+01
1.188029869053070442e+01
1.188026241911011383e+01
1.188024449381258840e+01
1.188025424168169941e+01
1.188028911892356732e+01
1.188033280035381267e+01
1.188036232925050406e+01
1.188036194116246946e+01
1.188033288658166242e+01
1.188029127770277071e+01
1.188025726137103888e+01
1.188024518931836049e+01
1.188025968185248615e+01
1.188029514467775449e+01
1.188033644093596486e+01
1.188036333293609914e+01
1.188036070723174475e+01
1.188032898484492783e+01
1.188028515073841618e+01
1.188025210550822841e+01
1.188024505798665054e+01
1.188026525250984911e+01
1.188030250152371536e+01
1.188034074861147360e+01
1.188036304060266701e+01
1.188035753413705109e+01
1.188032479373479688e+01
1.188028056295011048e+01
1.188024824093883147e+01
1.188024458543408990e+01
1.188026992772371493e+01
1.188031009900889323e+01
1.188034609532619079e+01
1.188036270321570953e+01
1.188035271745321886e+01
1.188031924716769083e+01
1.188027669581036960e+01
1.188024634398268908e+01
1.188024498366161019e+01
1.188027368282269869e+01
1.188031666987686563e+01
1.188035175268836241e+01
1.188036314636859103e+01
1.188034743314490527e+01
1.188031219164035512e+01
1.188027234218898265e+01
1.188024596673284705e+01
1.188024724129931542e+01
1.188027748381991522e+01
1.188032170450425795e+01
1.188035642270268433e+01
1.188036412941199238e+01
1.188034284509353178e+01
1.188030454396322888e+01
1.188026689443097972e+01
1.188024590751449594e+01
1.188025133317090720e+01
1.188028249860406760e+01
1.188032580833368534e+01
1.188035921168170006e+01
1.188036452912478502e+01
1.188033923570560368e+01
1.188029762084483920e+01
1.188026085083861538e+01
1.188024516742641801e+01
1.188025622553966265e+01
1.188028913880908277e+01
1.188033018719112555e+01
1.188036030548089883e+01
1.188036321219451175e+01
1.188033581566389962e+01
1.188029216723217196e+01
1.188025546322906223e+01
1.188024373197392158e+01
1.188026066537068814e+01
1.188029669955352752e+01
1.188033565692836291e+01
1.188036080276135564e+01
1.188035993266194268e+01
1.188033136885840335e+01
1.188028781900630193e+01
1.188025180399400860e+01
1.188024258698033897e+01
1.188026412390337505e+01
1.188030386936269878e+01
1.188034196961752897e+01
1.188036183249754707e+01
1.188035553716328252e+01
1.188032524485660346e+01
1.188028342710489227e+01
1.188024995833558606e+01
1.188024295970854993e+01
1.188026717842390845e+01
1.188030969902236400e+01
1.188034797187635938e+01
1.188036366358357654e+01
1.188035131511460918e+01
1.188031790700740231e+01
1.188027800444809223e+01
1.188024898040278821e+01
1.188024535580080610e+01
1.188027103764332537e+01
1.188031429418367502e+01
1.188035245855407851e+01
1.188036548964150718e+01
1.188034801995920553e+01
1.188031060700961916e+01
1.188027153876623743e+01
1.188024766071536220e+01
1.188024915289787842e+01
1.188027656046358160e+01
1.188031869426784759e+01
1.188035507657999901e+01
1.188036604359302295e+01
1.188034531218412226e+01
1.188030445897483389e+01
1.188026503695111202e+01
1.188024548761473831e+01
1.188025308021904358e+01
1.188028354429675026e+01
1.188032401253219206e+01
1.188035657593265171e+01
1.188036458302845411e+01
1.188034204525389903e+01
1.188029962151704311e+01
1.188025978572932218e+01
1.188024305384075596e+01
1.188025619104266184e+01
1.188029084948054859e+01
1.188033051990287703e+01
1.188035819300075424e+01
1.188036147854283442e+01
1.188033719136268296e+01
1.188029521281289114e+01
1.188025639112862919e+01
1.188024161089547803e+01
1.188025857193876611e+01
1.188029724332043457e+01
1.188033739760968288e+01
1.188036066006689317e+01
1.188035792759705345e+01
1.188033068428025629e+01
1.188029004442947745e+01
1.188025433365281458e+01
1.188024210449226103e+01
1.188026125571429858e+01
1.188030230887202698e+01
1.188034333147102828e+01
1.188036362279872016e+01
1.188035503064927134e+01
1.188032350372496460e+01
1.188028359953174196e+01
1.188025240554585693e+01
1.188024443229019411e+01
1.188026539176260421e+01
1.188030672984425351e+01
1.188034748841652721e+01
1.188036589915296481e+01
1.188035295832686344e+01
1.188031694987679643e+01
1.188027647482391025e+01
1.188024968586913666e+01
1.188024752242152893e+01
1.188027131117699753e+01
1.188031171517389417e+01
1.188035013337702317e+01
1.188036638216481222e+01
1.188035083746703791e+01
1.188031168115863778e+01
1.188026995698351307e+01
1.188024627584262127e+01
1.188025016726621175e+01
1.188027823560112139e+01
1.188031800370932345e+01
1.188035239083813721e+01
1.188036490138180667e+01
1.188034744946829413e+01
1.188030724351393275e+01
1.188026507067526438e+01
1.188024323756432032e+01
1.188025194583673461e+01
1.188028485151157021e+01
1.188032524525260669e+01
1.188035532986560661e+01
1.188036235588373302e+01
1.188034221401416346e+01
1.188030246317321925e+01
1.188026181835299333e+01
1.188024179039734562e+01
1.188025353318027300e+01
1.188029028624277572e+01
1.188033223408459449e+01
1.188035910617293034e+01
1.188036000901547418e+01
1.188033567495291365e+01
1.188029641315405271e+01
1.188025921025423770e+01
1.188024236994350424e+01
1.188025616185599631e+01
1.188029474323356460e+01
1.188033779731521555e+01
1.188036282233752061e+01
1.188035851474248261e+01
1.188032910427148892e+01
1.188028918297411707e+01
1.188025607679464102e+01
1.188024429004366844e+01
1.188026063436840474e+01
1.188029930712579407e+01
1.188034166437375383e+01
1.188036519964189175e+01
1.188035742557445218e+01
1.188032355287027286e+01
1.188028184728939962e+01
1.188025201245302398e+01
1.188024628624342505e+01
1.188026666450466884e+01
1.188030505032505424e+01
1.188034464490171160e+01
1.188036555670875671e+01
1.188035555018271872e+01
1.188031907786641028e+01
1.188027567796626194e+01
1.188024771232616317e+01
1.188024749909839883e+01
1.188027307539836208e+01
1.188031214676017200e+01
1.188034795645031849e+01
1.188036433597087616e+01
1.188035190066405811e+01
1.188031473348993927e+01
1.188027120276376891e+01
1.188024445936188300e+01
1.188024812911029215e+01
1.188027868158345335e+01
1.188031969735215831e+01
1.188035223629767145e+01
1.188036274783178570e+01
1.188034649358328210e+01
1.188030935125157939e+01
1.188026782969062722e+01
1.188024315052808078e+01
1.188024927350120485e+01
1.188028316698596143e+01
1.188032638436389909e+01
1.188035702043536546e+01
1.188036182091864035e+01
1.188034036071139177e+01
1.188030250241489938e+01
1.188026434852457314e+01
1.188024360728823758e+01
1.188025206041838189e+01
1.188028729540482331e+01
1.188033144499968685e+01
1.188036107622110116e+01
1.188036161045711658e+01
1.188033477285008743e+01
1.188029487305407805e+01
1.188025991856416397e+01
1.188024472689677324e+01
1.188025674294490841e+01
1.188029227754895878e+01
1.188033522612151138e+01
1.188036333040217585e+01
1.188036116135089060e+01
1.188033029247844219e+01
1.188028777197765784e+01
1.188025475360733196e+01
1.188024535561044459e+01
1.188026247864983098e+01
1.188029877675327306e+01
1.188033887535824284e+01
1.188036368931268427e+01
1.188035925611167087e+01
1.188032637248439727e+01
1.188028216505815138e+01
1.188024998393948017e+01
1.188024518468747459e+01
1.188026796463534751e+01
1.188030634834563593e+01
1.188034339919135007e+01
1.188036309881854002e+01
1.188035538393373969e+01
1.188032181553722211e+01
1.188027796716464302e+01
1.188024681244811021e+01
1.188024498566394449e+01
1.188027241519143828e+01
1.188031374675988161e+01
1.188034884236900268e+01
1.188036278796016454e+01
1.188035016149027001e+01
1.188031575437695686e+01
1.188027414607704557e+01
1.188024560122209117e+01
1.188024601080323706e+01
1.188027613598490362e+01
1.188031984351996861e+01
1.188035422413057063e+01
1.188036330601073587e+01
1.188034486890763830e+01
1.188030837392780370e+01
1.188026957494754754e+01
1.188024560409278862e+01
1.188024900502577808e+01
1.188028025619431816e+01
1.188032445729326625e+01
1.188035826358436609e+01
1.188036409801747340e+01
1.188034048273083876e+01
1.188030080470200289e+01
1.188026395311457684e+01
1.188024557060343867e+01
1.188025360424092369e+01
1.188028580683240421e+01
1.188032845738108989e+01
1.188036034591297252e+01
1.188036393225540976e+01
1.188033695283239055e+01
1.188029429080477506e+01
1.188025807094601660e+01
1.188024473437394413e+01
1.188025860564149205e+01
1.188029286970664700e+01
1.188033303975071320e+01
1.188036098365316562e+01
1.188036186352420032e+01
1.188033326947591739e+01
1.188028927321937545e+01
1.188025323283449453e+01
1.188024341014969032e+01
1.188026288256411966e+01
1.188030047645503906e+01
1.188033874706233384e+01
1.188036139335543062e+01
1.188035798750789773e+01
1.188032828534062268e+01
1.188028508581953169e+01
1.188025027964008729e+01
1.188024275520663409e+01
1.188026622675683086e+01
1.188030731907833371e+01
1.188034501192020365e+01
1.188036252564290862e+01
1.188035337799048285e+01
1.188032165646781202e+01
1.188028051827172149e+01
1.188024895617982146e+01
1.188024387229927825e+01
1.188026948301618191e+01
1.188031271511052012e+01
1.188035056130149947e+01
1.188036431917808677e+01
1.188034926469530816e+01
1.188031414845261935e+01
1.188027481052105472e+01
1.188024813441285943e+01
1.188024693806065457e+01
1.188027386219546599e+01
1.188031709671728464e+01
1.188035436459356298e+01
1.188036574102228826e+01
1.188034610613228281e+01
1.188030707891023496e+01
1.188026828361466158e+01
1.188024672078302757e+01
1.188025105448360641e+01
1.188027995393464842e+01
1.188032163298986532e+01
1.188035640757968103e+01
1.188036558001538623e+01
1.188034326020162013e+01
1.188030134357231837e+01
1.188026212591859476e+01
1.188024452077893756e+01
1.188025494077473532e+01
1.188028722752951793e+01
1.188032726677601225e+01
1.188035767882804805e+01
1.188036339539402064e+01
1.188033950776024916e+01
1.188029676457827222e+01
1.188025751367546512e+01
1.188024239881714550e+01
1.188025790707425067e+01
1.188029441056842472e+01
1.188033393613366329e+01
1.188035936688439342e+01
1.188035986997161508e+01
1.188033404085508415e+01
1.188029226797130633e+01
1.188025473063847848e+01
1.188024162090984603e+01
1.188026036429330468e+01
1.188030043132065217e+01
1.188034058668209880e+01
1.188036191358540172e+01
1.188035628109199315e+01
1.188032713298670195e+01
1.188028677112230369e+01
1.188025297294486293e+01
1.188024287190127737e+01
1.188026348455939107e+01
1.188030520453996353e+01
1.188034594643329456e+01
1.188036465948907683e+01
1.188035352139404566e+01
1.188031995819785358e+01
1.188028007507280925e+01
1.188025100989440652e+01
1.188024571448100808e+01
1.188026825669995823e+01
1.188030965965139174e+01
1.188034947396845808e+01
1.188036633887012883e+01
1.188035142939051170e+01
1.188031371984167528e+01
1.188027305641131193e+01
1.188024817155731760e+01
1.188024892990670978e+01
1.188027467550526950e+01
1.188031496937190390e+01
1.188035175156325884e+01
1.188036605349987340e+01
1.188034893255660940e+01
1.188030876368728883e+01
1.188026702934891610e+01
1.188024488470652251e+01
1.188025146024850187e+01
1.188028171465563076e+01
1.188032158379449221e+01
1.188035399688606830e+01
1.188036397569214841e+01
1.188034490651501685e+01
1.188030434763080834e+01
1.188026276999642405e+01
1.188024236014838309e+01
1.188025321022877989e+01
1.188028808918775603e+01
1.188032884030260838e+01
1.188035707867805257e+01
1.188036121248632959e+01
1.188033908877549649e+01
1.188029926279677717e+01
1.188025994480959469e+01
1.188024166947038474e+01
1.188025510508245475e+01
1.188029320678947087e+01
1.188033543733083519e+01
1.188036082043034725e+01
1.188035894249101077e+01
1.188033231444075000e+01
1.188029282877452708e+01
1.188025740442505196e+01
1.188024291312598457e+01
1.188025835333682068e+01
1.188029758825079263e+01
1.188034039707698142e+01
1.188036411775372159e+01
1.188035751414798469e+01
1.188032589668014616e+01
1.188028546678525288e+01
1.188025411963396749e+01
1.188024514471763027e+01
1.188026347249163983e+01
1.188030242293480221e+01
1.188034378858998430e+01
1.188036577280879769e+01
1.188035619015329836e+01
1.188032065010275140e+01
1.188027841157461850e+01
1.188025000961874689e+01
1.188024711537076961e+01
1.188026985425663362e+01
1.188030859014587648e+01
1.188034664050062794e+01
1.188036541679324642e+01
1.188035373243424253e+01
1.188031629926705079e+01
1.188027280135821329e+01
1.188024602566789234e+01
1.188024823796252605e+01
1.188027621221947427e+01
1.188031592710271234e+01
1.188035009665037300e+01
1.188036379331442660e+01
1.188034939245368982e+01
1.188031172901129295e+01
1.188026883568081793e+01
1.188024343967025587e+01
1.188024902973854324e+01
1.188028154324120500e+01
1.188032331706242317e+01
1.188035449114000386e+01
1.188036216765772757e+01
1.188034352563101947e+01
1.188030590156366628e+01
1.188026565402644685e+01
1.188024287241544030e+01
1.188025070277891793e+01
1.188028586449437540e+01
1.188032950919527941e+01
1.188035906547403897e+01
1.188036134105475661e+01
1.188033733745698584e+01
1.188029871514797620e+01
1.188026204942364217e+01
1.188024381666097362e+01
1.188025420214667172e+01
1.188029016588718001e+01
1.188033404326489517e+01
1.188036252836350037e+01
1.188036103864581605e+01
1.188033197811965636e+01
1.188029112206803006e+01
1.188025744946252971e+01
1.188024504611443533e+01
1.188025944035122450e+01
1.188029559576097327e+01
1.188033757202022045e+01
1.188036403439772393e+01
1.188036012796765206e+01
1.188032769044889569e+01
1.188028443358561503e+01
1.188025238825399654e+01
1.188024557945854376e+01
1.188026534409400270e+01
1.188030251481594135e+01
1.188034131079808731e+01
1.188036383142646280e+01
1.188035751041123689e+01
1.188032365491420350e+01
1.188027935156897463e+01
1.188024812146847964e+01
1.188024543731316562e+01
1.188027066408588084e+01
1.188031017471502082e+01
1.188034604473273248e+01
1.188036305257104353e+01
1.188035300221740975e+01
1.188031866544155690e+01
1.188027546147108460e+01
1.188024568208459542e+01
1.188024562288585528e+01
1.188027490710958389e+01
1.188031725827986307e+01
1.188035148597576551e+01
1.188036281731056398e+01
1.188034749844061722e+01
1.188031211940939080e+01
1.188027159521942622e+01
1.188024509322168676e+01
1.188024733860265592e+01
1.188027868523502839e+01
1.188032285145015088e+01
1.188035646729843009e+01
1.188036336023292527e+01
1.188034229527744046e+01
1.188030452996116892e+01
1.188026679016208220e+01
1.188024536573012924e+01
1.188025103059330334e+01
1.188028320682141548e+01
1.188032711111021911e+01
1.188035981292247634e+01
1.188036385072995316e+01
1.188033811625331460e+01
1.188029716548961368e+01
1.188026107628781070e+01
1.188024529050330180e+01
1.188025602084033849e+01
1.188028928828689601e+01
1.188033110444697371e+01
1.188036122937165828e+01
1.188036303623600354e+01
1.188033458441343804e+01
1.188029111411740146e+01
1.188025548348869442e+01
1.188024438769711821e+01
1.188026102098444525e+01
1.188029667284761892e+01
1.188033592811493300e+01
1.188036151720366540e+01
1.188036022873773234e+01
1.188033054432217384e+01
1.188028648471815529e+01
1.188025127983636153e+01
1.188024327969878691e+01
1.188026510719471318e+01
1.188030419360302581e+01
1.188034181039897774e+01
1.188036192225772325e+01
1.188035585963891805e+01
1.188032500344066555e+01
1.188028236026139695e+01
1.188024901661639454e+01
1.188024321375930370e+01
1.188026840425129294e+01
1.188031063374341301e+01
1.188034790144904385e+01
1.188036314919119363e+01
1.188035115464646729e+01
1.188031795189125539e+01
1.188027755999821977e+01
1.188024811848200812e+01
1.188024508838560855e+01
1.188027196220528658e+01
1.188031562243116035e+01
1.188035289472967726e+01
1.188036481017125645e+01
1.188034719957914476e+01
1.188031040634755087e+01
1.188027160806970528e+01
1.188024735817841560e+01
1.188024873767024481e+01
1.188027690385379209e+01
1.188031988429380803e+01
1.188035600498242061e+01
1.188036571764769178e+01
1.188034412794024064e+01
1.188030366181529907e+01
1.188026513901579762e+01
1.188024583660102351e+01
1.188025305139509946e+01
1.188028350419497059e+01
1.188032463010745410e+01
1.188035755590834874e+01
1.188036480302673858e+01
1.188034104231524957e+01
1.188029833613368069e+01
1.188025944278188462e+01
1.188024369070354069e+01
1.188025682731658605e+01
1.188029093937456082e+01
1.188033056150078082e+01
1.188035870123136561e+01
1.188036195956552454e+01
1.188033674113239790e+01
1.188029393066813633e+01
1.188025550478804604e+01
1.188024199701346362e+01
1.188025967875890743e+01
1.188029788999401681e+01
1.188033728524996491e+01
1.188036049547729611e+01
1.188035813370227345e+01
1.188033069745592485e+01
1.188028926030150778e+01
1.188025326830325668e+01
1.188024194645639930e+01
1.188026231046912784e+01
1.188030351683077335e+01
1.188034358183774586e+01
1.188036305811069226e+01
1.188035459343664790e+01
1.188032350755941380e+01
1.188028342957064787e+01
1.188025170547850884e+01
1.188024391338366570e+01
1.188026594786337320e+01
1.188030806939684325e+01
1.188034830780747875e+01
1.188036546946359984e+01
1.188035196286299033e+01
1.188031646036502131e+01
1.188027657438826701e+01
1.188024965275242550e+01
1.188024715684166566e+01
1.188027134510013205e+01
1.188031265260479508e+01
1.188035124968112299e+01
1.188036646873046109e+01
1.188034976108350271e+01
1.188031058177974941e+01
1.188026979305444009e+01
1.188024673961150057e+01
1.188025039724718823e+01
1.188027815857893899e+01
1.188031831475134581e+01
1.188035326259164393e+01
1.188036543085972951e+01
1.188034679428774076e+01
1.188030588352735073e+01
1.188026433859777953e+01
1.188024368993480984e+01
1.188025279909876453e+01
1.188028518373509002e+01
1.188032518204381560e+01
1.188035556747609789e+01
1.188036285845197426e+01
1.188034211586590949e+01
1.188030139180229838e+01
1.188026068609214647e+01
1.188024177937076153e+01
1.188025459826396713e+01
1.188029125059869173e+01
1.188033232285546070e+01
1.188035876967216176e+01
1.188035998754479117e+01
1.188033580241827281e+01
1.188029595354857371e+01
1.188025819256334970e+01
1.188024185559719115e+01
1.188025690334230333e+01
1.188029608577208407e+01
1.188033842725279143e+01
1.188036237130198636e+01
1.188035783012417568e+01
1.188032892346187097e+01
1.188028918689096258e+01
1.188025563460788447e+01
1.188024367691947347e+01
1.188026080980889532e+01
1.188030048729529042e+01
1.188034277866916533e+01
1.188036513672912164e+01
1.188035640585948904e+01
1.188032274456393544e+01
1.188028181809947981e+01
1.188025219862859849e+01
1.188024610489562249e+01
1.188026651055635874e+01
1.188030565988415077e+01
1.188034577819881221e+01
1.188036603324708196e+01
1.188035474052235330e+01
1.188031779009035027e+01
1.188027515928443201e+01
1.188024813580413230e+01
1.188024799394116293e+01
1.188027311646524709e+01
1.188031222311411916e+01
1.188034859629336992e+01
1.188036503073134220e+01
1.188035163964423369e+01
1.188031347436979424e+01
1.188027013819665711e+01
1.188024458905226943e+01
1.188024906936387737e+01
1.188027931910313661e+01
1.188031968601141664e+01
1.188035221885928117e+01
1.188036311981068138e+01
1.188034665020976632e+01
1.188030859648043602e+01
1.188026661463275069e+01
1.188024273063599523e+01
1.188025012821588078e+01
1.188028436469225468e+01
1.188032678880972348e+01
1.188035665148447428e+01
1.188036153081243640e+01
1.188034044292951918e+01
1.188030232770689665e+01
1.188026352467040780e+01
1.188024286131651053e+01
1.188025240985042785e+01
1.188028859978038554e+01
1.188033243174801790e+01
1.188036089206011958e+01
1.188036078213970370e+01
1.188033431441974486e+01
1.188029490351344997e+01
1.188025975409410684e+01
1.188024418260389936e+01
1.188025660620454893e+01
1.188029316629855536e+01
1.188033648700067246e+01
1.188036367968338780e+01
1.188036028850617676e+01
1.188032921685634413e+01
1.188028747897898896e+01
1.188025504134198229e+01
1.188024543269033728e+01
1.188026229377849319e+01
1.188029906379651379e+01
1.188033986314291113e+01
1.188036445618482162e+01
1.188035882108075825e+01
1.188032505894822499e+01
1.188028127979051618e+01
1.188025020570732693e+01
1.188024587130084342e+01
1.188026824246805724e+01
1.188030632142629628e+01
1.188034375253051955e+01
1.188036379197574632e+01
1.188035548072144820e+01
1.188032081003377449e+01
1.188027669723423863e+01
1.188024654245993261e+01
1.188024584671598127e+01
1.188027334125553836e+01
1.188031393670922320e+01
1.188034866074036344e+01
1.188036292522212101e+01
1.188035042553562270e+01
1.188031534574771797e+01
1.188027302012985587e+01
1.188024484261319280e+01
1.188024652278129878e+01
1.188027742140652343e+01
1.188032060918667376e+01
1.188035398521802222e+01
1.188036278673697588e+01
1.188034476681577623e+01
1.188030837458893707e+01
1.188026903218157138e+01
1.188024478989855659e+01
1.188024896477819503e+01
1.188028135543807728e+01
1.188032570027978174e+01
1.188035845133780199e+01
1.188036328013314247e+01
1.188033972829219920e+01
1.188030070463017829e+01
1.188026400646340264e+01
1.188024522470841760e+01
1.188025328644575396e+01
1.188028634066856348e+01
1.188032969088443380e+01
1.188036106978633555e+01
1.188036335738202887e+01
1.188033573240528362e+01
1.188029365706227125e+01
1.188025830387085868e+01
1.188024506564477534e+01
1.188025854308644824e+01
1.188029291685094258e+01
1.188033376563381616e+01
1.188036188808313298e+01
1.188036183506195975e+01
1.188033210424645958e+01
1.188028809119680496e+01
1.188025312461861560e+01
1.188024415307878812e+01
1.188026344956845826e+01
1.188030050396147175e+01
1.188033884007765728e+01
1.188036193543616115e+01
1.188035833315578138e+01
1.188032762848482626e+01
1.188028377905266453e+01
1.188024961344128982e+01
1.188024337385171592e+01
1.188026734703080578e+01
1.188030781493130839e+01
1.188034480948732963e+01
1.188036239704642760e+01
1.188035358879537640e+01
1.188032154222087833e+01
1.188027962217009481e+01
1.188024799426396072e+01
1.188024397655466657e+01
1.188027068246115903e+01
1.188031380563531592e+01
1.188035059813270422e+01
1.188036368176113733e+01
1.188034889436198860e+01
1.188031417321037253e+01
1.188027455778629715e+01
1.188024741493378400e+01
1.188024658989518478e+01
1.188027463363691361e+01
1.188031844005820759e+01
1.188035495491859628e+01
1.188036510177306759e+01
1.188034511802904447e+01
1.188030672085552375e+01
1.188026843073772554e+01
1.188024663848311491e+01
1.188025071658596410e+01
1.188028015116650593e+01
1.188032267993361302e+01
1.188035739391499490e+01
1.188036539839093564e+01
1.188034206086070910e+01
1.188030037071565026e+01
1.188026214745659459e+01
1.188024502438305596e+01
1.188025511214474150e+01
1.188028717284033320e+01
1.188032768680032802e+01
1.188035855142075903e+01
1.188036372272633834e+01
1.188033863602996476e+01
1.188029542237482872e+01
1.188025701224562880e+01
1.188024303221943967e+01
1.188025873529347010e+01
1.188029463697147925e+01
1.188033386803052949e+01
1.188035966135841370e+01
1.188036031035942841e+01
1.188033374897380412e+01
1.188029109526121907e+01
1.188025375217462631e+01
1.188024187577085478e+01
1.188026152775346311e+01
1.188030126585726798e+01
1.188034052391603979e+01
1.188036156834790624e+01
1.188035630430580802e+01
1.188032719452635000e+01
1.188028618226958599e+01
1.188025197621314177e+01
1.188024258580877834e+01
1.188026443652401021e+01
1.188030650838639346e+01
1.188034635178322773e+01
1.188036406023420355e+01
1.188035287543723229e+01
1.188031985204628072e+01
1.188028004253223457e+01
1.188025050893026702e+01
1.188024519879407670e+01
1.188026864976953156e+01
1.188031092803307764e+01
1.188035041466164898e+01
1.188036602039632506e+01
1.188035033740747259e+01
1.188031303838511832e+01
1.188027314009078594e+01
1.188024833841941152e+01
1.188024872306073298e+01
1.188027462982084970e+01
1.188031572196446639e+01
1.188035284007233372e+01
1.188036628203804135e+01
1.188034792520242178e+01
1.188030753359455893e+01
1.188026672150756013e+01
1.188024542066246525e+01
1.188025190770086148e+01
1.188028171673478006e+01
1.188032173516733181e+01
1.188035469178214143e+01
1.188036453843258933e+01
1.188034441120558427e+01
1.188030301747247641e+01
1.188026189367549890e+01
1.188024272743277976e+01
1.188025419653179782e+01
1.188028860933870590e+01
1.188032875808555389e+01
1.188035710450864180e+01
1.188036158625534000e+01
1.188033909750682326e+01
1.188029835794291067e+01
1.188025879917063143e+01
1.188024151004520590e+01
1.188025613881231912e+01
1.188029433101404386e+01
1.188033565202556829e+01
1.188036037618689811e+01
1.188035870315011522e+01
1.188033239664414609e+01
1.188029254454662897e+01
1.188025653458828934e+01
1.188024233161510423e+01
1.188025894597028120e+01
1.188029894363388550e+01
1.188034118704789854e+01
1.188036372081057479e+01
1.188035666480759645e+01
1.188032553972326077e+01
1.188028552421693540e+01
1.188025389292041289e+01
1.188024462597147846e+01
1.188026351909328149e+01
1.188030346213975363e+01
1.188034495601620044e+01
1.188036585697055614e+01
1.188035516180176998e+01
1.188031965955777025e+01
1.188027828046230638e+01
1.188025033547330267e+01
1.188024714397871051e+01
1.188026971034773105e+01
1.188030901598740208e+01
1.188034766051966251e+01
1.188036599030635188e+01
1.188035305314410728e+01
1.188031495639309298e+01
1.188027211459310983e+01
1.188024642951325482e+01
1.188024892305100977e+01
1.188027641053877659e+01
1.188031591743368587e+01
1.188035052564316985e+01
1.188036443111068152e+01
1.188034927585620970e+01
1.188031057902786003e+01
1.188026768132133881e+01
1.188024343131109184e+01
1.188025001920576251e+01
1.188028237774231322e+01
1.188032337883838707e+01
1.188035430710765183e+01
1.188036234550680703e+01
1.188034370724566635e+01
1.188030533096376828e+01
1.188026451347611712e+01
1.188024233119187656e+01
1.188025145235149793e+01
1.188028715733867990e+01
1.188033008183672123e+01
1.188035867981506932e+01
1.188036084233200640e+01
1.188033728750357199e+01
1.188029865549739306e+01
1.188026142354981829e+01
1.188024308886720881e+01
1.188025439879118395e+01
1.188029139794020494e+01
1.188033515182211985e+01
1.188036246601062906e+01
1.188036012167217415e+01
1.188033131605691395e+01
1.188029111167605123e+01
1.188025747227663231e+01
1.188024467287280928e+01
1.188025924542278489e+01
1.188029630796318692e+01
1.188033879972531359e+01
1.188036452284528544e+01
1.188035932936316996e+01
1.188032648348226061e+01
1.188028398007931941e+01
1.188025272929799669e+01
1.188024587561697842e+01
1.188026526130834881e+01
1.188030266263382018e+01
1.188034212125668354e+01
1.188036461858638226e+01
1.188035722885586765e+01
1.188032237338717856e+01
1.188027831842770254e+01
1.188024824412372737e+01
1.188024624919826699e+01
1.188027114395690731e+01
1.188031015446005334e+01
1.188034619726457919e+01
1.188036360401028624e+01
1.188035318705493282e+01
1.188031782094831001e+01
1.188027418251807354e+01
1.188024526241997414e+01
1.188024644494645088e+01
1.188027599539504742e+01
1.188031759376407592e+01
1.188035121583173925e+01
1.188036273331528037e+01
1.188034769413244618e+01
1.188031186814891527e+01
1.188027061889670577e+01
1.188024427786768022e+01
1.188024770425137966e+01
1.188027998075285652e+01
1.188032378407108602e+01
1.188035629946577743e+01
1.188036268342442270e+01
1.188034200076584668e+01
1.188030455852099543e+01
1.188026645387518165e+01
1.188024465888046066e+01
1.188025087720513540e+01
1.188028416797976305e+01
1.188032840437695903e+01
1.188036015314163407e+01
1.188036303378143188e+01
1.188033717523522270e+01
1.188029694135003567e+01
1.188026125040359382e+01
1.188024515964892025e+01
1.188025573555390935e+01
1.188028965359089639e+01
1.188033222197145555e+01
1.188036204284039599e+01
1.188036259298498010e+01
1.188033331173046037e+01
1.188029030201860792e+01
1.188025567740807631e+01
1.188024490304402114e+01
1.188026113371996573e+01
1.188029665877883367e+01
1.188033645004134620e+01
1.188036235223564319e+01
1.188036033256165247e+01
1.188032948773021147e+01
1.188028521380181957e+01
1.188025102416732715e+01
1.188024406089050267e+01
1.188026587766933062e+01
1.188030431831159817e+01
1.188034175481157106e+01
1.188036226362563852e+01
1.188035620914418899e+01
1.188032451866707007e+01
1.188028113120224738e+01
1.188024823302342448e+01
1.188024372246330884e+01
1.188026961719904406e+01
1.188031131133978491e+01
1.188034770342280844e+01
1.188036281678327910e+01
1.188035121396830185e+01
1.188031792941024634e+01
1.188027685708947345e+01
1.188024718604271079e+01
1.188024504812212179e+01
1.188027308779248159e+01
1.188031683619223600e+01
1.188035306654914791e+01
1.188036409585494546e+01
1.188034661692205063e+01
1.188031036490292536e+01
1.188027152609137360e+01
1.188024681751592837e+01
1.188024835041940186e+01
1.188027750761062151e+01
1.188032119122656738e+01
1.188035673426239391e+01
1.188036516065334602e+01
1.188034301013609451e+01
1.188030312662681354e+01
1.188026531729360258e+01
1.188024597018744188e+01
1.188025283557516865e+01
1.188028358333936119e+01
1.188032550252752984e+01
1.188035855294103627e+01
1.188036477065397811e+01
1.188033987814755577e+01
1.188029721134589067e+01
1.188025934861299504e+01
1.188024430760430761e+01
1.188025721154095038e+01
1.188029091722966690e+01
1.188033079534994130e+01
1.188035942356200536e+01
1.188036235849210165e+01
1.188033602478931527e+01
1.188029258222740658e+01
1.188025484999330494e+01
1.188024258063614269e+01
1.188026066877037756e+01
1.188029828129839416e+01
1.188033715111297894e+01
1.188036057014536340e+01
1.188035848570716446e+01
1.188033054450490766e+01
1.188028823617798935e+01
1.188025224043318495e+01
1.188024205512740394e+01
1.188026347969853980e+01
1.188030452520538560e+01
1.188034360968002545e+01
1.188036256697962045e+01
1.188035441148440796e+01
1.188032357135016959e+01
1.188028303478897918e+01
1.188025082493180307e+01
1.188024352742069745e+01
1.188026676424670214e+01
1.188030942165734949e+01
1.188034887324963051e+01
1.188036488419214010e+01
1.188035112921747505e+01
1.188031620848931880e+01
1.188027664051818277e+01
1.188024936712494473e+01
1.188024669304232184e+01
1.188027158495321878e+01
1.188031380459660191e+01
1.188035227534928140e+01
1.188036628573636833e+01
1.188034862184539975e+01
1.188030971215939324e+01
1.188026981585031550e+01
1.188024707975302263e+01
1.188025038004141365e+01
1.188027807633954858e+01
1.188031887337970183e+01
1.188035427308632386e+01
1.188036578202749283e+01
1.188034589596585455e+01
1.188030456504057142e+01
1.188026387182484456e+01
1.188024424943617952e+01
1.188025345289909041e+01
1.188028530639324032e+01
1.188032520586662066e+01
1.188035605973345810e+01
1.188036340699955495e+01
1.188034178075183256e+01
1.188030014082992558e+01
1.188025969388240810e+01
1.188024202908195903e+01
1.188025567207220945e+01
1.188029196518794173e+01
1.188033226860954095e+01
1.188035860122001708e+01
1.188036019430397872e+01
1.188033587996551610e+01
1.188029523438597046e+01
1.188025708424344984e+01
1.188024155738350629e+01
1.188025786025091968e+01
1.188029733449172909e+01
1.188033879203993237e+01
1.188036186592872312e+01
1.188035737368768530e+01
1.188032891501432253e+01
1.188028905400869029e+01
1.188025494691179773e+01
1.188024307238376309e+01
1.188026124305145181e+01
1.188030180415886861e+01
1.188034370949100271e+01
1.188036483311256397e+01
1.188035543166800956e+01
1.188032219504300713e+01
1.188028188215884384e+01
1.188025217987326698e+01
1.188024572440219551e+01
1.188026645966224315e+01
1.188030652963479739e+01
1.188034694978781225e+01
1.188036626503911641e+01
1.188035375247490499e+01
1.188031664426521594e+01
1.188027489408606563e+01
1.188024855877613639e+01
1.188024824207016650e+01
1.188027302990224143e+01
1.188031248005917995e+01
1.188034946165710437e+01
1.188036566236284131e+01
1.188035111108385600e+01
1.188031212754175669e+01
1.188026929258258590e+01
1.188024492905891627e+01
1.188024991216771831e+01
1.188027970019555823e+01
1.188031963505397570e+01
1.188035243416382869e+01
1.188036365298436081e+01
1.188034665486901176e+01
1.188030759228523969e+01
1.188026541557824700e+01
1.188024257354812185e+01
1.188025111663229438e+01
1.188028537870771117e+01
1.188032696237131347e+01
1.188035633753331055e+01
1.188036149505191297e+01
1.188034060238316059e+01
1.188030193641922061e+01
1.188026250535683204e+01
1.188024223058776307e+01
1.188025302495809754e+01
1.188028993905316710e+01
1.188033317360772223e+01
1.188036053689454263e+01
1.188036009864322828e+01
1.188033409883407288e+01
1.188029491831393614e+01
1.188025933934251732e+01
1.188024352236763725e+01
1.188025666394310598e+01
1.188029428275803312e+01
1.188033767809828589e+01
1.188036375942663803e+01
1.188035933227400065e+01
1.188032835848181357e+01
1.188028738430933018e+01
1.188025522224590880e+01
1.188024525906178930e+01
1.188026208557034202e+01
1.188029959402381230e+01
1.188034100758534350e+01
1.188036506042667639e+01
1.188035813373044292e+01
1.188032376481846875e+01
1.188028065464850691e+01
1.188025055195597801e+01
1.188024637236151904e+01
1.188026830167790671e+01
1.188030636468941914e+01
1.188034436269882121e+01
1.188036455047348916e+01
1.188035534873923993e+01
1.188031960855601277e+01
1.188027554796727436e+01
1.188024653706330191e+01
1.188024673748038040e+01
1.188027402620247841e+01
1.188031396936630024e+01
1.188034863289790977e+01
1.188036329850084449e+01
1.188035065775929766e+01
1.188031467785870277e+01
1.188027178344185408e+01
1.188024428715039349e+01
1.188024726278336729e+01
1.188027863413192975e+01
1.188032111083899167e+01
1.188035367345735516e+01
1.188036248541930107e+01
1.188034484953913150e+01
1.188030825354091924e+01
1.188026823736694126e+01
1.188024396416476236e+01
1.188024917778198919e+01
1.188028261032610011e+01
1.188032677695594508e+01
1.188035839083389611e+01
1.188036248719244981e+01
1.188033922818481969e+01
1.188030071406044641e+01
1.188026386591839056e+01
1.188024466798500178e+01
1.188025305449618685e+01
1.188028713856416552e+01
1.188033098416991074e+01
1.188036155867609622e+01
1.188036258858497440e+01
1.188033463461692030e+01
1.188029327971741012e+01
1.188025855510947260e+01
1.188024515629691891e+01
1.188025833768095652e+01
1.188029313199480264e+01
1.188033472767778953e+01
1.188036274941472037e+01
1.188036153973262010e+01
1.188033083051655936e+01
1.188028711387096692e+01
1.188025323763230290e+01
1.188024481784820097e+01
1.188026376026802566e+01
1.188030047441771941e+01
1.188033915855366018e+01
1.188036265376614331e+01
1.188035854235712208e+01
1.188032671427133025e+01
1.188028246629155760e+01
1.188024920391073991e+01
1.188024414403097495e+01
1.188026830034483439e+01
1.188030807312754078e+01
1.188034464378739408e+01
1.188036252109680646e+01
1.188035389409521692e+01
1.188032122085185804e+01
1.188027851628813636e+01
1.188024712852358533e+01
1.188024434974144583e+01
1.188027193861207387e+01
1.188031466208144771e+01
1.188035045017685754e+01
1.188036317198803538e+01
1.188034877104811571e+01
1.188031420007063943e+01
1.188027405791328306e+01
1.188024656176442662e+01
1.188024642309598633e+01
1.188027564449123652e+01
1.188031973525010976e+01
1.188035527798353463e+01
1.188036435973196880e+01
1.188034433369862342e+01
1.188030657141232460e+01
1.188026848787294121e+01
1.188024630270248139e+01
1.188025033688770549e+01
1.188028058573195089e+01
1.188032390095697188e+01
1.188035823493804166e+01
1.188036495736937681e+01
1.188034085895988490e+01
1.188029965103849506e+01
1.188026230949481388e+01
1.188024535673526927e+01
1.188025505666538884e+01
1.188028717111435917e+01
1.188032836482827648e+01
1.188035950902483506e+01
1.188036383139889374e+01
1.188033755328562613e+01
1.188029418043027619e+01
1.188025677706472827e+01
1.188024371548442382e+01
1.188025933207643980e+01
1.188029469281744532e+01
1.188033393909114110e+01
1.188036019897109341e+01
1.188036073773640844e+01
1.188033319975171231e+01
1.188028979198513646e+01
1.188025296201025505e+01
1.188024236927047284e+01
1.188026263975768515e+01
1.188030183922998972e+01
1.188034037078200456e+01
1.188036143027447267e+01
1.188035652420761679e+01
1.188032715018964858e+01
1.188028533586872371e+01
1.188025094720240915e+01
1.188024254631767107e+01
1.188026556191580596e+01
1.188030766430341778e+01
1.188034650338750353e+01
1.188036346587811742e+01
1.188035247831356855e+01
1.188031987099129871e+01
1.188027982777612124e+01
1.188024978598017967e+01
1.188024475067263097e+01
1.188026930903929035e+01
1.188031227763255870e+01
1.188035113215888927e+01
1.188036549427197031e+01
1.188034934840300494e+01
1.188031261464941934e+01
1.188027326027684794e+01
1.188024827144689866e+01
1.188024835843350502e+01
1.188027473846137916e+01
1.188031672034227171e+01
1.188035390642577305e+01
1.188036624659989471e+01
1.188034678950946876e+01
1.188030649256886839e+01
1.188026664394920928e+01
1.188024589751124793e+01
1.188025209996460418e+01
1.188028164461499969e+01
1.188032210383801868e+01
1.188035557763880590e+01
1.188036498165572397e+01
1.188034365236840983e+01
1.188030165912509695e+01
1.188026126576830244e+01
1.188024326251019502e+01
1.188025503314835518e+01
1.188028888646431724e+01
1.188032869459441443e+01
1.188035738052335333e+01
1.188036207181038151e+01
1.188033890996050168e+01
1.188029722991801584e+01
1.188025772944010505e+01
1.188024162055290134e+01
1.188025725034453295e+01
1.188029523343979399e+01
1.188033566974914734e+01
1.188036004236491294e+01
1.188035871411523203e+01
1.188033249881745057e+01
1.188029201739292873e+01
1.188025551343212172e+01
1.188024191665349960e+01
1.188025978799073279e+01
1.188030027294594149e+01
1.188034171417728047e+01
1.188036320296616388e+01
1.188035600506524680e+01
1.188032540050374308e+01
1.188028550860733112e+01
1.188025341073379870e+01
1.188024404658936461e+01
1.188026379554238865e+01
1.188030469205089901e+01
1.188034599690595172e+01
1.188036567687476364e+01
1.188035410937383141e+01
1.188031891374197890e+01
1.188027830458668888e+01
1.188025050467487276e+01
1.188024693823644284e+01
1.188026960169054647e+01
1.188030969980460938e+01
1.188034878535541594e+01
1.188036635722356138e+01
1.188035214942704698e+01
1.188031369268985848e+01
1.188027169365144431e+01
1.188024690238664682e+01
1.188024938718797685e+01
1.188027642589878141e+01
1.188031603186002449e+01
1.188035120415114321e+01
1.188036507542707199e+01
1.188034890566365398e+01
1.188030927926375035e+01
1.188026669874165009e+01
1.188024367010463145e+01
1.188025097826888299e+01
1.188028295540088131e+01
1.188032333366182236e+01
1.188035431893080762e+01
1.188036273140046717e+01
1.188034379968665988e+01
1.188030449858929494e+01
1.188026331949808423e+01
1.188024202778280980e+01
1.188025239166957370e+01
1.188028832152390635e+01
1.188033039719830697e+01
1.188035827967006419e+01
1.188036058608628487e+01
1.188033737771446141e+01
1.188029842606967534e+01
1.188026056518505236e+01
1.188024240929784447e+01
1.188025486183013868e+01
1.188029273225185634e+01
1.188033605080486055e+01
1.188036218419852474e+01
1.188035928795209983e+01
1.188033091166636446e+01
1.188029115542358127e+01
1.188025726872748500e+01
1.188024412718186262e+01
1.188025918992766705e+01
1.188029727429266558e+01
1.188034002690477386e+01
1.188036475246079249e+01
1.188035838383255793e+01
1.188032544889531117e+01
1.188028376415729426e+01
1.188025302995430721e+01
1.188024591855463719e+01
1.188026508734141551e+01
1.188030301855458148e+01
1.188034313687335164e+01
1.188036530454234629e+01
1.188035667959843344e+01
1.188032104162868663e+01
1.188027752351703370e+01
1.188024854915831696e+01
1.188024692895968037e+01
1.188027137664387745e+01
1.188031013510265055e+01
1.188034659670677939e+01
1.188036428454964977e+01
1.188035318798906737e+01
1.188031674111987179e+01
1.188027295824697660e+01
1.188024511140093331e+01
1.188024736490517164e+01
1.188027687533292998e+01
1.188031772158638866e+01
1.188035103890421418e+01
1.188036290211938351e+01
1.188034792787477301e+01
1.188031137943057658e+01
1.188026947395169231e+01
1.188024361257537720e+01
1.188024832729273328e+01
1.188028127237103604e+01
1.188032446022292987e+01
1.188035599400473430e+01
1.188036218155666468e+01
1.188034193212701162e+01
1.188030453118958896e+01
1.188026586099962678e+01
1.188024387222628953e+01
1.188025094439088392e+01
1.188028533535642595e+01
1.188032959108958053e+01
1.188036022649264467e+01
1.188036217196495770e+01
1.188033646926596809e+01
1.188029688600384404e+01
1.188026128273981641e+01
1.188024478762009117e+01
1.188025546721549652e+01
1.188029027542206606e+01
1.188033346401138246e+01
1.188036266368942151e+01
1.188036191376554562e+01
1.188033209679339208e+01
1.188028975341419446e+01
1.188025595846592708e+01
1.188024520855170785e+01
1.188026105181629788e+01
1.188029675317073064e+01
1.188033722696971850e+01
1.188036321397353845e+01
1.188036018852414699e+01
1.188032826309004264e+01
1.188028409672768504e+01
1.188025102203537031e+01
1.188024483228736905e+01
1.188026639684684937e+01
1.188030432031505157e+01
1.188034188323700491e+01
1.188036282388161524e+01
1.188035648714379988e+01
1.188032376941477608e+01
1.188027982742405086e+01
1.188024767636705370e+01
1.188024443552356679e+01
1.188027072131190565e+01
1.188031172990524098e+01
1.188034747223563770e+01
1.188036271976891456e+01
1.188035142810964651e+01
1.188031775049524974e+01
1.188027591202654776e+01
1.188024628151154261e+01
1.188024527233276295e+01
1.188027433593773274e+01
1.188031785557847542e+01
1.188035300904384606e+01
1.188036344523036014e+01
1.188034629073057324e+01
1.188031039477707296e+01
1.188027122597134877e+01
1.188024609003751841e+01
1.188024808639948127e+01
1.188027837227939543e+01
1.188032251966428632e+01
1.188035721205856632e+01
1.188036443963456179e+01
1.188034204728313625e+01
1.188030283473175430e+01
