1.188024147592623336e+01
1.188042820123554044e+01
1.188035026925092197e+01
1.188027648569923400e+01
1.188045304617825337e+01
1.188028487470919181e+01
1.188033857278008654e+01
1.188043611916765130e+01
1.188024213696575870e+01
1.188041935321517428e+01
1.188036195713655729e+01
1.188026902226768478e+01
1.188045178052501605e+01
1.188029408667163267e+01
1.188032701081818843e+01
1.188044301011693449e+01
1.188024411206036746e+01
1.188040968325494973e+01
1.188037349357039041e+01
1.188026257559675436e+01
1.188044926482133334e+01
1.188030400877232395e+01
1.188031572493648014e+01
1.188044878962814721e+01
1.188024737723582724e+01
1.188039930943479483e+01
1.188038473766005332e+01
1.188025722431041586e+01
1.188044553008102433e+01
1.188031451938967287e+01
1.188030485345057663e+01
1.188045338671973106e+01
1.188025189285943028e+01
1.188038835832341533e+01
1.188039555220903054e+01
1.188025303351452067e+01
1.188044062234769349e+01
1.188032548958442547e+01
1.188029452972658895e+01
1.188045674475425351e+01
1.188025760412238441e+01
1.188037696343258176e+01
1.188040580539212598e+01
1.188025005400310974e+01
1.188043460212882607e+01
1.188033678467970411e+01
1.188028488054686704e+01
1.188045882213433657e+01
1.188026444170692919e+01
1.188036526358743572e+01
1.188041537236436440e+01
1.188024832164075661e+01
1.188042754365196885e+01
1.188034826591217907e+01
1.188027602455538911e+01
1.188045959281547503e+01
1.188027232262994914e+01
1.188035340123267503e+01
1.188042413678358500e+01
1.188024785692837071e+01
1.188041953395230443e+01
1.188035979213408311e+01
1.188026807080177250e+01
1.188045904662949859e+01
1.188028115125293382e+01
1.188034152069534599e+01
1.188043199222825308e+01
1.188024866475776875e+01
1.188041067180272314e+01
1.188037122154520553e+01
1.188026111740187218e+01
1.188045718941467399e+01
1.188029082044589302e+01
1.188032976642539396e+01
1.188043884349310098e+01
1.188025073435802348e+01
1.188040106649950367e+01
1.188038241343367041e+01
1.188025525033124019e+01
1.188045404295074547e+01
1.188030121289102858e+01
1.188031828123550859e+01
1.188044460774681887e+01
1.188025403943409053e+01
1.188039083651855954e+01
1.188039322990413282e+01
1.188025054236638667e+01
1.188044964469978382e+01
1.188031220251032494e+01
1.188030720456174194e+01
1.188044921553770727e+01
1.188025853849606506e+01
1.188038010805869682e+01
1.188040353757218526e+01
1.188024705218678179e+01
1.188044404735581594e+01
1.188032365599960904e+01
1.188029667076602358e+01
1.188045261163504662e+01
1.188026417537491675e+01
1.188036901348979058e+01
1.188041320920425470e+01
1.188024482364862067e+01
1.188043731820879501e+01
1.188033543445039619e+01
1.188028680750140431e+01
1.188045475569593101e+01
1.188027087991839537e+01
1.188035768972486395e+01
1.188042212528275421e+01
1.188024388523940722e+01
1.188042953833059201e+01
1.188034739503974890e+01
1.188027773415991284e+01
1.188045562274949773e+01
1.188027856885840983e+01
1.188034627653613029e+01
1.188043017547742153e+01
1.188024424971992232e+01
1.188042080159287295e+01
1.188035939276757347e+01
1.188026956042182647e+01
1.188045520349266759e+01
1.188028714683933629e+01
1.188033491483563076e+01
1.188043726000461575e+01
1.188024591395825524e+01
1.188041121352882712e+01
1.188037128222013017e+01
1.188026238492424724e+01
1.188045350439395342e+01
1.188029650759451172e+01
1.188032374494149046e+01
1.188044329085799333e+01
1.188024885895778127e+01
1.188040089005258615e+01
1.188038291933835389e+01
1.188025629406497785e+01
1.188045054760396724e+01
1.188030653525645164e+01
1.188031290485128366e+01
1.188044819289539866e+01
1.188025305007897359e+01
1.188038995605191772e+01
1.188039416316926555e+01
1.188025136095636469e+01
1.188044637067394760e+01
1.188031710578472300e+01
1.188030252854345292e+01
1.188045190476855062e+01
1.188025843745239030e+01
1.188037854387135894e+01
1.188040487757940511e+01
1.188024764454180371e+01
1.188044102608582975e+01
1.188032808849386868e+01
1.188029274432782678e+01
1.188045437968414397e+01
1.188026495657782355e+01
1.188036679170419951e+01
1.188041493290910822e+01
1.188024518888558845e+01
1.188043458059953039e+01
1.188033934766268374e+01
1.188028367326544377e+01
1.188045558598689233e+01
1.188027252910240605e+01
1.188035484191293811e+01
1.188042420754770490e+01
1.188024402264474588e+01
1.188042711442573030e+01
1.188035074420498560e+01
1.188027542767703970e+01
1.188045550755740187e+01
1.188028106376823700e+01
1.188034283929868629e+01
1.188043258941035418e+01
1.188024415872923534e+01
1.188041872023415380e+01
1.188036213738144831e+01
1.188026810975859782e+01
1.188045414401983813e+01
1.188029045751803281e+01
1.188033092934058033e+01
1.188043997729851853e+01
1.188024559415453751e+01
1.188040950200974244e+01
1.188037338653141006e+01
1.188026181032097206e+01
1.188045151075680472e+01
1.188030059674531103e+01
1.188031925642666486e+01
1.188044628212759690e+01
1.188024831008841176e+01
1.188039957377058720e+01
1.188038435280343386e+01
1.188025660766898461e+01
1.188044763873117304e+01
1.188031135867396415e+01
1.188030796209777229e+01
1.188045142800668152e+01
1.188025227209111456e+01
1.188038905816357804e+01
1.188039490086337224e+01
1.188025256663396867e+01
1.188044257411697302e+01
1.188032261285039226e+01
1.188029718332587947e+01
1.188045535315737133e+01
1.188025743054612349e+01
1.188037808495492165e+01
1.188040490055893628e+01
1.188024973777147331e+01
1.188043637774376116e+01
1.188033422272999573e+01
1.188028705084784065e+01
1.188045801066048490e+01
1.188026372127594144e+01
1.188036678943400659e+01
1.188041422852039375e+01
1.188024815673413315e+01
1.188042912436122300e+01
1.188034604733875277e+01
1.188027768757485880e+01
1.188045936902152810e+01
1.188027106633548513e+01
1.188035531075037277e+01
1.188042276967769517e+01
1.188024784382744414e+01
1.188042090173290433e+01
1.188035794298956915e+01
1.188026920709705614e+01
1.188045941254815929e+01
1.188027937497318831e+01
1.188034379020401943e+01
1.188043041867546279e+01
1.188024880375384562e+01
1.188041180957013765e+01
1.188036976503249598e+01
1.188026171230137606e+01
1.188045814153501389e+01
1.188028854474806728e+01
1.188033236951014793e+01
1.188043708116842190e+01
1.188025102554845880e+01
1.188040195831910850e+01
1.188038136961744939e+01
1.188025529411967085e+01
1.188045557225374615e+01
1.188029846278899626e+01
1.188032118905952572e+01
1.188044267498143824e+01
1.188025448270712481e+01
1.188039146781586552e+01
1.188039261544792424e+01
1.188025003042226047e+01
1.188045173674841415e+01
1.188030900718075600e+01
1.188031038619590340e+01
1.188044713111987605e+01
1.188025913350543306e+01
1.188038046582566842e+01
1.188040336550433196e+01
1.188024598507036877e+01
1.188044668243875179e+01
1.188032004845991274e+01
1.188030009353146710e+01
1.188045039461789543e+01
1.188026492150466140e+01
1.188036908648451728e+01
1.188041348871582770e+01
1.188024320713908288e+01
1.188044047153629101e+01
1.188033145120203216e+01
1.188029043732109358e+01
1.188045242521432954e+01
1.188027177623870401e+01
1.188035746866186315e+01
1.188042286156032112e+01
1.188024173032025210e+01
1.188043318028036666e+01
1.188034307568100623e+01
1.188028153591524294e+01
1.188045319784774634e+01
1.188027961407337685e+01
1.188034575426451944e+01
1.188043136957304213e+01
1.188024157251261670e+01
1.188042489800351120e+01
1.188035477958002240e+01
1.188027349831047630e+01
1.188045270296472822e+01
1.188028833922782113e+01
1.188033408650251133e+01
1.188043890874524422e+01
1.188024273560416688e+01
1.188041572603762575e+01
1.188036641973327256e+01
1.188026642281530698e+01
1.188045094663748635e+01
1.188029784494536223e+01
1.188032260813801244e+01
1.188044538679599427e+01
1.188024520544936813e+01
1.188040577647428719e+01
1.188037785387710521e+01
1.188026039584775440e+01
1.188044795048949176e+01
1.188030801479960452e+01
1.188031145973884328e+01
1.188045072430139726e+01
1.188024895204157261e+01
1.188039517079443108e+01
1.188038894238921728e+01
1.188025549087928923e+01
1.188044375142983888e+01
1.188031872411974810e+01
1.188030077795783868e+01
1.188045485566756376e+01
1.188025392987843887e+01
1.188038403838409351e+01
1.188039954999456249e+01
1.188025176753805567e+01
1.188043840119986250e+01
1.188032984151766769e+01
1.188029069385918390e+01
1.188045772993529248e+01
1.188026007851596333e+01
1.188037251495441815e+01
1.188040954741722111e+01
1.188024927088237703e+01
1.188043196573729254e+01
1.188034123049809487e+01
1.188028133131215824e+01
1.188045931140665168e+01
1.188026732330437873e+01
1.188036074088518035e+01
1.188041881295791313e+01
1.188024803085336956e+01
1.188042452436595831e+01
1.188035275113215228e+01
1.188027280547200881e+01
1.188045958008583725e+01
1.188027557629685127e+01
1.188034885951211450e+01
1.188042723397806277e+01
1.188024806191334726e+01
1.188041616882086871e+01
1.188036426177375127e+01
1.188026522136653185e+01
1.188045853192873658e+01
1.188028473732003221e+01
1.188033701537889897e+01
1.188043470827212644e+01
1.188024936287439459e+01
1.188040700212065737e+01
1.188037562079781750e+01
1.188025867260569157e+01
1.188045617889824968e+01
1.188029469519328885e+01
1.188032535247523391e+01
1.188044114531156126e+01
1.188025191691918003e+01
1.188039713730123204e+01
1.188038668833903344e+01
1.188025324023009333e+01
1.188045254882454493e+01
1.188030532908183723e+01
1.188031401248239938e+01
1.188044646734519638e+01
1.188025569181365526e+01
1.188038669602616082e+01
1.188039732800979564e+01
1.188024899171250759e+01
1.188044768507199933e+01
1.188031650996720678e+01
1.188030313304782126e+01
1.188045061034268102e+01
1.188026064030908024e+01
1.188037580709084295e+01
1.188040740857629807e+01
1.188024598012460054e+01
1.188044164601673813e+01
1.188032810221720581e+01
1.188029284610957603e+01
1.188045352476939698e+01
1.188026670072829027e+01
1.188036460483880319e+01
1.188041680557216750e+01
1.188024424347924679e+01
1.188043450434121340e+01
1.188033996523611968e+01
1.188028327629137237e+01
1.188045517618357749e+01
1.188027379772902492e+01
1.188035322750958755e+01
1.188042540282990167e+01
1.188024380425644111e+01
1.188042634615427851e+01
1.188035195517516840e+01
1.188027453938752309e+01
1.188045554564824613e+01
1.188028184323490599e+01
1.188034181553848256e+01
1.188043309391124680e+01
1.188024466911874022e+01
1.188041726994755720e+01
1.188036392668224472e+01
1.188026674095631563e+01
1.188045462995316726e+01
1.188029073752259634e+01
1.188033050982896199e+01
1.188043978341900342e+01
1.188024682881976979e+01
1.188040738540070507e+01
1.188037573466971075e+01
1.188025997503902786e+01
1.188045244164397118e+01
1.188030037045175824e+01
1.188031945001904433e+01
1.188044538817404572e+01
1.188025025830698311e+01
1.188039681205015619e+01
1.188038723607866487e+01
1.188025432302009143e+01
1.188044900885837762e+01
1.188031062282270689e+01
1.188030877276288955e+01
1.188044983824322998e+01
1.188025491701748670e+01
1.188038567783755894e+01
1.188039829161812655e+01
1.188024985264226885e+01
1.188044437497145367e+01
1.188032136784504722e+01
1.188029861004864607e+01
1.188045307780536497e+01
1.188026074936348664e+01
1.188037411755556505e+01
1.188040876745810159e+01
1.188024661718885078e+01
1.188043859805438984e+01
1.188033247269925674e+01
1.188028908757330981e+01
1.188045506584474431e+01
1.188026768540133027e+01
1.188036227120986155e+01
1.188041853685567517e+01
1.188024465484274117e+01
1.188043175015346975e+01
1.188034380017204761e+01
1.188028032319448357e+01
1.188045577666349040e+01
1.188027564167624384e+01
1.188035028231749024e+01
1.188042748169458029e+01
1.188024398823022665e+01
1.188042391639818440e+01
1.188035521034538000e+01
1.188027242547807916e+01
1.188045520020656554e+01
1.188028452223237608e+01
1.188033829616208337e+01
1.188043549391927378e+01
1.188024462415491556e+01
1.188041519394937851e+01
1.188036656231843757e+01
1.188026549235980767e+01
1.188045334219521365e+01
1.188029421977590339e+01
1.188032645802735487e+01
1.188044247684620380e+01
1.188024655352496950e+01
1.188040569080048847e+01
1.188037771594136416e+01
1.188025960993695840e+01
1.188045022406723028e+01
1.188030461697714735e+01
1.188031491143031992e+01
1.188044834633623559e+01
1.188024975147450490e+01
1.188039552444657510e+01
1.188038853353952362e+01
1.188025485140521020e+01
1.188044588272468438e+01
1.188031558789568543e+01
1.188030379637579159e+01
1.188045303181399781e+01
1.188025417767757830e+01
1.188038482043743471e+01
1.188039888160710866e+01
1.188025127615371801e+01
1.188044037009207621e+01
1.188032699951129700e+01
1.188029324765343731e+01
1.188045647712175601e+01
1.188025977685078693e+01
1.188037371083268567e+01
1.188040863244926371e+01
1.188024892902945595e+01
1.188043375249031897e+01
1.188033871334191893e+01
1.188028339319814108e+01
1.188045864119742845e+01
1.188026647943834568e+01
1.188036233257771812e+01
1.188041766575264724e+01
1.188024783978002752e+01
1.188042610983406000e+01
1.188035058712901204e+01
1.188027435253364317e+01
1.188045949856853767e+01
1.188027420247114030e+01
1.188035082582044133e+01
1.188042587006505713e+01
1.188024802268172841e+01
1.188041753466217365e+01
1.188036247656973643e+01
1.188026623531843917e+01
1.188045903965610428e+01
1.188028285058916822e+01
1.188033933218952143e+01
1.188043314416607821e+01
1.188024947635752859e+01
1.188040813101314264e+01
1.188037423707478446e+01
1.188025914001168282e+01
1.188045727088481662e+01
1.188029231721485601e+01
1.188032799305519305e+01
1.188043939831181639e+01
1.188025218378724013e+01
1.188039801315909827e+01
1.188038572553052319e+01
1.188025315267530146e+01
1.188045421459819195e+01
1.188030248586283122e+01
1.188031694779399317e+01
1.188044455533853316e+01
1.188025611250978564e+01
1.188038730421392764e+01
1.188039680204379422e+01
1.188024834592696877e+01
1.188044990877984830e+01
1.188031323157003349e+01
1.188030633207866416e+01
1.188044855161157543e+01
1.188026121501518695e+01
1.188037613463235687e+01
1.188040733164821106e+01
1.188024477805669932e+01
1.188044440658423717e+01
1.188032442242870701e+01
1.188029627621423145e+01
1.188045133780799567e+01
1.188026742932146540e+01
1.188036464061847930e+01
1.188041718595104967e+01
1.188024249231776963e+01
1.188043777568274884e+01
1.188033592120342696e+01
1.188028690354058270e+01
1.188045287952324180e+01
1.188027467972942652e+01
1.188035296246304462e+01
1.188042624470060105e+01
1.188024151640071402e+01
1.188043009743310741e+01
1.188034758701238580e+01
1.188027832892117530e+01
1.188045315769447541e+01
1.188028287774621461e+01
1.188034124282981630e+01
1.188043439725491268e+01
1.188024186209667654e+01
1.188042146588228398e+01
1.188035927705237427e+01
1.188027065733634480e+01
1.188045216883529420e+01
1.188029192316622229e+01
1.188032962501201695e+01
1.188044154393385732e+01
1.188024352515435922e+01
1.188041198661514386e+01
1.188037084834627777e+01
1.188026398259843219e+01
1.188044992507905917e+01
1.188030170529627583e+01
1.188031825118011753e+01
1.188044759723813293e+01
1.188024648533216876e+01
1.188040177546289833e+01
1.188038215949180376e+01
1.188025838620449193e+01
1.188044645403015664e+01
1.188031210430997042e+01
1.188030726064241449e+01
1.188045248292015366e+01
1.188025070664503602e+01
1.188039095708716886e+01
1.188039307238993025e+01
1.188025393634054261e+01
1.188044179842516002e+01
1.188032299271477399e+01
1.188029678813965084e+01
1.188045614089383939e+01
1.188025613780281020e+01
1.188037966345699203e+01
1.188040345393211616e+01
1.188025068704964937e+01
1.188043601560792339e+01
1.188033423691374324e+01
1.188028696219458880e+01
1.188045852597205609e+01
1.188026271283497515e+01
1.188036803223737081e+01
1.188041317762544047e+01
1.188024867757381564e+01
1.188042917682516730e+01
1.188034569884285396e+01
1.188027790353671520e+01
1.188045960842279314e+01
1.188027035189393033e+01
1.188035620510904167e+01
1.188042212513603246e+01
1.188024793187794081e+01
1.188042136635103674e+01
1.188035723766388507e+01
1.188026972362137634e+01
1.188045937433710364e+01
1.188027896222720514e+01
1.188034432603999591e+01
1.188043018773177550e+01
1.188024845836141452e+01
1.188041268045153487e+01
1.188036871149205709e+01
1.188026252326145560e+01
1.188045782580440601e+01
1.188028843930659662e+01
1.188033253952991863e+01
1.188043726760673025e+01
1.188025024976100497e+01
1.188040322620141787e+01
1.188037997913729527e+01
1.188025639138843914e+01
1.188045498089288010e+01
1.188029866810057911e+01
1.188032098884887588e+01
1.188044327907121378e+01
1.188025328324608587e+01
1.188039312016811699e+01
1.188039090183778868e+01
1.188025140395800783e+01
1.188045087343516748e+01
1.188030952447441280e+01
1.188030981429181665e+01
1.188044814959284778e+01
1.188025752070501895e+01
1.188038248697879595e+01
1.188040134496453604e+01
1.188024762301358983e+01
1.188044555262199964e+01
1.188032087670087122e+01
1.188029915147019366e+01
1.188045182067605232e+01
1.188026290921916406e+01
1.188037145778820580e+01
1.188041117967601856e+01
1.188024509591947719e+01
1.188043908240856972e+01
1.188033258706321682e+01
1.188028912966148631e+01
1.188045424856921706e+01
1.188026938171857871e+01
1.188036016866598388e+01
1.188042028450267473e+01
1.188024385477277889e+01
1.188043154074095753e+01
1.188034451353085075e+01
1.188027987023678733e+01
1.188045540479094875e+01
1.188027685781141685e+01
1.188034875892340558e+01
1.188042854684177385e+01
1.188024391600166396e+01
1.188042301861189820e+01
1.188035651148721072e+01
1.188027148518565212e+01
1.188045527646909783e+01
1.188028524477672576e+01
1.188033736939987328e+01
1.188043586434422672e+01
1.188024528015472470e+01
1.188041361895749581e+01
1.188036843548886523e+01
1.188026407575606846e+01
1.188045386648838786e+01
1.188029443870847501e+01
1.188032614073039106e+01
1.188044214617642957e+01
1.188024793188422379e+01
1.188040345540815146e+01
1.188038014103436346e+01
1.188025773122625850e+01
1.188045119344502254e+01
1.188030432579673246e+01
1.188031521161514803e+01
1.188044731414155386e+01
1.188025184012342272e+01
1.188039265090906049e+01
1.188039148632128139e+01
1.188025252782311370e+01
1.188044729140883149e+01
1.188031478373020100e+01
1.188030471711252645e+01
1.188045130364647939e+01
1.188025695845597340e+01
1.188038133622696613e+01
1.188040233397006418e+01
1.188024852780051788e+01
1.188044220949591789e+01
1.188032568320299909e+01
1.188029478697648855e+01
1.188045406450252628e+01
1.188026322567287352e+01
1.188036964836140541e+01
1.188041255269361329e+01
1.188024577868866061e+01
1.188043601125724891e+01
1.188033688950695321e+01
1.188028554405871517e+01
1.188045556155004512e+01
1.188027056651035274e+01
1.188035772887978858e+01
1.188042201889238036e+01
1.188024431272352643e+01
1.188042877389058738e+01
1.188034826419009171e+01
1.188027710279518168e+01
1.188045577509919326e+01
1.188027889255961256e+01
1.188034572219656049e+01
1.188043061815541712e+01
1.188024414646336524e+01
1.188042058728557926e+01
1.188035966676077315e+01
1.188026956779572529e+01
1.188045470118135682e+01
1.188028810333751473e+01
1.188033377381749922e+01
1.188043824664920578e+01
1.188024528059682439e+01
1.188041155291374196e+01
1.188037095641666596e+01
1.188026303255396599e+01
1.188045235160818969e+01
1.188029808750512295e+01
1.188032202857038833e+01
1.188044481237730032e+01
1.188024769994495244e+01
1.188040178257700852e+01
1.188038199377720616e+01
1.188025757829342943e+01
1.188044875383729959e+01
1.188030872421930084e+01
1.188031062884382649e+01
1.188045023629547892e+01
1.188025137365699990e+01
1.188039139703019309e+01
1.188039264259843009e+01
1.188025327296406886e+01
1.188044395064631331e+01
1.188031988460089927e+01
1.188029971285543418e+01
1.188045445326884497e+01
1.188025625559751397e+01
1.188038052449432946e+01
1.188040277144896883e+01
1.188025017040153486e+01
1.188043799961907432e+01
1.188033143330168073e+01
1.188028941297072549e+01
1.188045741285921331e+01
1.188026228491997749e+01
1.188036929907915784e+01
1.188041225532675860e+01
1.188024830965956369e+01
1.188043097245034119e+01
1.188034323015087779e+01
1.188027985409300413e+01
1.188045907993326544e+01
1.188026938681977640e+01
1.188035785913404929e+01
1.188042097719656098e+01
1.188024771452371553e+01
1.188042295407728943e+01
1.188035513186127545e+01
1.188027115214402585e+01
1.188045943508407554e+01
1.188027747345739726e+01
1.188034634554771074e+01
1.188042882942939116e+01
1.188024839321245629e+01
1.188041404164847314e+01
1.188036699377408389e+01
1.188026341265384289e+01
1.188045847486089812e+01
1.188028644504031384e+01
1.188033490001745029e+01
1.188043571512629804e+01
1.188025033826937893e+01
1.188040434334271289e+01
1.188037867162124606e+01
1.188025672947707179e+01
1.188045621180452471e+01
1.188029619105042478e+01
1.188032366330926770e+01
1.188044154931011676e+01
1.188025352664781309e+01
1.188039397705239253e+01
1.188039002328375204e+01
1.188025118365123056e+01
1.188045267428772789e+01
1.188030659160185998e+01
1.188031277353008974e+01
1.188044625997070369e+01
1.188025791998695624e+01
1.188038306894712726e+01
1.188040091052442904e+01
1.188024684241103657e+01
1.188044790616292090e+01
1.188031751891260335e+01
1.188030236443336030e+01
1.188044978895066173e+01
1.188026346507615116e+01
1.188037175193538886e+01
1.188041120067408762e+01
1.188024375837068547e+01
1.188044196622125526e+01
1.188032883887176361e+01
1.188029256377868492e+01
1.188045209266085855e+01
1.188027009450163085e+01
1.188036016404285888e+01
1.188042076825046678e+01
1.188024196888408568e+01
1.188043492746989571e+01
1.188034041268347885e+01
1.188028349176572185e+01
1.188045314261684737e+01
1.188027772746793964e+01
1.188034844672728774e+01
1.188042949649014801e+01
1.188024149559083043e+01
1.188042687623628879e+01
1.188035209856709074e+01
1.188027525956143471e+01
1.188045292578960499e+01
1.188028627078391786e+01
1.188033674315045474e+01
1.188043727877473010e+01
1.188024234415345148e+01
1.188041791111046663e+01
1.188036375349298446e+01
1.188026796793874595e+01
1.188045144476634718e+01
1.188029562000124884e+01
1.188032519642836959e+01
1.188044401993386678e+01
1.188024450418915023e+01
1.188040814173823101e+01
1.188037523493273362e+01
1.188026170604329934e+01
1.188044871771937672e+01
1.188030566069167904e+01
1.188031394788107420e+01
1.188044963740923876e+01
1.188024794939680007e+01
1.188039768748011227e+01
1.188038640260213086e+01
1.188025655030337902e+01
1.188044477818338507e+01
1.188031626984721534e+01
1.188030313530348003e+01
1.188045406226516398e+01
1.188025263787772801e+01
1.188038667595239062e+01
1.188039712017589977e+01
1.188025256349633096e+01
1.188043967464389361e+01
1.188032731738624648e+01
1.188029289127834609e+01
1.188045724003353953e+01
1.188025851264630539e+01
1.188037524146812274e+01
1.188040725695297972e+01
1.188024979398291237e+01
1.188043346994190763e+01
1.188033866774711456e+01
1.188028334155211141e+01
1.188045913138273590e+01
1.188026550232414280e+01
1.188036352339714874e+01
1.188041668945214013e+01
1.188024827511887516e+01
1.188042624050211948e+01
1.188035018154960198e+01
1.188027460349341347e+01
1.188045971260226885e+01
1.188027352200943376e+01
1.188035166446515412e+01
1.188042530291839149e+01
1.188024802485102960e+01
1.188041807539398675e+01
1.188036171730404433e+01
1.188026678465315911e+01
1.188045897589723232e+01
1.188028247431080686e+01
1.188033980901256115e+01
1.188043299272182374e+01
1.188024904550259109e+01
1.188040907523740941e+01
1.188037313314706722e+01
1.188025998144388851e+01
1.188045692948892373e+01
1.188029225053308657e+01
1.188032810123451100e+01
1.188043966563170173e+01
1.188025132375052451e+01
1.188039935096621846e+01
1.188038428858273399e+01
1.188025427795448685e+01
1.188045359752039865e+01
1.188030273200056719e+01
1.188031668342340907e+01
1.188044524095047727e+01
1.188025483079499622e+01
1.188038902246477768e+01
1.188039504620768838e+01
1.188024974491489338e+01
1.188044901976794421e+01
1.188031379150154088e+01
1.188030569423552407e+01
1.188044965149366483e+01
1.188025952271891228e+01
1.188037821709438902e+01
1.188040527339924068e+01
1.188024643882350695e+01
1.188044325116212718e+01
1.188032529483658983e+01
1.188029526700271710e+01
1.188045284440381444e+01
1.188026534103300236e+01
1.188036706812757615e+01
1.188041484394554459e+01
1.188024440124794268e+01
1.188043636112405643e+01
1.188033710245169594e+01
1.188028552810999017e+01
1.188045478178865366e+01
1.188027221339975981e+01
1.188035571310940242e+01
1.188042363959805847e+01
1.188024365830789542e+01
1.188042843272504356e+01
1.188034907113627980e+01
1.188027659545849346e+01
1.188045544117557206e+01
1.188028005452737013e+01
1.188034429216608601e+01
1.188043155152701402e+01
1.188024422034630945e+01
1.188041956167974789e+01
1.188036105576544976e+01
1.188026857703291661e+01
1.188045481577706575e+01
1.188028876722249727e+01
1.188033294628143999e+01
1.188043848166221927e+01
1.188024608179321540e+01
1.188040985518519221e+01
1.188037291106527782e+01
1.188026156959051960e+01
1.188045291456392505e+01
1.188029824358905628e+01
1.188032181556255473e+01
1.188044434390258175e+01
1.188024922122366434e+01
1.188039943061965609e+01
1.188038449337950198e+01
1.188025565748788459e+01
1.188044976214531800e+01
1.188030836635826404e+01
1.188031103751575834e+01
1.188044906517956534e+01
1.188025360160941268e+01
1.188038841411735014e+01
1.188039566241620548e+01
1.188025091165960312e+01
1.188044539845735770e+01
1.188031901033352788e+01
1.188030074535421754e+01
1.188045258636140566e+01
1.188025917076115334e+01
1.188037693903619285e+01
1.188040628295316914e+01
1.188024738876135444e+01
1.188043987826400816e+01
1.188033004393246550e+01
1.188029106635784693e+01
1.188045486298708830e+01
1.188026586195612033e+01
1.188036514433740365e+01
1.188041622648106355e+01
1.188024513048771169e+01
1.188043327047654962e+01
1.188034133080713417e+01
1.188028212030571140e+01
1.188045586582087232e+01
1.188027359474336109e+01
1.188035317289654991e+01
1.188042537276454347e+01
1.188024416307299802e+01
1.188042565729994493e+01
1.188035273152250326e+01
1.188027401800019511e+01
1.188045558122057876e+01
1.188028227591696684e+01
1.188034116976674781e+01
1.188043361130221420e+01
1.188024449698114893e+01
1.188041713321673498e+01
1.188036410527265119e+01
1.188026685990103104e+01
1.188045401131506829e+01
1.188029180064545187e+01
1.188032928041506864e+01
1.188044084266760514e+01
1.188024612678837855e+01
1.188040780382083028e+01
1.188037531161347360e+01
1.188026073488600076e+01
1.188045117398860739e+01
1.188030205374352732e+01
1.188031764895372433e+01
1.188044697971502650e+01
1.188024903125987031e+01
1.188039778451572026e+01
1.188038621219080504e+01
1.188025571915356871e+01
1.188044710267229398e+01
1.188031291107076903e+01
1.188030641638751206e+01
1.188045194863536125e+01
1.188025317361962507e+01
1.188038719909287799e+01
1.188039667244256137e+01
1.188025187528091742e+01
1.188044184594493657e+01
1.188032424104023832e+01
1.188029571889892466e+01
1.188045568984925460e+01
1.188025850200995492e+01
1.188037617820809722e+01
1.188040656325413380e+01
1.188024925144902966e+01
1.188043546694828834e+01
1.188033590621858337e+01
1.188028568619182934e+01
1.188045815872659361e+01
1.188026495013501993e+01
1.188036485777419848e+01
1.188041576254667575e+01
1.188024788084426930e+01
1.188042804262364172e+01
1.188034776499817546e+01
1.188027643991385318e+01
1.188045932612374322e+01
1.188027243808036815e+01
1.188035337729004937e+01
1.188042415677876562e+01
1.188024778124403902e+01
1.188041966277909545e+01
1.188035967332086251e+01
1.188026809217675783e+01
1.188045917873184543e+01
1.188028087329854721e+01
1.188034187812624154e+01
1.188043164234301230e+01
1.188024895479141207e+01
1.188041042899880395e+01
1.188037148643240570e+01
1.188026074419276590e+01
1.188045771923218474e+01
1.188029015174844716e+01
1.188033050178863803e+01
1.188043812684052725e+01
1.188025138796178481e+01
1.188040045340756024e+01
1.188038306064605720e+01
1.188025448504356518e+01
1.188045496625661102e+01
1.188030015917458826e+01
1.188031938818085820e+01
1.188044353021754596e+01
1.188025505172182861e+01
1.188038985730564079e+01
1.188039425509384728e+01
1.188024939059688201e+01
1.188045095415363228e+01
1.188031077251052636e+01
1.188030867388722989e+01
1.188044778575024196e+01
1.188025990187899694e+01
1.188037876969072215e+01
1.188040493344425030e+01
1.188024552258387700e+01
1.188044573256307679e+01
1.188032186138921276e+01
1.188029849049709519e+01
1.188045084086576964e+01
1.188026587961722136e+01
1.188036732568476239e+01
1.188041496556515675e+01
1.188024292784860947e+01
1.188043936580457327e+01
1.188033328974180591e+01
1.188028896299109682e+01
1.188045265778926307e+01
1.188027291221241910e+01
1.188035566488515293e+01
1.188042422911188112e+01
1.188024163777872033e+01
1.188043193208730131e+01
1.188034491746531174e+01
1.188028020820918229e+01
1.188045321400903021e+01
1.188028091391895202e+01
1.188034392966018693e+01
1.188043261102086667e+01
1.188024166792422065e+01
1.188042352255082790e+01
1.188035660213866684e+01
1.188027233341909294e+01
1.188045250255408902e+01
1.188028978701634131e+01
1.188033226340977677e+01
1.188044000889076912e+01
1.188024301780907166e+01
1.188041424014861924e+01
1.188036820076620792e+01
1.188026543500286181e+01
1.188045053208073831e+01
1.188029942300336117e+01
1.188032080881255403e+01
1.188044633223404212e+01
1.188024567093786565e+01
1.188040419838808148e+01
1.188037957152727842e+01
1.188025959727744940e+01
1.188044732676703852e+01
1.188030970392498098e+01
1.188030970608091508e+01
1.188045150358375146e+01
1.188024959499743716e+01
1.188039351994236092e+01
1.188039057551047151e+01
1.188025489146385105e+01
1.188044292601647989e+01
1.188032050381582749e+01
1.188029909124522554e+01
1.188045545944211767e+01
1.188025474225103117e+01
1.188038233515107400e+01
1.188040107841137072e+01
1.188025137481736238e+01
1.188043738397452742e+01
1.188033169024266478e+01
1.188028909448824244e+01
1.188045815105903102e+01
1.188026105012014533e+01
1.188037078042807693e+01
1.188041095217298704e+01
1.188024908992964690e+01
1.188043076886391525e+01
1.188034312592682618e+01
1.188027983855016601e+01
1.188045954503117940e+01
1.188026844194700082e+01
1.188035899659599792e+01
1.188042007654890320e+01
1.188024806421098667e+01
1.188042316214681193e+01
1.188035467042691096e+01
1.188027143722376877e+01
1.188045962371432474e+01
1.188027682792830575e+01
1.188034712716761376e+01
1.188042834056998132e+01
1.188024830955923328e+01
1.188041465752424131e+01
1.188036618186093563e+01
1.188026399395808497e+01
1.188045838544369204e+01
1.188028610620893133e+01
1.188033531659529096e+01
1.188043564389671936e+01
1.188024982221927317e+01
1.188040535978491619e+01
1.188037751864705527e+01
1.188025760058780556e+01
1.188045584455974613e+01
1.188029616412215361e+01
1.188032370850968533e+01
1.188044189804083217e+01
1.188025258283484575e+01
1.188039538351762481e+01
1.188038854124135746e+01
1.188025233620384569e+01
1.188045203123896520e+01
1.188030687956134024e+01
1.188031244396935904e+01
1.188044702744105940e+01
1.188025655669190783e+01
1.188038485170304703e+01
1.188039911385149594e+01
1.188024826617909291e+01
1.188044699113170211e+01
1.188031812246639518e+01
1.188030165974253549e+01
1.188045097038014575e+01
1.188026169415060629e+01
1.188037389420212442e+01
1.188040910610515866e+01
1.188024544136120930e+01
1.188044078481144261e+01
1.188032975640674138e+01
1.188029148664207924e+01
1.188045367973186472e+01
1.188026793126048730e+01
1.188036264615969806e+01
1.188041839465283900e+01
1.188024389744241560e+01
1.188043348704215241e+01
1.188034164024164774e+01
1.188028204793388021e+01
1.188045512352891997e+01
1.188027519055130909e+01
1.188035124634284401e+01
1.188042686468532416e+01
1.188024365451410880e+01
1.188042518587266549e+01
1.188035362983757182e+01
1.188027345783819122e+01
1.188045528534491169e+01
1.188028338198984457e+01
1.188033983543443206e+01
1.188043441134723821e+01
1.188024471681173821e+01
1.188041598156904577e+01
1.188036557982166386e+01
1.188026582014203747e+01
1.188045416448576397e+01
1.188029240409069054e+01
1.188032855430272683e+01
1.188044094102924397e+01
1.188024707265320501e+01
1.188040598539797443e+01
1.188037734534997902e+01
1.188025922693967829e+01
1.188045177598830726e+01
1.188030214516765248e+01
1.188031754226838466e+01
1.188044637252306579e+01
1.188025069457158622e+01
1.188039531827591766e+01
1.188038878386890218e+01
1.188025375751644575e+01
1.188044815042613855e+01
1.188031248471015111e+01
1.188030693539000637e+01
1.188045063802513468e+01
1.188025553964060066e+01
1.188038410930056976e+01
1.188039975684829130e+01
1.188024947738950665e+01
1.188044333352517334e+01
1.188032329486779659e+01
1.188029686478943425e+01
1.188045368397647295e+01
1.188026154998903650e+01
1.188037249418241537e+01
1.188041013146527192e+01
1.188024643751719900e+01
1.188043738559376195e+01
1.188033444202491040e+01
1.188028745503717509e+01
1.188045547172847449e+01
1.188026865349777061e+01
1.188036061359554907e+01
1.188041978221806616e+01
1.188024467368656900e+01
1.188043038077427838e+01
1.188034578844560585e+01
1.188027882261799739e+01
1.188045597802634390e+01
1.188027676467106986e+01
1.188034861146778276e+01
1.188042859245030236e+01
1.188024420608643794e+01
1.188042240612554323e+01
1.188035719396923184e+01
1.188027107449532060e+01
1.188045519530424166e+01
1.188028578567156579e+01
1.188033663323095368e+01
1.188043645576722795e+01
1.188024503907125684e+01
1.188041356054734976e+01
1.188036851773540725e+01
1.188026430679229506e+01
1.188045313178839812e+01
1.188029560750627667e+01
1.188032482405270862e+01
1.188044327732649386e+01
1.188024716111838153e+01
1.188040395356027723e+01
1.188037961991740055e+01
1.188025860360553843e+01
1.188044981140689593e+01
1.188030611134932357e+01
1.188031332707126175e+01
1.188044897498795294e+01
1.188025054497940403e+01
1.188039370395586758e+01
1.188039036344260779e+01
1.188025403596630447e+01
1.188044527350705337e+01
1.188031716998521503e+01
1.188030228165474256e+01
1.188045348030832749e+01
1.188025514802344063e+01
1.188038293833371029e+01
1.188040061567898142e+01
1.188025066096178861e+01
1.188043957238396864e+01
1.188032864935508925e+01
1.188029182170624765e+01
1.188045673936878721e+01
1.188026091276819685e+01
1.188037178954342288e+01
1.188041025006674190e+01
1.188024852102739892e+01
1.188043277662570141e+01
1.188034041018719122e+01
1.188028207403534786e+01
1.188045871342530191e+01
1.188026776759220660e+01
1.188036039505067620e+01
1.188041914767533846e+01
1.188024764341875894e+01
1.188042496828320260e+01
1.188035230969151712e+01
1.188027315681574869e+01
1.188045937937393504e+01
1.188027562761943301e+01
1.188034889524723070e+01
1.188042719866649577e+01
1.188024803986991529e+01
1.188041624187498080e+01
1.188036420329820153e+01
1.188026517814807903e+01
1.188045873002541342e+01
1.188028439576545203e+01
1.188033743172587720e+01
1.188043430364543518e+01
1.188024970644207912e+01
1.188040670323863068e+01
1.188037594641824768e+01
1.188025823474520770e+01
1.188045677418570811e+01
1.188029396393218384e+01
1.188032614554128052e+01
1.188044037488371352e+01
1.188025262356471679e+01
1.188039646824329232e+01
1.188038739620521866e+01
1.188025241075611049e+01
1.188045353654166547e+01
1.188030421433669126e+01
1.188031517547818616e+01
1.188044533739857656e+01
1.188025675626860789e+01
1.188038566137858076e+01
1.188039841329643131e+01
1.188024777674268506e+01
1.188044905735317514e+01
1.188031502095758185e+01
1.188030465634811783e+01
1.188044912987568047e+01
1.188026205460806572e+01
1.188037441423735707e+01
1.188040886351225112e+01
1.188024438882191269e+01
1.188044339195564092e+01
1.188032625108141183e+01
1.188029471733553777e+01
1.188045170542375573e+01
1.188026845426716704e+01
1.188036286391072949e+01
1.188041861949292333e+01
1.188024228798383497e+01
1.188043661007892560e+01
1.188033776693001542e+01
1.188028548041366150e+01
1.188045303215204918e+01
1.188027587734263690e+01
1.188035115131499886e+01
1.188042756225281593e+01
1.188024149959372622e+01
1.188042879499109539e+01
1.188034942734895871e+01
1.188027705884939955e+01
1.188045309356335366e+01
1.188028423329383010e+01
1.188033941947085381e+01
1.188043558263316690e+01
1.188024203308436988e+01
1.188042004247746597e+01
1.188036108953627235e+01
1.188026955581570121e+01
1.188045188875788050e+01
1.188029342004822020e+01
1.188032781175595431e+01
1.188044258263555086e+01
1.188024388184233437e+01
1.188041045966750175e+01
1.188037261079050921e+01
1.188026306312827884e+01
1.188044943244540619e+01
1.188030332524889943e+01
1.188031647015215242e+01
1.188044847661975112e+01
1.188024702328955584e+01
1.188040016372385743e+01
1.188038385025654797e+01
1.188025766012224160e+01
1.188044575476555131e+01
1.188031382762878252e+01
1.188030553350892937e+01
1.188045319235147090e+01
1.188025141915919924e+01
1.188038928040969111e+01
1.188039467064791310e+01
1.188025341268229695e+01
1.188044090091841909e+01
1.188032479849481504e+01
1.188029513584409358e+01
1.188045667188694843e+01
1.188025701596250805e+01
1.188037794255164670e+01
1.188040493992444624e+01
1.188025037243844473e+01
1.188043493061005762e+01
1.188033610330387546e+01
1.188028540470270578e+01
1.188045887228374831e+01
1.188026374564084087e+01
1.188036628841745390e+01
1.188041453290497707e+01
1.188024857613694074e+01
1.188042791731962922e+01
1.188034760331122008e+01
1.188027645959420830e+01
1.188045976612896304e+01
1.188027152639504003e+01
1.188035446002785633e+01
1.188042333279508966e+01
1.188024804519430688e+01
1.188041994739712770e+01
1.188035915727119018e+01
1.188026841052698046e+01
1.188045934187835861e+01
1.188028026368193046e+01
1.188034260142350362e+01
1.188043123261148537e+01
1.188024878543958884e+01
1.188041111900289515e+01
1.188037062316941395e+01
1.188026135665813499e+01
1.188045760400227913e+01
1.188028985136583771e+01
1.188033085690803858e+01
1.188043813648549829e+01
1.188025078704829696e+01
1.188040154090175271e+01
1.188038185996520291e+01
1.188025538507529077e+01
1.188045457293650919e+01
1.188030017301107044e+01
1.188031936928879873e+01
1.188044396082982779e+01
1.188025402466852398e+01
1.188039133112667578e+01
1.188039272932289769e+01
1.188025056972508864e+01
1.188045028483862708e+01
1.188031110329956874e+01
1.188030827813655677e+01
1.188044863535428597e+01
1.188025845773779388e+01
1.188038061552831159e+01
1.188040309731079702e+01
1.188024697050173728e+01
1.188044479115279728e+01
1.188032250955654945e+01
1.188029771808563240e+01
1.188045210391823225e+01
1.188026403098666783e+01
1.188036952622819520e+01
1.188041283604700560e+01
1.188024463250670948e+01
1.188043815798828007e+01
1.188033425336531756e+01
1.188028781719506100e+01
1.188045432520924827e+01
1.188027067512290103e+01
1.188035819999459619e+01
1.188042182527180124e+01
1.188024358548874559e+01
1.188043046531915081e+01
1.188034619225185295e+01
1.188027869539076420e+01
1.188045527323987827e+01
1.188027830768771942e+01
1.188034677656093052e+01
1.188042995382745737e+01
1.188024384347103535e+01
1.188042180601506459e+01
1.188035818141833566e+01
1.188027046300778800e+01
1.188045493765635285e+01
1.188028683407365449e+01
1.188033539690740703e+01
1.188043712102715865e+01
1.188024540457028166e+01
1.188041228471469424e+01
1.188037007550473056e+01
1.188026321945036301e+01
1.188045332385567754e+01
1.188029614869143025e+01
1.188032420152693547e+01
1.188044323789628187e+01
1.188024825100985638e+01
1.188040201655572936e+01
1.188038173035678291e+01
1.188025705198599269e+01
1.188045045290967749e+01
1.188030613627154963e+01
1.188031332869665491e+01
1.188044822827081859e+01
1.188025234932700869e+01
1.188039112577671119e+01
1.188039300477895566e+01
1.188025203468838065e+01
1.188044636129695597e+01
1.188031667328460372e+01
1.188030291277622119e+01
1.188045202973929548e+01
1.188025765077167861e+01
1.188037974420792686e+01
1.188040376225095152e+01
1.188024822754198695e+01
1.188044110044624446e+01
1.188032762946277110e+01
1.188029308255379846e+01
1.188045459441678275e+01
1.188026409189205168e+01
1.188036800966951390e+01
1.188041387258685866e+01
1.188024567571905443e+01
1.188043473609668865e+01
1.188033886940395156e+01
1.188028395966009931e+01
1.188045588954125975e+01
1.188027159529989873e+01
1.188035606429654756e+01
1.188042321351677266e+01
1.188024440903790691e+01
1.188042734748305485e+01
1.188035025423866031e+01
1.188027565706982891e+01
1.188045589788505829e+01
1.188028007060631630e+01
1.188034405281123895e+01
1.188043167217156082e+01
1.188024444160906157e+01
1.188041902635583646e+01
1.188036164333937172e+01
1.188026827770913130e+01
1.188045461797628022e+01
1.188028941551652196e+01
1.188033212076352996e+01
1.188043914645275834e+01
1.188024577167333717e+01
1.188040987584844643e+01
1.188037289605118474e+01
1.188026191318595970e+01
1.188045206412735055e+01
1.188029951707045662e+01
1.188032041276139061e+01
1.188044554627087379e+01
1.188024838163395991e+01
1.188040000920524086e+01
1.188038387342271740e+01
1.188025664265917491e+01
1.188044826627029593e+01
1.188031025301410715e+01
1.188030907071241238e+01
1.188045079463702791e+01
1.188025223828207011e+01
1.188038954838621564e+01
1.188039443991574551e+01
1.188025253186007113e+01
1.188044326960067920e+01
1.188032149328467924e+01
1.188029823209813607e+01
1.188045482859476465e+01
1.188025729321289958e+01
1.188037862256539512e+01
1.188040446507288372e+01
1.188024963227864106e+01
1.188043713403452983e+01
1.188033310159184275e+01
1.188028802830213060e+01
1.188045759998049355e+01
1.188026348342737748e+01
1.188036736654138714e+01
1.188041382512257904e+01
1.188024798052432729e+01
1.188042993348469345e+01
1.188034493707547234e+01
1.188027858301218487e+01
1.188045907600359818e+01
1.188027073211175910e+01
1.188035591907962996e+01
1.188042240450187492e+01
1.188024759786940265e+01
1.188042175496557462e+01
1.188035685601992419e+01
1.188027001071617228e+01
1.188045923963895412e+01
1.188027894958565867e+01
1.188034442120664913e+01
1.188043009727821619e+01
1.188024848998044902e+01
1.188041269753696660e+01
1.188036871360373858e+01
1.188026241530972982e+01
1.188045808982725582e+01
1.188028803440685266e+01
1.188033301447732271e+01
1.188043680845276207e+01
1.188025064684140730e+01
1.188040287109999227e+01
1.188038036566360844e+01
1.188025588883293793e+01
1.188045564148072941e+01
1.188029787461926290e+01
1.188032183923628438e+01
1.188044245512934438e+01
1.188025404286912767e+01
1.188039239505965128e+01
1.188039167045099376e+01
1.188025051035121749e+01
1.188045192529420113e+01
1.188030834912876088e+01
1.188031103289495505e+01
1.188044696753461515e+01
1.188025863722010200e+01
1.188038139687048300e+01
1.188040249035998031e+01
1.188024634499421772e+01
1.188044698736388050e+01
1.188031932918999800e+01
1.188030072824513894e+01
1.188045028987691154e+01
1.188026437428464455e+01
1.188037001048288666e+01
1.188041269360521035e+01
1.188024344316425385e+01
1.188044088861858860e+01
1.188033067998592607e+01
1.188029105183004397e+01
1.188045238103323520e+01
1.188027118436254526e+01
1.188035837470916967e+01
1.188042215582961170e+01
1.188024183992408389e+01
1.188043370407042332e+01
1.188034226228079859e+01
1.188028212239252568e+01
1.188045321505602026e+01
1.188027898451195519e+01
1.188034663152930648e+01
1.188043076162200151e+01
1.188024155457140019e+01
1.188042552189400425e+01
1.188035393412622653e+01
1.188027404941969145e+01
1.188045278149330919e+01
1.188028767956115672e+01
1.188033492435697625e+01
1.188043840592627731e+01
1.188024259040520469e+01
1.188041644234570349e+01
1.188036555259955307e+01
1.188026693180161431e+01
1.188045108551855122e+01
1.188029716327081609e+01
1.188032339628717793e+01
1.188044499532484899e+01
1.188024493468694054e+01
1.188040657653593968e+01
1.188037697555317784e+01
1.188026085662061604e+01
1.188044814786832148e+01
1.188030731963261566e+01
1.188031218834681191e+01
1.188045044918064086e+01
1.188024855879684338e+01
1.188039604506973212e+01
1.188038806335348418e+01
1.188025589808590254e+01
1.188044400458873184e+01
1.188031802428828954e+01
1.188030143776957459e+01
1.188045470062371400e+01
1.188025341858356576e+01
1.188038497657198178e+01
1.188039868058801218e+01
1.188025211662664304e+01
1.188043870659369539e+01
1.188032914605173573e+01
1.188029127631634196e+01
1.188045769737045809e+01
1.188025945490282531e+01
1.188037350611569565e+01
1.188040869772016173e+01
1.188024955815455641e+01
1.188043231904033448e+01
1.188034054851561905e+01
1.188028182866150573e+01
1.188045940236526121e+01
1.188026659433849197e+01
1.188036177357217227e+01
1.188041799267097254e+01
1.188024825350494851e+01
1.188042492052933241e+01
1.188035209172271678e+01
1.188027321086509858e+01
1.188045979423686482e+01
1.188027475009734601e+01
1.188034992190348582e+01
1.188042645230892624e+01
1.188024821806311948e+01
1.188041660213991690e+01
1.188036363388161654e+01
1.188026552894936216e+01
1.188045886756373193e+01
1.188028382306649533e+01
1.188033809541799357e+01
1.188043397382928390e+01
1.188024945158062096e+01
1.188040746631133260e+01
1.188037503310573051e+01
1.188025887759721755e+01
1.188045663294520793e+01
1.188029370302067811e+01
1.188032643801032506e+01
1.188044046600643533e+01
1.188025193818358716e+01
1.188039762558455337e+01
1.188038614915423885e+01
1.188025333898857205e+01
1.188045311687754690e+01
1.188030426996461841e+01
1.188031509140713560e+01
1.188044585030363542e+01
1.188025564657301025e+01
1.188038720121961944e+01
1.188039684515377736e+01
1.188024898178879951e+01
1.188044836143622085e+01
1.188031539559414540e+01
1.188030419344025646e+01
1.188045006182695218e+01
1.188026053041442864e+01
1.188037632170559732e+01
1.188040698927960825e+01
1.188024586030172713e+01
1.188044242376848914e+01
1.188032694485815632e+01
1.188029387636814072e+01
1.188045305011153374e+01
1.188026652891225687e+01
1.188036512118138788e+01
1.188041645637576593e+01
1.188024401379762196e+01
1.188043537540218253e+01
1.188033877760251755e+01
1.188028426526622283e+01
1.188045477973079933e+01
1.188027356756161623e+01
1.188035373778683024e+01
1.188042512949422225e+01
1.188024346602441028e+01
1.188042730137933489e+01
1.188035075027570464e+01
1.188027547650565907e+01
1.188045523072105958e+01
1.188028155906846806e+01
1.188034231196420798e+01
1.188043290133422047e+01
1.188024422490817678e+01
1.188041829922492809e+01
1.188036271767550112e+01
1.188026761633913075e+01
1.188045439881653920e+01
1.188029040442664908e+01
1.188033098473120575e+01
1.188043967556415481e+01
1.188024628244674830e+01
1.188040847776355946e+01
1.188037453471542193e+01
1.188026077961090365e+01
1.188045229549189763e+01
1.188029999413866022e+01
1.188031989594624704e+01
1.188044536800957829e+01
1.188024961479760044e+01
1.188039795579822666e+01
1.188038605818932680e+01
1.188025504860674708e+01
1.188044894781187644e+01
1.188031020956506190e+01
1.188030918258773205e+01
1.188044990769299503e+01
1.188025418255924137e+01
1.188038686066744098e+01
1.188039714851271356e+01
1.188025049205788264e+01
1.188044439808996700e+01
1.188032092438606391e+01
1.188029897706821458e+01
1.188045323771238770e+01
1.188025993124258761e+01
1.188037532669818397e+01
1.188040767141950305e+01
1.188024716431082872e+01
1.188043870336029428e+01
1.188033200615720020e+01
1.188028940560411861e+01
1.188045531594782744e+01
1.188026679192674884e+01
1.188036349357355803e+01
1.188041749959361582e+01
1.188024510467349515e+01
1.188043193466939051e+01
1.188034331794005460e+01
1.188028058666124842e+01
1.188045611558733938e+01
1.188027468209121729e+01
1.188035150463501921e+01
1.188042651421544882e+01
1.188024433694517867e+01
1.188042417619641533e+01
1.188035471998796666e+01
1.188027262949496432e+01
1.188045562546561129e+01
1.188028350661436328e+01
1.188033950513989723e+01
1.188043460640448501e+01
1.188024486913626809e+01
1.188041552421285729e+01
1.188036607146609924e+01
1.188026563280307890e+01
1.188045385021119493e+01
1.188029315892620374e+01
1.188032764049538237e+01
1.188044167854040190e+01
1.188024669338098427e+01
1.188040608589437852e+01
1.188037723218461750e+01
1.188025968350803119e+01
1.188045081020042737e+01
1.188030352230127740e+01
1.188031605449056372e+01
1.188044764544664922e+01
1.188024978604411075e+01
1.188039597799950897e+01
1.188038806432380667e+01
1.188025485568326189e+01
1.188044654131851985e+01
1.188031447127607443e+01
1.188030488754796821e+01
1.188045243542203799e+01
1.188025410802034365e+01
1.188038532543135162e+01
1.188039843412988716e+01
1.188025120963707337e+01
1.188044109453061381e+01
1.188032587317353439e+01
1.188029427501604118e+01
1.188045599110791883e+01
1.188025960522250024e+01
1.188037425970003902e+01
1.188040821356073629e+01
1.188024879116520793e+01
1.188043453526805848e+01
1.188033758971632992e+01
1.188028434552320611e+01
1.188045827018027012e+01
1.188026620925254839e+01
1.188036291730477778e+01
1.188041728186133383e+01
1.188024763098139225e+01
1.188042694263726773e+01
1.188034947870899671e+01
1.188027521941372733e+01
1.188045924585838087e+01
1.188027383824723060e+01
1.188035143805540805e+01
1.188042552704949628e+01
1.188024774433286446e+01
1.188041840846082664e+01
1.188036139576862205e+01
1.188026700728432061e+01
1.188045890722403364e+01
1.188028239788774343e+01
1.188033996335396125e+01
1.188043284729377547e+01
1.188024913080567302e+01
1.188040903616242439e+01
1.188037319608280740e+01
1.188025980863939068e+01
1.188045725934718533e+01
1.188029178256113738e+01
1.188032863445739196e+01
1.188043915216657354e+01
1.188025177432220048e+01
1.188039893950928949e+01
1.188038473617368140e+01
1.188025371068126468e+01
1.188045432321682782e+01
1.188030187665924764e+01
1.188031759074279847e+01
1.188044436375700563e+01
1.188025564333096895e+01
1.188038824122740067e+01
1.188039587564617428e+01
1.188024878725017963e+01
1.188045013547785977e+01
1.188031255599903346e+01
1.188030696799636843e+01
1.188044841762999582e+01
1.188026069118649808e+01
1.188037707150633615e+01
1.188040647889950030e+01
1.188024509792691497e+01
1.188044474797718664e+01
1.188032368934703875e+01
1.188029689674701217e+01
1.188045126361967263e+01
1.188026685671458438e+01
1.188036556641205621e+01
1.188041641678069205e+01
1.188024268730899813e+01
1.188043822712477571e+01
1.188033514002923852e+01
1.188028750066514938e+01
1.188045286644747378e+01
1.188027406495617200e+01
1.188035386622693679e+01
1.188042556816021822e+01
1.188024158446935807e+01
1.188043065307736867e+01
1.188034676760658925e+01
1.188027889504626700e+01
1.188045320615722211e+01
1.188028222808066481e+01
1.188034211373738280e+01
1.188043382141031934e+01
1.188024180260388185e+01
1.188042211875499632e+01
1.188035842959567923e+01
1.188027118539783800e+01
1.188045227836193085e+01
1.188029124645766643e+01
1.188033045248990405e+01
1.188044107576802944e+01
