1.188024147592621560e+01
1.188033628166860822e+01
1.188029659433188456e+01
1.188025906969455825e+01
1.188034967566904498e+01
1.188026179460350207e+01
1.188029302654491026e+01
1.188033806824111949e+01
1.188024324189821357e+01
1.188033113324034851e+01
1.188030308333275187e+01
1.188025396672275669e+01
1.188035157380473272e+01
1.188026296855756669e+01
1.188029073798873902e+01
1.188033891058630331e+01
1.188024542893441549e+01
1.188032630251956512e+01
1.188030839836059727e+01
1.188025083164659890e+01
1.188035094008037973e+01
1.188026694033829500e+01
1.188028561799935900e+01
1.188034253878582902e+01
1.188024481369149576e+01
1.188032439100744497e+01
1.188031066848608752e+01
1.188025071268351596e+01
1.188034760497303566e+01
1.188027299773997214e+01
1.188027921270030518e+01
1.188034665169607607e+01
1.188024436005366447e+01
1.188032187210334634e+01
1.188031386709407400e+01
1.188024932830699676e+01
1.188034600021668830e+01
1.188027672830877890e+01
1.188027574289074018e+01
1.188034739000316087e+01
1.188024740907340870e+01
1.188031605061612161e+01
1.188031995525382101e+01
1.188024550277303604e+01
1.188034648604038779e+01
1.188027860763084576e+01
1.188027389279046453e+01
1.188034688070213107e+01
1.188025109967058057e+01
1.188031040116858961e+01
1.188032499178483015e+01
1.188024348666186825e+01
1.188034466154530477e+01
1.188028302684553950e+01
1.188026943717009054e+01
1.188034903605323933e+01
1.188025196933010541e+01
1.188030780706988665e+01
1.188032679566430616e+01
1.188024465577495903e+01
1.188034001871897516e+01
1.188028961679326656e+01
1.188026358469677568e+01
1.188035187121268699e+01
1.188025270477960582e+01
1.188030496459676044e+01
1.188032918105744074e+01
1.188024482104723489e+01
1.188033696271254591e+01
1.188029392844312682e+01
1.188026065269320242e+01
1.188035137268544972e+01
1.188025685716100988e+01
1.188029891517721204e+01
1.188033441888864772e+01
1.188024246395216643e+01
1.188033621074530544e+01
1.188029608572785634e+01
1.188025965686514951e+01
1.188034936473956549e+01
1.188026183422633153e+01
1.188029290408000449e+01
1.188033874918900068e+01
1.188024171222778591e+01
1.188033341726498548e+01
1.188030049746755878e+01
1.188025628107867249e+01
1.188034991853741928e+01
1.188026395700629578e+01
1.188029007563613604e+01
1.188033969720659933e+01
1.188024425968471576e+01
1.188032773748766147e+01
1.188030714287838840e+01
1.188025138634983691e+01
1.188035137859235668e+01
1.188026562000411701e+01
1.188028736664013962e+01
1.188034089654881420e+01
1.188024603524363343e+01
1.188032352095400235e+01
1.188031156684834500e+01
1.188024935722912012e+01
1.188034960285921038e+01
1.188027056394794734e+01
1.188028157062367995e+01
1.188034491639732693e+01
1.188024518652755646e+01
1.188032183552079957e+01
1.188031354398941097e+01
1.188024954463035954e+01
1.188034610170927330e+01
1.188027648362268707e+01
1.188027568031041525e+01
1.188034820354711307e+01
1.188024569267317609e+01
1.188031841608475503e+01
1.188031747620303946e+01
1.188024756626462519e+01
1.188034507999259226e+01
1.188027950847741465e+01
1.188027307846504499e+01
1.188034800714408412e+01
1.188024955493665580e+01
1.188031208411055317e+01
1.188032369435914859e+01
1.188024392810037355e+01
1.188034522158887896e+01
1.188028172827957718e+01
1.188027095848680403e+01
1.188034775936810661e+01
1.188025284597695119e+01
1.188030710414946611e+01
1.188032776783934352e+01
1.188024305285818194e+01
1.188034228137392034e+01
1.188028705236488669e+01
1.188026588301588582e+01
1.188035031350352710e+01
1.188025339156944327e+01
1.188030488546726637e+01
1.188032912639725147e+01
1.188024462905102752e+01
1.188033744561857219e+01
1.188029347959691151e+01
1.188026057072470998e+01
1.188035234661018968e+01
1.188025499836878929e+01
1.188030126742102510e+01
1.188033214033113083e+01
1.188024423415101083e+01
1.188033502585902212e+01
1.188029697449657718e+01
1.188025861888393742e+01
1.188035085028511340e+01
1.188025996358399361e+01
1.188029474226166471e+01
1.188033749304450382e+01
1.188024201473980135e+01
1.188033405226372707e+01
1.188029931197238298e+01
1.188025749225121608e+01
1.188034903481203131e+01
1.188026452939750932e+01
1.188028946025426080e+01
1.188034080856184715e+01
1.188024240325977843e+01
1.188033020182406929e+01
1.188030454838633787e+01
1.188025354130946454e+01
1.188035002076837543e+01
1.188026621467950861e+01
1.188028716029749177e+01
1.188034117802754430e+01
1.188024542704219932e+01
1.188032432761300328e+01
1.188031100218702107e+01
1.188024919130026369e+01
1.188035073662372554e+01
1.188026863165913127e+01
1.188028380925759642e+01
1.188034291521889507e+01
1.188024665039093186e+01
1.188032081932968431e+01
1.188031450095435382e+01
1.188024822918605139e+01
1.188034793564882818e+01
1.188027436103778101e+01
1.188027757649086880e+01
1.188034705424519188e+01
1.188024585937076694e+01
1.188031905735046756e+01
1.188031649676660173e+01
1.188024840470576038e+01
1.188034458618447431e+01
1.188027984004286530e+01
1.188027246924355751e+01
1.188034930302513104e+01
1.188024746858188863e+01
1.188031466568492789e+01
1.188032117065834470e+01
1.188024587681396760e+01
1.188034405665027293e+01
1.188028229827365934e+01
1.188027054211142186e+01
1.188034842181375339e+01
1.188025184428969361e+01
1.188030815644628468e+01
1.188032717421588202e+01
1.188024276045361205e+01
1.188034354552253014e+01
1.188028513348062987e+01
1.188026791172536889e+01
1.188034864261627277e+01
1.188025456573799765e+01
1.188030396781915066e+01
1.188033022691151963e+01
1.188024300698690539e+01
1.188033958747628382e+01
1.188029119630484587e+01
1.188026243292802775e+01
1.188035134547403615e+01
1.188025506058373182e+01
1.188030183149606600e+01
1.188033145190284756e+01
1.188024466377740396e+01
1.188033488940476978e+01
1.188029714389488412e+01
1.188025794227365850e+01
1.188035235014666036e+01
1.188025769907188511e+01
1.188029734318534558e+01
1.188033513159190768e+01
1.188024372086615088e+01
1.188033304561233905e+01
1.188029993655924166e+01
1.188025679437074622e+01
1.188035009493239258e+01
1.188026318538406478e+01
1.188029066791343347e+01
1.188034026189447268e+01
1.188024196883946004e+01
1.188033154056042129e+01
1.188030273927421554e+01
1.188025527725294772e+01
1.188034870445624058e+01
1.188026714262190175e+01
1.188028626196494031e+01
1.188034248336399479e+01
1.188024349802396173e+01
1.188032671050621936e+01
1.188030865778748790e+01
1.188025094195277553e+01
1.188034989683284692e+01
1.188026864528852222e+01
1.188028420692264930e+01
1.188034258575742719e+01
1.188024666514587935e+01
1.188032098215307109e+01
1.188031459295941872e+01
1.188024742819054502e+01
1.188034962999051558e+01
1.188027199386952404e+01
1.188028009478345481e+01
1.188034492843527090e+01
1.188024731592569694e+01
1.188031815147922110e+01
1.188031725771666558e+01
1.188024737355207527e+01
1.188034603023970348e+01
1.188027822818473211e+01
1.188027373933518227e+01
1.188034886011005931e+01
1.188024690553380935e+01
1.188031600233748541e+01
1.188031956753317075e+01
1.188024725864175224e+01
1.188034308893210245e+01
1.188028304459005469e+01
1.188026958436319624e+01
1.188034997150266392e+01
1.188024963792190825e+01
1.188031069322612332e+01
1.188032486692897649e+01
1.188024434391486039e+01
1.188034285129077183e+01
1.188028517262465655e+01
1.188026805770995686e+01
1.188034871586463126e+01
1.188025418999133009e+01
1.188030435298646026e+01
1.188033032271523481e+01
1.188024204805968687e+01
1.188034143791701780e+01
1.188028881867971798e+01
1.188026477232065403e+01
1.188034950390890820e+01
1.188025628959329616e+01
1.188030095316356061e+01
1.188033242382017818e+01
1.188024327360272459e+01
1.188033667405815486e+01
1.188029535446819018e+01
1.188025918891582045e+01
1.188035204260141420e+01
1.188025704848848640e+01
1.188029858798361538e+01
1.188033382084028844e+01
1.188024471450419739e+01
1.188033239179153711e+01
1.188030057905885783e+01
1.188025570847463719e+01
1.188035190142189990e+01
1.188026075914507196e+01
1.188029325943653269e+01
1.188033807901377337e+01
1.188024335652679220e+01
1.188033094948161583e+01
1.188030288784829480e+01
1.188025509960999848e+01
1.188034919521603250e+01
1.188026642840601887e+01
1.188028678227362711e+01
1.188034265133504341e+01
1.188024237539717198e+01
1.188032865299489238e+01
1.188030636975180165e+01
1.188025302110054326e+01
1.188034835923929755e+01
1.188026969432747748e+01
1.188028327603992018e+01
1.188034382713712311e+01
1.188024491981822095e+01
1.188032303841288240e+01
1.188031272290037066e+01
1.188024858141310247e+01
1.188034946097480749e+01
1.188027132027722388e+01
1.188028115411673724e+01
1.188034397791401453e+01
1.188024791751116993e+01
1.188031775270884083e+01
1.188031787812228046e+01
1.188024610918680324e+01
1.188034807645630764e+01
1.188027566239392030e+01
1.188027628398909918e+01
1.188034686966685172e+01
1.188024809809833116e+01
1.188031545064399097e+01
1.188031990975370000e+01
1.188024670678315076e+01
1.188034398134218250e+01
1.188028206596825598e+01
1.188027015194398395e+01
1.188035025939242928e+01
1.188024837489904861e+01
1.188031264405127807e+01
1.188032276664419484e+01
1.188024610404065484e+01
1.188034160751359281e+01
1.188028610861716139e+01
1.188026699698310473e+01
1.188035026183202270e+01
1.188025212347995563e+01
1.188030659282189028e+01
1.188032846585095825e+01
1.188024306088433235e+01
1.188034138198089451e+01
1.188028820317710554e+01
1.188026555849222454e+01
1.188034895614372743e+01
1.188025652525242037e+01
1.188030073353375293e+01
1.188033309809889992e+01
1.188024180527334472e+01
1.188033891413496690e+01
1.188029274481640130e+01
1.188026159238690482e+01
1.188035028712448060e+01
1.188025807481541563e+01
1.188029799815135945e+01
1.188033443160404623e+01
1.188024376503659951e+01
1.188033364079575271e+01
1.188029942422815388e+01
1.188025624437929295e+01
1.188035233085310693e+01
1.188025940621552223e+01
1.188029512339805649e+01
1.188033625317761732e+01
1.188024476668638307e+01
1.188032996165403965e+01
1.188030378880026561e+01
1.188025384390171979e+01
1.188035105272965275e+01
1.188026410209938533e+01
1.188028910720249876e+01
1.188034088901995666e+01
1.188024322837972058e+01
1.188032865906921742e+01
1.188030590128944119e+01
1.188025346153675521e+01
1.188034822724779715e+01
1.188026961682356131e+01
1.188028315142555513e+01
1.188034461649640861e+01
1.188024325058298203e+01
1.188032540151453986e+01
1.188031017133465106e+01
1.188025076565989835e+01
1.188034795400622734e+01
1.188027223342339944e+01
1.188028044399922223e+01
1.188034491410297377e+01
1.188024657724598931e+01
1.188031928855746600e+01
1.188031664009421817e+01
1.188024655193595081e+01
1.188034864028588800e+01
1.188027429236668375e+01
1.188027796386369239e+01
1.188034538510532379e+01
1.188024915751037369e+01
1.188031465829668853e+01
1.188032085530719506e+01
1.188024521118589583e+01
1.188034612737953921e+01
1.188027956310527600e+01
1.188027246267966319e+01
1.188034865254635974e+01
1.188024907765177041e+01
1.188031264125931052e+01
1.188032253237804525e+01
1.188024614897205034e+01
1.188034187369664174e+01
1.188028579123021622e+01
1.188026688470169567e+01
1.188035120534851963e+01
1.188025028558404550e+01
1.188030898966410120e+01
1.188032607078077518e+01
1.188024497136447266e+01
1.188034010771351845e+01
1.188028907368584974e+01
1.188026465100231022e+01
1.188035024978866971e+01
1.188025483106527602e+01
1.188030246883955066e+01
1.188033186495339244e+01
1.188024211745029568e+01
1.188033957697491871e+01
1.188029144548979055e+01
1.188026299868044866e+01
1.188034918444798471e+01
1.188025881201355460e+01
1.188029732570740471e+01
1.188033549342996587e+01
1.188024201078777864e+01
1.188033602372235897e+01
1.188029684203145209e+01
1.188025845051142682e+01
1.188035091424730894e+01
1.188025999575028635e+01
1.188029502906505463e+01
1.188033632892775771e+01
1.188024439448069103e+01
1.188033057987224339e+01
1.188030331709512843e+01
1.188025367214545192e+01
1.188035216240362502e+01
1.188026215444174127e+01
1.188029143857619196e+01
1.188033873588452316e+01
1.188024483876514381e+01
1.188032757513782123e+01
1.188030680860360988e+01
1.188025229383603509e+01
1.188034988128587699e+01
1.188026763237448691e+01
1.188028499002294858e+01
1.188034346224859661e+01
1.188024342276888312e+01
1.188032610335664607e+01
1.188030903648221326e+01
1.188025182560866178e+01
1.188034724400275088e+01
1.188027270232676180e+01
1.188027980984791832e+01
1.188034614716544368e+01
1.188024457484610963e+01
1.188032183253954877e+01
1.188031408043973158e+01
1.188024858061639755e+01
1.188034741968248120e+01
1.188027482844008098e+01
1.188027769286603608e+01
1.188034582694075603e+01
1.188024837708755577e+01
1.188031555890890267e+01
1.188032031767215990e+01
1.188024492721625336e+01
1.188034738614813968e+01
1.188027758580332360e+01
1.188027462907517240e+01
1.188034680574429380e+01
1.188025039153528795e+01
1.188031168438037710e+01
1.188032355527538542e+01
1.188024468018016222e+01
1.188034386078114935e+01
1.188028360089109370e+01
1.188026873136539763e+01
1.188035018240271157e+01
1.188025033721432067e+01
1.188030965222225710e+01
1.188032519041431989e+01
1.188024563622705365e+01
1.188033977085979664e+01
1.188028934701333839e+01
1.188026397717600879e+01
1.188035168542129583e+01
1.188025262025889717e+01
1.188030508083569892e+01
1.188032942456657715e+01
1.188024392016224162e+01
1.188033852941999946e+01
1.188029200345195946e+01
1.188026247313223571e+01
1.188035002229866599e+01
1.188025766208421707e+01
1.188029842303235029e+01
1.188033497139864281e+01
1.188024158701386845e+01
1.188033738664839412e+01
1.188029492865916303e+01
1.188026036182050049e+01
1.188034941128448096e+01
1.188026104516815096e+01
1.188029412291559339e+01
1.188033753600728382e+01
1.188024261107446478e+01
1.188033284436717274e+01
1.188030101772856817e+01
1.188025544213359019e+01
1.188035129639816567e+01
1.188026213149326260e+01
1.188029197366922496e+01
1.188033818683284082e+01
1.188024508862896944e+01
1.188032756427672254e+01
1.188030696934067976e+01
1.188025151525003764e+01
1.188035152282615847e+01
1.188026527898899332e+01
1.188028756861451818e+01
1.188034122346815380e+01
1.188024497946222979e+01
1.188032518059008602e+01
1.188030969839843642e+01
1.188025098384720657e+01
1.188034847798373939e+01
1.188027124753415364e+01
1.188028101125143365e+01
1.188034570655735322e+01
1.188024401213443504e+01
1.188032323105272781e+01
1.188031232876325483e+01
1.188025016488118268e+01
1.188034626815702666e+01
1.188027566937520518e+01
1.188027675735268041e+01
1.188034726818361264e+01
1.188024629540680088e+01
1.188031802186080377e+01
1.188031800913530311e+01
1.188024655462226953e+01
1.188034667373925402e+01
1.188027755556089993e+01
1.188027494815438878e+01
1.188034664355298986e+01
1.188025023712669359e+01
1.188031193027478771e+01
1.188032368710975817e+01
1.188024375244260433e+01
1.188034568223591769e+01
1.188028119086433598e+01
1.188027117648895015e+01
1.188034820549187209e+01
1.188025165737203537e+01
1.188030878683392721e+01
1.188032603541317833e+01
1.188024444013306713e+01
1.188034137070324370e+01
1.188028767138938946e+01
1.188026519281348037e+01
1.188035136924855451e+01
1.188025194811858576e+01
1.188030642957678751e+01
1.188032792676286498e+01
1.188024513044189590e+01
1.188033770716060822e+01
1.188029270880502963e+01
1.188026143405320312e+01
1.188035172261207251e+01
1.188025532766971537e+01
1.188030098959415248e+01
1.188033274678119966e+01
1.188024303103920154e+01
1.188033679646641261e+01
1.188029497212269980e+01
1.188026038562353293e+01
1.188034966430173434e+01
1.188026052647460951e+01
1.188029454208231783e+01
1.188033771375988579e+01
1.188024151602643030e+01
1.188033479225771316e+01
1.188029864895677790e+01
1.188025766468231659e+01
1.188034961421831426e+01
1.188026325202158162e+01
1.188029108733750050e+01
1.188033928171784126e+01
1.188024352849490306e+01
1.188032947193570621e+01
1.188030516777295631e+01
1.188025266742402941e+01
1.188035134672447413e+01
1.188026455261095471e+01
1.188028877415414009e+01
1.188034005686746752e+01
1.188024579808860182e+01
1.188032463892699830e+01
1.188031034918444639e+01
1.188024978190780701e+01
1.188035043342485686e+01
1.188026873136185024e+01
1.188028357977127669e+01
1.188034364319127612e+01
1.188024526061664154e+01
1.188032270772484722e+01
1.188031253150928990e+01
1.188024983217947472e+01
1.188034693443703205e+01
1.188027485122829319e+01
1.188027726133655548e+01
1.188034754926092518e+01
1.188024504379547608e+01
1.188032002005636478e+01
1.188031578200594574e+01
1.188024848489720497e+01
1.188034528934806744e+01
1.188027853573574433e+01
1.188027396108037159e+01
1.188034803468659106e+01
1.188024833354805310e+01
1.188031406542465973e+01
1.188032185572826904e+01
1.188024478357735347e+01
1.188034563290788448e+01
1.188028048532941305e+01
1.188027214699215151e+01
1.188034742482977535e+01
1.188025209714439434e+01
1.188030845664754942e+01
1.188032671113040628e+01
1.188024303834462714e+01
1.188034354779323820e+01
1.188028506339629686e+01
1.188026766462373018e+01
1.188034952144396073e+01
1.188025301794310984e+01
1.188030590038226286e+01
1.188032836923997060e+01
1.188024440494559819e+01
1.188033875451601595e+01
1.188029167389695928e+01
1.188026193914841500e+01
1.188035214039661369e+01
1.188025395866436895e+01
1.188030294662292263e+01
1.188033075439621378e+01
1.188024462515391910e+01
1.188033568389042571e+01
1.188029588613919785e+01
1.188025922614608731e+01
1.188035137163503840e+01
1.188025832905694656e+01
1.188029680993591697e+01
1.188033594026745021e+01
1.188024239440922614e+01
1.188033482909394145e+01
1.188029805123114002e+01
1.188025831948826472e+01
1.188034924622177790e+01
1.188026335421709234e+01
1.188029088723324556e+01
1.188034005092432999e+01
1.188024191715972400e+01
1.188033181014430006e+01
1.188030256835959086e+01
1.188025495629119632e+01
1.188034974100181351e+01
1.188026548696835150e+01
1.188028815759633083e+01
1.188034080516606750e+01
1.188024467276892260e+01
1.188032600812562833e+01
1.188030918926451562e+01
1.188025021828595484e+01
1.188035099331291278e+01
1.188026730896012140e+01
1.188028539783275228e+01
1.188034196231938289e+01
1.188024650417746741e+01
1.188032181581702318e+01
1.188031345943765515e+01
1.188024844553703652e+01
1.188034894832939337e+01
1.188027243424236801e+01
1.188027956194308210e+01
1.188034590423657733e+01
1.188024576647408637e+01
1.188032007976002902e+01
1.188031538157882494e+01
1.188024876299206589e+01
1.188034533023158090e+01
1.188027836515197500e+01
1.188027380681123546e+01
1.188034894679688769e+01
1.188024653229132710e+01
1.188031648256635719e+01
1.188031936613870876e+01
1.188024682380996566e+01
1.188034426622929018e+01
1.188028134811688652e+01
1.188027136236641113e+01
1.188034852291634103e+01
1.188025059550893481e+01
1.188031006741338480e+01
1.188032551732177922e+01
1.188024335761313566e+01
1.188034422630569864e+01
1.188028367010095465e+01
1.188026924934445283e+01
1.188034820516335621e+01
1.188025392661807444e+01
1.188030515934580222e+01
1.188032938736103539e+01
1.188024276024157011e+01
1.188034103569077793e+01
1.188028912934036718e+01
1.188026417718730343e+01
1.188035067049689530e+01
1.188025455119410090e+01
1.188030295034182693e+01
1.188033063356071928e+01
1.188024449163260243e+01
1.188033610002746876e+01
1.188029552370183062e+01
1.188025904027176871e+01
1.188035245081912450e+01
1.188025638568209530e+01
1.188029920990804911e+01
1.188033365286806742e+01
1.188024414676413443e+01
1.188033367027617793e+01
1.188029891920293046e+01
1.188025729641814010e+01
1.188035071047170099e+01
1.188026152839856486e+01
1.188029264641236082e+01
1.188033890419485594e+01
1.188024209754237859e+01
1.188033255720750603e+01
1.188030129679818359e+01
1.188025622618573962e+01
1.188034881381415175e+01
1.188026610388986626e+01
1.188028748747099783e+01
1.188034197672606140e+01
1.188024276738940799e+01
1.188032849077339037e+01
1.188030661806501342e+01
1.188025231231489443e+01
1.188034971709278409e+01
1.188026782203108667e+01
1.188028526003470908e+01
1.188034218713589496e+01
1.188024595400426087e+01
1.188032254751358074e+01
1.188031299316595302e+01
1.188024816628335323e+01
1.188035019017078575e+01
1.188027042052614135e+01
1.188028184398525333e+01
1.188034389372532473e+01
1.188024722123717680e+01
1.188031907391128783e+01
1.188031633509062601e+01
1.188024744990915771e+01
1.188034714684945570e+01
1.188027629101094718e+01
1.188027561783283126e+01
1.188034790960072051e+01
1.188024658087731567e+01
1.188031722672072910e+01
1.188031830951874035e+01
1.188024771844029104e+01
1.188034372216226586e+01
1.188028173840162260e+01
1.188027068256427299e+01
1.188034989029568322e+01
1.188024845651372274e+01
1.188031266511783457e+01
1.188032301961570880e+01
1.188024524778784929e+01
1.188034313310062728e+01
1.188028417341014098e+01
1.188026888748481547e+01
1.188034881807252319e+01
1.188025298528415519e+01
1.188030612731158620e+01
1.188032890265875352e+01
1.188024234860986894e+01
1.188034240696567778e+01
1.188028713421124927e+01
1.188026624567923228e+01
1.188034898697591579e+01
1.188025572811306851e+01
1.188030202584141293e+01
1.188033174690374594e+01
1.188024286228801607e+01
1.188033822563557251e+01
1.188029329346243124e+01
1.188026081289636338e+01
1.188035156080030319e+01
1.188025633750381438e+01
1.188029986588898090e+01
1.188033289528533132e+01
1.188024463272894593e+01
1.188033347417305308e+01
1.188029916217969628e+01
1.188025653528360692e+01
1.188035228961120282e+01
1.188025921072977908e+01
1.188029526027243321e+01
1.188033656971290242e+01
1.188024375098945740e+01
1.188033160919066056e+01
1.188030187082546796e+01
1.188025557013103573e+01
1.188034982869070788e+01
1.188026482489683922e+01
1.188028860129643505e+01
1.188034154703696821e+01
1.188024221175314210e+01
1.188032993237877477e+01
1.188030473888850835e+01
1.188025408607172828e+01
1.188034838173800445e+01
1.188026876711448310e+01
1.188028433730292299e+01
1.188034351950014944e+01
1.188024401130975249e+01
1.188032491285101955e+01
1.188031070636686870e+01
1.188024982560010656e+01
1.188034945659907571e+01
1.188027033456528336e+01
1.188028232186661626e+01
1.188034350135931305e+01
1.188024729535426971e+01
1.188031916576566260e+01
1.188031651507174580e+01
1.188024655327582479e+01
1.188034892453604385e+01
1.188027387270382995e+01
1.188027814592001086e+01
1.188034580918155392e+01
1.188024799415247479e+01
1.188031636390981660e+01
1.188031903609063100e+01
1.188024671863730752e+01
1.188034512234076345e+01
1.188028019783849842e+01
1.188027185029748622e+01
1.188034956912336604e+01
1.188024777420829281e+01
1.188031409783960513e+01
1.188032135251271448e+01
1.188024666786551720e+01
1.188034213688483298e+01
1.188028495294143028e+01
1.188026788859895433e+01
1.188035040611173976e+01
1.188025076206601760e+01
1.188030864365459038e+01
1.188032665638130858e+01
1.188024384232578434e+01
1.188034181028261749e+01
1.188028708676160150e+01
1.188026646060252389e+01
1.188034900111182957e+01
1.188025541745707514e+01
1.188030232771052219e+01
1.188033194349061361e+01
1.188024180011237441e+01
1.188034015994385939e+01
1.188029086836320758e+01
1.188026316004360616e+01
1.188034973993201682e+01
1.188025753587947442e+01
1.188029901356163265e+01
1.188033384793988567e+01
1.188024326624233673e+01
1.188033521365936451e+01
1.188029745097098733e+01
1.188025767308459812e+01
1.188035210475658943e+01
1.188025844646355900e+01
1.188029659278075378e+01
1.188033519994117349e+01
1.188024478617150947e+01
1.188033091479041659e+01
1.188030256323852996e+01
1.188025442825306932e+01
1.188035168149033538e+01
1.188026238147533320e+01
1.188029116891977921e+01
1.188033942644900520e+01
1.188024351499976028e+01
1.188032942689899230e+01
1.188030481498664592e+01
1.188025396752064644e+01
1.188034881436050760e+01
1.188026812590780779e+01
1.188028476205767525e+01
1.188034379846306088e+01
1.188024278166751557e+01
1.188032693669956785e+01
1.188030837512915383e+01
1.188025191248317647e+01
1.188034793167178016e+01
1.188027136823054519e+01
1.188028139958585783e+01
1.188034473654732359e+01
1.188024556912296603e+01
1.188032117350826944e+01
1.188031472972250668e+01
1.188024759411746167e+01
1.188034887516853289e+01
1.188027309395844355e+01
1.188027928414058287e+01
1.188034480260392556e+01
1.188024864353713284e+01
1.188031591058678593e+01
1.188031972258117186e+01
1.188024538623897897e+01
1.188034721933354376e+01
1.188027761668473836e+01
1.188027436807916182e+01
1.188034763934358473e+01
1.188024889135721196e+01
1.188031361731501079e+01
1.188032163635492644e+01
1.188024616749385842e+01
1.188034296931416200e+01
1.188028405663192189e+01
1.188026834957333833e+01
1.188035081182212593e+01
1.188024939207911324e+01
1.188031067110269490e+01
1.188032451669683098e+01
1.188024561287345904e+01
1.188034056794561977e+01
1.188028802434744158e+01
1.188026539188128261e+01
1.188035055118034045e+01
1.188025336841661250e+01
1.188030451447913727e+01
1.188033017631431498e+01
1.188024270060011922e+01
1.188034021681868424e+01
1.188029015827341262e+01
1.188026401690610889e+01
1.188034913647953950e+01
1.188025782829520871e+01
1.188029872449119750e+01
1.188033460282227871e+01
1.188024172124194067e+01
1.188033750571816682e+01
1.188029482900526546e+01
1.188026004823394821e+01
1.188035040490261096e+01
1.188025940976223893e+01
1.188029605822877777e+01
1.188033576531365121e+01
1.188024388334623005e+01
1.188033209950719815e+01
1.188030150039731403e+01
1.188025484875961979e+01
1.188035223171745614e+01
1.188026092506589215e+01
1.188029310353743284e+01
1.188033756355026682e+01
1.188024494134765696e+01
1.188032842658450328e+01
1.188030573511531784e+01
1.188025268908611132e+01
1.188035068307438280e+01
1.188026581796015080e+01
1.188028702919857515e+01
1.188034212833301595e+01
1.188024352625138391e+01
1.188032704549743812e+01
1.188030782360256410e+01
1.188025241700727719e+01
1.188034774149701533e+01
1.188027135854669147e+01
1.188028119084477829e+01
1.188034561839329051e+01
1.188024381827140452e+01
1.188032358710622383e+01
1.188031216907010013e+01
1.188024975099400038e+01
1.188034741521837745e+01
1.188027395913764295e+01
1.188027861309546296e+01
1.188034570435224602e+01
1.188024734800210069e+01
1.188031737605155236e+01
1.188031858548654895e+01
1.188024570793213286e+01
1.188034790296434018e+01
1.188027614939186272e+01
1.188027611250090843e+01
1.188034611778755512e+01
1.188024997582253306e+01
1.188031279665192663e+01
1.188032261812348267e+01
1.188024463715487400e+01
1.188034513040059537e+01
1.188028157478084879e+01
1.188027059871060764e+01
1.188034929643076865e+01
1.188024999421052819e+01
1.188031075853347573e+01
1.188032421072213296e+01
1.188024571762297121e+01
1.188034077067470839e+01
1.188028778707790245e+01
1.188026518212933169e+01
1.188035159569196075e+01
1.188025144756444362e+01
1.188030695847931817e+01
1.188032777449963184e+01
1.188024458768752112e+01
1.188033897761457602e+01
1.188029099760172969e+01
1.188026313309961068e+01
1.188035040393295994e+01
1.188025617966816050e+01
1.188030038244522046e+01
1.188033347773538395e+01
1.188024191043459332e+01
1.188033828364636513e+01
1.188029344041478907e+01
1.188026151388070417e+01
1.188034926250785972e+01
1.188026018363447278e+01
1.188029534076137850e+01
1.188033687873540067e+01
1.188024208561614259e+01
1.188033449838511046e+01
1.188029894267001296e+01
1.188025699141104496e+01
1.188035090216613376e+01
1.188026142517908390e+01
1.188029308555391594e+01
1.188033757773018984e+01
1.188024462745739740e+01
1.188032897374581509e+01
1.188030535600197801e+01
1.188025240890263845e+01
1.188035189845839668e+01
1.188026378917079917e+01
1.188028940355436447e+01
1.188033996895302380e+01
1.188024512054841608e+01
1.188032598188479660e+01
1.188030871713637637e+01
1.188025125943914517e+01
1.188034937455458184e+01
1.188026942269988595e+01
1.188028294531427420e+01
1.188034457656346277e+01
1.188024386952919542e+01
1.188032439619752267e+01
1.188031095366298473e+01
1.188025086692819343e+01
1.188034665979840554e+01
1.188027447842058670e+01
1.188027791747574824e+01
1.188034700178450187e+01
1.188024529686927799e+01
1.188031993456773172e+01
1.188031605349839204e+01
1.188024767401772586e+01
1.188034676125701594e+01
1.188027660992918122e+01
1.188027590374283449e+01
1.188034650610903853e+01
1.188024925506098839e+01
1.188031361702027056e+01
1.188032218460131162e+01
1.188024423702872845e+01
1.188034649574330359e+01
1.188027952059244896e+01
1.188027280415352749e+01
1.188034744129746656e+01
1.188025130257666895e+01
1.188030980529302205e+01
1.188032523669249407e+01
1.188024424804625845e+01
1.188034273897609694e+01
1.188028564978538171e+01
1.188026693917357157e+01
1.188035068605147515e+01
1.188025138419382642e+01
1.188030771819043352e+01
1.188032682189425415e+01
1.188024530765939168e+01
1.188033858685165001e+01
1.188029133616731414e+01
1.188026238276468582e+01
1.188035191341375096e+01
1.188025391821112287e+01
1.188030300611783119e+01
1.188033106689950102e+01
1.188024365477458844e+01
1.188033730334985272e+01
1.188029393843165593e+01
1.188026103733695571e+01
1.188035005223037643e+01
1.188025909728166951e+01
1.188029634804578549e+01
1.188033647030034601e+01
1.188024154173154479e+01
1.188033596520618751e+01
1.188029695811344055e+01
1.188025893909723330e+01
1.188034938575111887e+01
1.188026248249805406e+01
1.188029216548605405e+01
1.188033880310040935e+01
1.188024283547274784e+01
1.188033121902065403e+01
1.188030311452783039e+01
1.188025408606752187e+01
1.188035114278509319e+01
1.188026366054931060e+01
1.188029002449949800e+01
1.188033935458170909e+01
1.188024542748386203e+01
1.188032590635348917e+01
1.188030895802724984e+01
1.188025039173344055e+01
1.188035109576700954e+01
1.188026701958119702e+01
1.188028553231664830e+01
1.188034236698468682e+01
1.188024537564340832e+01
1.188032352619223531e+01
1.188031157180722630e+01
1.188025006278172135e+01
1.188034784811558353e+01
1.188027309308021273e+01
1.188027901952894005e+01
1.188034668129497007e+01
1.188024461406635091e+01
1.188032143139121288e+01
1.188031423671899134e+01
1.188024929410818764e+01
1.188034558802529972e+01
1.188027747429352132e+01
1.188027493703354587e+01
1.188034797831871003e+01
1.188024716026940020e+01
1.188031605837035620e+01
1.188031993812314369e+01
1.188024577149934302e+01
1.188034588680538128e+01
1.188027939662755550e+01
1.188027319770344548e+01
1.188034721851205333e+01
1.188025121003004614e+01
1.188030997430649904e+01
1.188032546250753718e+01
1.188024322180787529e+01
1.188034464227802367e+01
1.188028319299199076e+01
1.188026939010510574e+01
1.188034873507086964e+01
1.188025266500287813e+01
1.188030688910511756e+01
1.188032763872860542e+01
1.188024414036589782e+01
1.188034014068541566e+01
1.188028973695913315e+01
1.188026349133023984e+01
1.188035172025623432e+01
1.188025312980201598e+01
1.188030444557575294e+01
1.188032950937982335e+01
1.188024490303824088e+01
1.188033644826153967e+01
1.188029468386964460e+01
1.188025995119752309e+01
1.188035179301483879e+01
1.188025674825913214e+01
1.188029888960155489e+01
1.188033431018600083e+01
1.188024289631688823e+01
1.188033546808450325e+01
1.188029692142378480e+01
1.188025902698497838e+01
1.188034958019990306e+01
1.188026203291691374e+01
1.188029249513698815e+01
1.188033908649508241e+01
1.188024163626782403e+01
1.188033324764965215e+01
1.188030070302007246e+01
1.188025631347459843e+01
1.188034947996485435e+01
1.188026475590947229e+01
1.188028915713633893e+01
1.188034043528890749e+01
1.188024389032374728e+01
1.188032776530583945e+01
1.188030723988516435e+01
1.188025143168992415e+01
1.188035104161684785e+01
1.188026618403937817e+01
1.188028682002971337e+01
1.188034114440850431e+01
1.188024623738265007e+01
1.188032293831257036e+01
1.188031227933602096e+01
1.188024880032521402e+01
1.188034985006812327e+01
1.188027056327716480e+01
1.188028155966811283e+01
1.188034468226594598e+01
1.188024578038116275e+01
1.188032098783424040e+01
1.188031437337555474e+01
1.188024901701450098e+01
1.188034619490176524e+01
1.188027673428248576e+01
1.188027533956749160e+01
1.188034837363937335e+01
1.188024580270969999e+01
1.188031813359433819e+01
1.188031767227808189e+01
1.188024770813576225e+01
1.188034451188314478e+01
1.188028036796954545e+01
1.188027221254699484e+01
1.188034860698121875e+01
1.188024932664260369e+01
1.188031205645699728e+01
1.188032372051064023e+01
1.188024413892334330e+01
1.188034470990829305e+01
1.188028238786684021e+01
1.188027043439445940e+01
1.188034789980069306e+01
1.188025315588726905e+01
1.188030649793135751e+01
1.188032838669595570e+01
1.188024266776507787e+01
1.188034236693649071e+01
1.188028711795604941e+01
1.188026593247999152e+01
1.188034993337626588e+01
1.188025412831094307e+01
1.188030398091815520e+01
1.188032989919908999e+01
1.188024422723795581e+01
1.188033743271886600e+01
1.188029373696067381e+01
1.188026034471474190e+01
1.188035232996464075e+01
1.188025527515043578e+01
1.188030091827044288e+01
1.188033228204995595e+01
1.188024450126785680e+01
1.188033435210875766e+01
1.188029784407519074e+01
1.188025785377233312e+01
1.188035129334568474e+01
1.188025985564778786e+01
1.188029470507056118e+01
1.188033740626165979e+01
1.188024240263783859e+01
1.188033339291517976e+01
1.188030001672594693e+01
1.188025703486943740e+01
1.188034905593329427e+01
1.188026491963296571e+01
1.188028888096002156e+01
1.188034129004174133e+01
1.188024220147874033e+01
1.188033015236040235e+01
1.188030463271812032e+01
1.188025368967164397e+01
1.188034948984865835e+01
1.188026706096407104e+01
1.188028625193080856e+01
1.188034185183794555e+01
1.188024515874019471e+01
1.188032423900026657e+01
1.188031121703805404e+01
1.188024911777230308e+01
1.188035053008444919e+01
1.188026904168482645e+01
1.188028344336512987e+01
1.188034296665168732e+01
1.188024704240317675e+01
1.188032007735275108e+01
1.188031532739438845e+01
1.188024760333745711e+01
1.188034821982936862e+01
1.188027433951558720e+01
1.188027757777920179e+01
1.188034682280676790e+01
1.188024641930017289e+01
1.188031829037784348e+01
1.188031719463463887e+01
1.188024804766283182e+01
1.188034449244097956e+01
1.188028027098572537e+01
1.188027196795294671e+01
1.188034961486407326e+01
1.188024744485290896e+01
1.188031451989364484e+01
1.188032122598670348e+01
1.188024615084827396e+01
1.188034338670704138e+01
1.188028320929226922e+01
1.188026968245831227e+01
1.188034896637402760e+01
1.188025170077192527e+01
1.188030803327720442e+01
1.188032729878044336e+01
1.188024286425406828e+01
1.188034316266983126e+01
1.188028563260412085e+01
1.188026757729970662e+01
1.188034858075044831e+01
1.188025506603707271e+01
1.188030320476498503e+01
1.188033095970489050e+01
1.188024254525114465e+01
1.188033972704422148e+01
1.188029121792754417e+01
1.188026251739146488e+01
1.188035095166131860e+01
1.188025577117635656e+01
1.188030100586110294e+01
1.188033209458462558e+01
1.188024442663842528e+01
1.188033470105724376e+01
1.188029756797665648e+01
1.188025756525467003e+01
1.188035247488967450e+01
1.188025783210351882e+01
1.188029714750021704e+01
1.188033511529211594e+01
1.188024413251672406e+01
1.188033226400232145e+01
1.188030086054169310e+01
1.188025603011353937e+01
1.188035049510575014e+01
1.188026314265321837e+01
1.188029055752788565e+01
1.188034025510133773e+01
1.188024225915084742e+01
1.188033101031267336e+01
1.188030327742368542e+01
1.188025501558476904e+01
1.188034852176407696e+01
1.188026771995889774e+01
1.188028552988018127e+01
1.188034307988048965e+01
1.188024320925145716e+01
1.188032673429753672e+01
1.188030867486698661e+01
1.188025114591141751e+01
1.188034933908736335e+01
1.188026947089457863e+01
1.188028337547912550e+01
1.188034313370103234e+01
1.188024655143730435e+01
1.188032073304781733e+01
1.188031495975372742e+01
1.188024721200072875e+01
1.188034956675792486e+01
1.188027224876293886e+01
1.188027989821958919e+01
1.188034480778431323e+01
1.188024786077451012e+01
1.188031729849925533e+01
1.188031814117863760e+01
1.188024674081819221e+01
1.188034628736090248e+01
1.188027824978131086e+01
1.188027368998554856e+01
1.188034869215239553e+01
1.188024737476661485e+01
1.188031536593581805e+01
1.188032009404163247e+01
1.188024709965670134e+01
1.188034279426272022e+01
1.188028365627708105e+01
1.188026893481404933e+01
1.188035040132230691e+01
1.188024951427084375e+01
1.188031064129200409e+01
1.188032483273543249e+01
1.188024469115055126e+01
1.188034214465281124e+01
1.188028606687019817e+01
1.188026727177669706e+01
1.188034914231230132e+01
1.188025418695936963e+01
1.188030408685351524e+01
1.188033058435844147e+01
1.188024201566288518e+01
1.188034120242054037e+01
1.188028915078709247e+01
1.188026462106206438e+01
1.188034925979574297e+01
1.188025694708635527e+01
1.188030007801415877e+01
1.188033321699548850e+01
1.188024279438855579e+01
1.188033680551684768e+01
1.188029539562095671e+01
1.188025924438445813e+01
1.188035169831230142e+01
1.188025767294556090e+01
1.188029789468111197e+01
1.188033428981737494e+01
1.188024467355269742e+01
1.188033200949138646e+01
1.188030117541265440e+01
1.188025518720305307e+01
1.188035214937724859e+01
1.188026077716093099e+01
1.188029317849895605e+01
1.188033795304744444e+01
1.188024385545859829e+01
1.188033012426100754e+01
1.188030379832885686e+01
1.188025440372125452e+01
1.188034948886591913e+01
1.188026650853391430e+01
1.188028654794755212e+01
1.188034276769522712e+01
1.188024253371041539e+01
1.188032827580260076e+01
1.188030672955595257e+01
1.188025295340853482e+01
1.188034798840534378e+01
1.188027042973698677e+01
1.188028243182969135e+01
1.188034448901654194e+01
1.188024459992323223e+01
1.188032307551680944e+01
1.188031273557385070e+01
1.188024877609454677e+01
1.188034894165465616e+01
1.188027206252052181e+01
1.188028045603217464e+01
1.188034435308540893e+01
1.188024799373813778e+01
1.188031732006424690e+01
1.188031840767591163e+01
1.188024575137051109e+01
1.188034814406091577e+01
1.188027578574440035e+01
1.188027622219262369e+01
1.188034662225949489e+01
1.188024874059967040e+01
1.188031454946349363e+01
1.188032078336422082e+01
1.188024613417571906e+01
1.188034414734335265e+01
1.188028219008936759e+01
1.188026999801873274e+01
1.188035020243401085e+01
1.188024871403176519e+01
1.188031216728717609e+01
1.188032310513733414e+01
1.188024614602808882e+01
1.188034112308283419e+01
1.188028687653135762e+01
1.188026623530619830e+01
1.188035076427198611e+01
1.188025195217003471e+01
1.188030657716998029e+01
1.188032840414902758e+01
1.188024341585906107e+01
1.188034070548013688e+01
1.188028901584498342e+01
1.188026490517755462e+01
1.188034921464154792e+01
1.188025670172108583e+01
1.188030029680857780e+01
1.188033351302533269e+01
1.188024163189519200e+01
1.188033881924656399e+01
1.188029292838812268e+01
1.188026159390895131e+01
1.188034990287709647e+01
1.188025883680107953e+01
1.188029707167667759e+01
1.188033521993735420e+01
1.188024333435446245e+01
1.188033369997140376e+01
1.188029954590110115e+01
1.188025621386895736e+01
1.188035208773031037e+01
1.188025990048244118e+01
1.188029459622911155e+01
1.188033652716400645e+01
1.188024492941011623e+01
1.188032939189496417e+01
1.188030453776941364e+01
1.188025320956604602e+01
1.188035138319358630e+01
1.188026405353359394e+01
1.188028908595710220e+01
1.188034071436654671e+01
1.188024374890066603e+01
1.188032785811604697e+01
1.188030673195783393e+01
1.188025289483788605e+01
1.188034836194748856e+01
1.188026986237986371e+01
1.188028276091716151e+01
1.188034487766485192e+01
1.188024326629668259e+01
1.188032517627005724e+01
1.188031036625252312e+01
1.188025086575696676e+01
1.188034743369412460e+01
1.188027307714538594e+01
1.188027954581026968e+01
1.188034557834165739e+01
1.188024629081285610e+01
1.188031927494073869e+01
1.188031671077148133e+01
1.188024667751283303e+01
1.188034821483385883e+01
1.188027490296656019e+01
1.188027743725671925e+01
1.188034556186085844e+01
1.188024943569337744e+01
1.188031404374736866e+01
1.188032153315064221e+01
1.188024473765388755e+01
1.188034629002057940e+01
1.188027959937176092e+01
1.188027248324482876e+01
1.188034833808797863e+01
1.188024975231371982e+01
1.188031176020972524e+01
1.188032332894734289e+01
1.188024569873120129e+01
1.188034189385126282e+01
1.188028606390832742e+01
1.188026658934349022e+01
1.188035128647359784e+01
1.188025047830375591e+01
1.188030867690815562e+01
1.188032622981253539e+01
1.188024519238502741e+01
1.188033946845355793e+01
1.188028995149460343e+01
1.188026383215180992e+01
1.188035076456949568e+01
1.188025467490806797e+01
1.188030242578670226e+01
1.188033183938977011e+01
1.188024241777016421e+01
1.188033898943837841e+01
1.188029212456407180e+01
1.188026251998893024e+01
1.188034924523849689e+01
1.188025918453376661e+01
1.188029671497007733e+01
1.188033605263836634e+01
1.188024171681543351e+01
1.188033603869331678e+01
1.188029691746649164e+01
1.188025855518755058e+01
1.188035044800526308e+01
1.188026079743264418e+01
1.188029411942081559e+01
1.188033704496116094e+01
1.188024407553836781e+01
1.188033050997722029e+01
1.188030356869966297e+01
1.188025351423290310e+01
1.188035205284423235e+01
1.188026249669871248e+01
1.188029108716552606e+01
1.188033881865176689e+01
1.188024518755655379e+01
1.188032684879851786e+01
1.188030766777437108e+01
1.188025159767515149e+01
1.188035023712555116e+01
1.188026757799348232e+01
1.188028496532067813e+01
1.188034330357031365e+01
1.188024390027721111e+01
1.188032538838424479e+01
1.188030973212058505e+01
1.188025143356780333e+01
1.188034718608503226e+01
1.188027313442092137e+01
1.188027925450151656e+01
1.188034654982191185e+01
1.188024446267800016e+01
1.188032173360547361e+01
1.188031414676667019e+01
1.188024880180410925e+01
1.188034680611623806e+01
1.188027571692401985e+01
1.188027680803796571e+01
1.188034642638520033e+01
1.188024818790335502e+01
1.188031543591936412e+01
1.188032049904689558e+01
1.188024493782014090e+01
1.188034709205693140e+01
1.188027803772422430e+01
1.188027428856152490e+01
1.188034678318232018e+01
1.188025085852316387e+01
1.188031091440316978e+01
1.188032434338562915e+01
1.188024413800216728e+01
1.188034406480606542e+01
1.188028360858588961e+01
1.188026877185667907e+01
1.188034986629397416e+01
1.188025097766914229e+01
1.188030885533997250e+01
1.188032585207296421e+01
1.188024535689148919e+01
1.188033960775149289e+01
1.188028979396070106e+01
1.188026352634967608e+01
1.188035190711676847e+01
1.188025267557072517e+01
1.188030491154550994e+01
1.188032943630408944e+01
1.188024427662973181e+01
1.188033778923291806e+01
1.188029292943405579e+01
1.188026166300657138e+01
1.188035048308532815e+01
1.188025758512253205e+01
1.188029829223141398e+01
1.188033503781798217e+01
1.188024178257134977e+01
1.188033693034905802e+01
1.188029544224764500e+01
1.188026007708067056e+01
1.188034926887339715e+01
1.188026160520761287e+01
1.188029335988562707e+01
1.188033820629235038e+01
1.188024223904025867e+01
1.188033291927082757e+01
1.188030104112278806e+01
1.188025558843794371e+01
1.188035081395648618e+01
1.188026290525704098e+01
1.188029114660841046e+01
1.188033877058730248e+01
1.188024493268676629e+01
1.188032732426644245e+01
1.188030738123305952e+01
1.188025121043688692e+01
1.188035155515132502e+01
1.188026547258275123e+01
1.188028737744222241e+01
1.188034114302826794e+01
1.188024547407647624e+01
1.188032434879653820e+01
1.188031060847377951e+01
1.188025028973396857e+01
1.188034879412498945e+01
1.188027125137222129e+01
1.188028092121199641e+01
1.188034562266356886e+01
1.188024439258265197e+01
1.188032264871130472e+01
1.188031285302709605e+01
1.188024997126856164e+01
1.188034600757821480e+01
1.188027628428419114e+01
1.188027605379099327e+01
1.188034778429979177e+01
1.188024609307900192e+01
1.188031800320214870e+01
1.188031800041476060e+01
1.188024683651619995e+01
1.188034603269265688e+01
1.188027842052485283e+01
1.188027414353261335e+01
1.188034711662525034e+01
1.188025019887598788e+01
1.188031165333186401e+01
1.188032401419836503e+01
1.188024362310746618e+01
1.188034553358428802e+01
1.188028148193378541e+01
1.188027101146482956e+01
1.188034800742174824e+01
1.188025227653800542e+01
1.188030790929258984e+01
1.188032687749731053e+01
1.188024389063443209e+01
1.188034155266361935e+01
1.188028771432096597e+01
1.188026518999308578e+01
1.188035111300634128e+01
1.188025249677098216e+01
1.188030576741556033e+01
1.188032841313883381e+01
1.188024504997784803e+01
1.188033734620088921e+01
1.188029333130987197e+01
1.188026083898552976e+01
1.188035206229963592e+01
1.188025527831033656e+01
1.188030092172714447e+01
1.188033266208415917e+01
1.188024346399220832e+01
1.188033602062098204e+01
1.188029587795259268e+01
1.188025965154514196e+01
1.188035000837887623e+01
1.188026058457159273e+01
1.188029427549682460e+01
1.188033791180744991e+01
1.188024157647662982e+01
1.188033448685450644e+01
1.188029898957348962e+01
1.188025756808899303e+01
1.188034928813107172e+01
1.188026396689091868e+01
1.188029021611955649e+01
1.188034001032997722e+01
1.188024313673320442e+01
1.188032954523890616e+01
1.188030520252107181e+01
1.188025279097163711e+01
1.188035091196906023e+01
1.188026523779041455e+01
1.188028808361213962e+01
1.188034046436449209e+01
1.188024583710087967e+01
1.188032420964023217e+01
1.188031092785698206e+01
1.188024933578919473e+01
1.188035059068104538e+01
1.188026880396011542e+01
1.188028351084226841e+01
1.188034344757311800e+01
1.188024584385460436e+01
1.188032183469981184e+01
1.188031342476078223e+01
1.188024920733149514e+01
1.188034714742797071e+01
1.188027497112569009e+01
1.188027705455599836e+01
1.188034758432701921e+01
1.188024529164886189e+01
1.188031959531755888e+01
1.188031612234575007e+01
1.188024848859828886e+01
1.188034484122824708e+01
1.188027930505725926e+01
1.188027314916577559e+01
1.188034861553139976e+01
1.188024809604787890e+01
1.188031406764706155e+01
1.188032183476187242e+01
1.188024506090834009e+01
1.188034503021328803e+01
1.188028126358454806e+01
1.188027147934874250e+01
1.188034772434106934e+01
1.188025224560500526e+01
1.188030800196974646e+01
1.188032719578973939e+01
1.188024276888113917e+01
1.188034353332437298e+01
1.188028521620846867e+01
1.188026764117290490e+01
1.188034919288407742e+01
1.188025373424784625e+01
1.188030497787297080e+01
1.188032919879849025e+01
1.188024391471143737e+01
1.188033885055983419e+01
1.188029181171147641e+01
1.188026183836345417e+01
1.188035199254448493e+01
1.188025437507837268e+01
1.188030244912689781e+01
1.188033104814692287e+01
1.188024474705543021e+01
1.188033513563346233e+01
1.188029666044810106e+01
1.188025852201306520e+01
1.188035178499518452e+01
1.188025822639890805e+01
1.188029678640960718e+01
1.188033582115233600e+01
1.188024283802291059e+01
1.188033408486722031e+01
1.188029887179326849e+01
1.188025772052363038e+01
1.188034942354568813e+01
1.188026358685022466e+01
1.188029045641256332e+01
1.188034039792669816e+01
1.188024183647273091e+01
1.188033165004980418e+01
1.188030275358113741e+01
1.188025501803632622e+01
1.188034927302294541e+01
1.188026630423640739e+01
1.188028723856260171e+01
1.188034152743175120e+01
1.188024432677365816e+01
1.188032601585193859e+01
1.188030929665902491e+01
1.188025026134448225e+01
1.188035065884116648e+01
1.188026786059742612e+01
1.188028487833527258e+01
1.188034217169154694e+01
1.188024674620092469e+01
1.188032120305078010e+01
1.188031418613719659e+01
1.188024788822123767e+01
1.188034919090803143e+01
1.188027243341699091e+01
1.188027956062917312e+01
1.188034565444703361e+01
1.188024637235543679e+01
1.188031923365698717e+01
1.188031619158452656e+01
1.188024826825418323e+01
1.188034538747880653e+01
1.188027864419347779e+01
1.188027345014113756e+01
1.188034912364872753e+01
1.188024663572660522e+01
1.188031621539645499e+01
1.188031953520824402e+01
1.188024699917146165e+01
1.188034366884780724e+01
1.188028222251287325e+01
1.188027049965862147e+01
1.188034910618176632e+01
1.188025038685679569e+01
1.188031002664195235e+01
1.188032554687921127e+01
1.188024356980709584e+01
1.188034371826583779e+01
1.188028431262213758e+01
1.188026875736962573e+01
1.188034830496818728e+01
1.188025427440247661e+01
1.188030452776601464e+01
1.188033001615489859e+01
1.188024237539132244e+01
1.188034112070879367e+01
1.188028918754880792e+01
1.188026424326916874e+01
1.188035027117236808e+01
1.188025529897203469e+01
1.188030205127872385e+01
1.188033138348330198e+01
1.188024412281549402e+01
1.188033605526507763e+01
1.188029580301486554e+01
1.188025880369006160e+01
1.188035243962085552e+01
1.188025665239027617e+01
1.188029888241043963e+01
1.188033376183517653e+01
1.188024444961092740e+01
1.188033296918021087e+01
1.188029979957219240e+01
1.188025653741338772e+01
1.188035113802639486e+01
1.188026143468244022e+01
1.188029260364616135e+01
1.188033881470847497e+01
1.188024248871850652e+01
1.188033190415111484e+01
1.188030197950858735e+01
1.188025580477085974e+01
1.188034879417266865e+01
1.188026652825511675e+01
1.188028688808129019e+01
1.188034246482220802e+01
1.188024256473714857e+01
1.188032844631259088e+01
1.188030668755877350e+01
1.188025248309060977e+01
1.188034916533639596e+01
1.188026867687818111e+01
1.188028436122060860e+01
1.188034283584669559e+01
1.188024571682343478e+01
1.188032243268454735e+01
1.188031322327269557e+01
1.188024808641440089e+01
1.188034998952338306e+01
1.188027081575199695e+01
1.188028150599617128e+01
1.188034390810762098e+01
1.188024764920244003e+01
1.188031830795297061e+01
1.188031716816143657e+01
1.188024683172890583e+01
1.188034741848125009e+01
1.188027627698439659e+01
1.188027562102754153e+01
1.188034767071400921e+01
1.188024714418177297e+01
1.188031646980941503e+01
1.188031898067355385e+01
1.188024739959593390e+01
1.188034358955613001e+01
1.188028219841728372e+01
1.188027016632857347e+01
1.188035020682663756e+01
1.188024842903234024e+01
1.188031253088864858e+01
1.188032305305661751e+01
1.188024554840944802e+01
1.188034244257219463e+01
1.188028508948249673e+01
1.188026804100374356e+01
1.188034933699275975e+01
1.188025286907503464e+01
1.188030598465310206e+01
1.188032903614982061e+01
1.188024244878001845e+01
1.188034203213643991e+01
1.188028761304678582e+01
1.188026594470539621e+01
1.188034888558532209e+01
1.188025626266105306e+01
1.188030124310978231e+01
1.188033248272479625e+01
1.188024240810639043e+01
1.188033835737014954e+01
1.188029331508691833e+01
1.188026090606683560e+01
1.188035115649923412e+01
1.188025704989611064e+01
1.188029905467476510e+01
1.188033350748682082e+01
1.188024443409902275e+01
1.188033325072479052e+01
1.188029960951165087e+01
1.188025614776171679e+01
1.188035241879948600e+01
1.188025933556284564e+01
1.188029508315288219e+01
1.188033652547908581e+01
1.188024419150584343e+01
1.188033080892908977e+01
1.188030279587700377e+01
