1.188024147592622626e+01
1.188035565704413088e+01
1.188052578851339725e+01
1.188055889363605822e+01
1.188040507005341340e+01
1.188025108132989871e+01
1.188031098861659096e+01
1.188048111497218073e+01
1.188057625385284766e+01
1.188045448189755326e+01
1.188027867899005763e+01
1.188027565139013930e+01
1.188043008144643409e+01
1.188057536061084285e+01
1.188049934037801059e+01
1.188032081307304999e+01
1.188025361936615276e+01
1.188037823813727911e+01
1.188055584982466328e+01
1.188053554366113396e+01
1.188037233138578586e+01
1.188024776225880608e+01
1.188033083569341386e+01
1.188051969571731625e+01
1.188055966706179944e+01
1.188042713641921466e+01
1.188025939031402167e+01
1.188029233531170448e+01
1.188047102943721711e+01
1.188056920953210849e+01
1.188047901455644251e+01
1.188028790607805973e+01
1.188026611873313243e+01
1.188041559559210469e+01
1.188056284933775864e+01
1.188052242210998877e+01
1.188033065870861016e+01
1.188025435837503174e+01
1.188035996156051688e+01
1.188054067024448912e+01
1.188055309959777972e+01
1.188038310310879453e+01
1.188025796957962932e+01
1.188031062207042154e+01
1.188050432444616433e+01
1.188056841648273831e+01
1.188043929599754023e+01
1.188027660279066922e+01
1.188027313173880373e+01
1.188045708079133966e+01
1.188056744383051644e+01
1.188049265293783741e+01
1.188030867270979485e+01
1.188025140479013331e+01
1.188040367178178514e+01
1.188055083526282374e+01
1.188053683058510046e+01
1.188035141944074624e+01
1.188024731169440962e+01
1.188034987346157756e+01
1.188052060052519465e+01
1.188056659906240320e+01
1.188040100352972139e+01
1.188026062506581759e+01
1.188030184504573938e+01
1.188047982148704662e+01
1.188057857076573676e+01
1.188045268507952912e+01
1.188028925826885107e+01
1.188026533730319123e+01
1.188043235255098651e+01
1.188057164366083640e+01
1.188050116214604301e+01
1.188032968714388637e+01
1.188024489376169157e+01
1.188038254882856037e+01
1.188054706295263330e+01
1.188054108978263557e+01
1.188037746198383005e+01
1.188024316332364450e+01
1.188033502374519124e+01
1.188050811766998827e+01
1.188056771639920406e+01
1.188042773451795853e+01
1.188026045785914953e+01
1.188029437750992834e+01
1.188045958159903570e+01
1.188057753638485892e+01
1.188047571767151034e+01
1.188029467457174349e+01
1.188026483843760772e+01
1.188040702206328270e+01
1.188056886274027057e+01
1.188051702241288154e+01
1.188034161371220065e+01
1.188024982753186620e+01
1.188035608301442281e+01
1.188054221398260779e+01
1.188054789311916792e+01
1.188039560804712735e+01
1.188025151111114219e+01
1.188031185251669442e+01
1.188050039483846732e+01
1.188056541174196390e+01
1.188045032636711262e+01
1.188027040729831008e+01
1.188027841442515964e+01
1.188044819947496045e+01
1.188056771044094795e+01
1.188049962099718471e+01
1.188030511464197581e+01
1.188025861429884245e+01
1.188039177936815172e+01
1.188055417677271919e+01
1.188053829373453674e+01
1.188035226096150154e+01
1.188025398316167092e+01
1.188033780422505536e+01
1.188052562021280067e+01
1.188056264988921029e+01
1.188040676336395585e+01
1.188026474158474421e+01
1.188029255665813366e+01
1.188048437249787881e+01
1.188057075908641202e+01
1.188046240555425115e+01
1.188028984871757388e+01
1.188026109371888239e+01
1.188043426643885425e+01
1.188056244498259950e+01
1.188051263679865244e+01
1.188032708867969589e+01
1.188024661766184487e+01
1.188038040679129992e+01
1.188053909485289061e+01
1.188055145515721200e+01
1.188037318006002785e+01
1.188025017478329737e+01
1.188032868519629659e+01
1.188050336993088507e+01
1.188057424387462468e+01
1.188042391321458879e+01
1.188027070816923469e+01
1.188028508843862419e+01
1.188045886742482082e+01
1.188057842525759966e+01
1.188047437347879232e+01
1.188030538615193876e+01
1.188025491498587094e+01
1.188040978520909974e+01
1.188056379414022956e+01
1.188051931910756487e+01
1.188035009320166324e+01
1.188024201787064804e+01
1.188036063356689809e+01
1.188053245824238147e+01
1.188055371643255675e+01
1.188039999224754517e+01
1.188024819153914358e+01
1.188031598408732492e+01
1.188048843076234462e+01
1.188057335837344297e+01
1.188045007633330563e+01
1.188027283640098020e+01
1.188028019064632446e+01
1.188043699684243570e+01
1.188057547012856219e+01
1.188049562246695601e+01
1.188031300499964971e+01
1.188025703502879793e+01
1.188038397630194254e+01
1.188055921133291015e+01
1.188053250353982015e+01
1.188036383087941417e+01
1.188024932053671279e+01
1.188033499219679889e+01
1.188052596738649669e+01
1.188055739595719196e+01
1.188041923544817813e+01
1.188025847605265106e+01
1.188029486131076773e+01
1.188047931570273796e+01
1.188056795416907008e+01
1.188047277223485132e+01
1.188028422764903524e+01
1.188026719882707916e+01
1.188042462049903847e+01
1.188056298168284819e+01
1.188051847975465058e+01
1.188032440646120946e+01
1.188025424630484217e+01
1.188036832489707173e+01
1.188054258108630457e+01
1.188055161236805191e+01
1.188037499203794667e+01
1.188025685274565646e+01
1.188031707713540541e+01
1.188050826090117518e+01
1.188056912104369722e+01
1.188043046675890579e+01
1.188027453437215719e+01
1.188027682866273338e+01
1.188046297523908379e+01
1.188056982369206693e+01
1.188048446134023450e+01
1.188030558230867051e+01
1.188025203908133953e+01
1.188041103551532274e+01
1.188055431082337421e+01
1.188053058084053504e+01
1.188034720303682157e+01
1.188024513128282145e+01
1.188035781110717437e+01
1.188052468409496676e+01
1.188056327558722103e+01
1.188039567020156007e+01
1.188025629968673158e+01
1.188030919134129704e+01
1.188048420511197456e+01
1.188057862889804994e+01
1.188044649877838133e+01
1.188028366942326031e+01
1.188027087717147978e+01
1.188043690929497131e+01
1.188057492376688096e+01
1.188049470640063987e+01
1.188032371031295931e+01
1.188024761859644585e+01
1.188038724432150239e+01
1.188055285907272562e+01
1.188053522081944635e+01
1.188037179156233414e+01
1.188024250966289230e+01
1.188033977438057320e+01
1.188051536974764488e+01
1.188056341800316495e+01
1.188042278631312776e+01
1.188025645933244334e+01
1.188029892713871227e+01
1.188046712265564686e+01
1.188057571115738931e+01
1.188047163595322964e+01
1.188028796955191169e+01
1.188026871493614323e+01
1.188041381751031622e+01
1.188057010155356963e+01
1.188051378598153818e+01
1.188033330407296972e+01
1.188025239515140719e+01
1.188036141386332822e+01
1.188054660405861362e+01
1.188054546479195928e+01
1.188038701958415189e+01
1.188025210249911723e+01
1.188031539851698959e+01
1.188050743831026423e+01
1.188056385768473966e+01
1.188044273796706385e+01
1.188026850977255044e+01
1.188028021318477201e+01
1.188045688169186143e+01
1.188056724490106753e+01
1.188049401910998171e+01
1.188030056677599333e+01
1.188025892220774082e+01
1.188040076501204823e+01
1.188055512437844818e+01
1.188053520541228636e+01
1.188034538884119051e+01
1.188025310738502860e+01
1.188034570266805900e+01
1.188052830398897441e+01
1.188056210253582456e+01
1.188039839283343824e+01
1.188026290935144402e+01
1.188029819782479279e+01
1.188048895035678676e+01
1.188057237540899536e+01
1.188045373727082676e+01
1.188028714598004498e+01
1.188026375741040219e+01
1.188044057052239388e+01
1.188056562366397451e+01
1.188050502186101376e+01
1.188032347853874882e+01
1.188024615481852209e+01
1.188038785986979207e+01
1.188054320344110337e+01
1.188054612595100146e+01
1.188036860112363335e+01
1.188024698130994672e+01
1.188033634019517137e+01
1.188050789616251635e+01
1.188057205441903008e+01
1.188041842799278847e+01
1.188026556834955194e+01
1.188029178192207347e+01
1.188046349909362576e+01
1.188057966438860902e+01
1.188046829892599021e+01
1.188029925075641735e+01
1.188025949356980959e+01
1.188041439881132177e+01
1.188056813362655717e+01
1.188051327179461936e+01
1.188034386078413362e+01
1.188024359162263366e+01
1.188036519373137878e+01
1.188053905461634763e+01
1.188054854858976661e+01
1.188039434011836804e+01
1.188024635730850065e+01
1.188032039957812458e+01
1.188049613824325235e+01
1.188057000362926452e+01
1.188044537687253310e+01
1.188026780025517226e+01
1.188028420109246319e+01
1.188044462161336945e+01
1.188057473295714495e+01
1.188049196955208586e+01
1.188030555445206460e+01
1.188026018155930785e+01
1.188039051313397820e+01
1.188056154375447449e+01
1.188052983340155322e+01
1.188035516580940865e+01
1.188025100809769441e+01
1.188033979520736771e+01
1.188053129804834995e+01
1.188055563882403831e+01
1.188041071488640199e+01
1.188025811066905746e+01
1.188029770477504421e+01
1.188048700078516084e+01
1.188056714624075738e+01
1.188046564197433774e+01
1.188028140288609080e+01
1.188026821177995096e+01
1.188043354325975898e+01
1.188056330116047121e+01
1.188051363580451181e+01
1.188031908940167725e+01
1.188025375836136277e+01
1.188037711105520522e+01
1.188054430352303292e+01
1.188054945535065698e+01
1.188036763535770035e+01
1.188025522405176027e+01
1.188032436660149749e+01
1.188051164163603346e+01
1.188056954586984304e+01
1.188042199124149612e+01
1.188027202978957497e+01
1.188028154686899818e+01
1.188046808596391912e+01
1.188057234060861589e+01
1.188047610802590270e+01
1.188030231665299574e+01
1.188025360886650539e+01
1.188041761615130909e+01
1.188055823898774044e+01
1.188052367593487801e+01
1.188034316822348124e+01
1.188024356403284365e+01
1.188036520958359432e+01
1.188052934592725585e+01
1.188055896132724776e+01
1.188039084227858488e+01
1.188025213593733298e+01
1.188031642611080763e+01
1.188048907316822067e+01
1.188057761539943336e+01
1.188044098646312108e+01
1.188027779882647472e+01
1.188027680439364175e+01
1.188044167665887407e+01
1.188057732805038214e+01
1.188048886888914879e+01
1.188031714045128950e+01
1.188025116270066484e+01
1.188039179907391940e+01
1.188055818847646528e+01
1.188052969417384475e+01
1.188036542985073929e+01
1.188024291160082413e+01
1.188034408720816515e+01
1.188052265497321258e+01
1.188055903648973555e+01
1.188041727889275911e+01
1.188025348139155746e+01
1.188030290691299129e+01
1.188047514819557904e+01
1.188057334584013880e+01
1.188046730036752940e+01
1.188028198602892971e+01
1.188027210616023943e+01
1.188042138065227071e+01
1.188057044938140905e+01
1.188051065808314632e+01
1.188032523890223935e+01
1.188025476129135427e+01
1.188036755643077846e+01
1.188054997412804070e+01
1.188054343307044292e+01
1.188037815261637320e+01
1.188025289671845108e+01
1.188031956216843987e+01
1.188051360465700057e+01
1.188056281539903303e+01
1.188043444126336112e+01
1.188026721676791730e+01
1.188028227551998484e+01
1.188046506700992211e+01
1.188056719469240186e+01
1.188048748542059485e+01
1.188029688822845564e+01
1.188025910705302657e+01
1.188040976883776700e+01
1.188055620644238530e+01
1.188053122362498470e+01
1.188033941639991831e+01
1.188025181758968785e+01
1.188035413258223194e+01
1.188053074456893654e+01
1.188056093673271185e+01
1.188039069453459007e+01
1.188026055610753318e+01
1.188030474488978072e+01
1.188049293856032129e+01
1.188057378558125521e+01
1.188044531171905405e+01
1.188028402796567207e+01
1.188026746017100166e+01
1.188044609633399773e+01
1.188056901107538188e+01
1.188049713070989455e+01
1.188031973417114173e+01
1.188024659022174490e+01
1.188039458054686648e+01
1.188054781471629262e+01
1.188054005096600996e+01
1.188036424557381565e+01
1.188024432341379288e+01
1.188034354341355225e+01
1.188051301787601410e+01
1.188056883074771974e+01
1.188041346883131411e+01
1.188026049649385563e+01
1.188029846876977302e+01
1.188046859918909881e+01
1.188057984705152847e+01
1.188046288307437948e+01
1.188029274890134346e+01
1.188026455666330428e+01
1.188041918566954358e+01
1.188057166549510235e+01
1.188050778949559572e+01
1.188033697941362732e+01
1.188024604786372507e+01
1.188036957511652680e+01
1.188054528557641909e+01
1.188054364223117432e+01
1.188038798032427579e+01
1.188024558856866442e+01
1.188032435918261775e+01
1.188050398688663556e+01
1.188056647669134236e+01
1.188044013941702026e+01
1.188026373653226742e+01
1.188028765545143983e+01
1.188045282003334968e+01
1.188057338307453392e+01
1.188048810644762909e+01
1.188029873117580237e+01
1.188026288844939593e+01
1.188039786838359646e+01
1.188056295287512221e+01
1.188052731583490385e+01
1.188034662847402068e+01
1.188025256106836203e+01
1.188034541369369457e+01
1.188053563074611674e+01
1.188055430328476803e+01
1.188040180409861080e+01
1.188025801702935169e+01
1.188030112894834289e+01
1.188049388312551358e+01
1.188056684571099808e+01
1.188045772219773788e+01
1.188027922965356709e+01
1.188026942960788723e+01
1.188044207899377369e+01
1.188056400259862855e+01
1.188050782719990472e+01
1.188031464631875700e+01
1.188025309014505027e+01
1.188038603538426585e+01
1.188054610876826267e+01
1.188054642448600440e+01
1.188036113252569415e+01
1.188025314439320823e+01
1.188033228991580437e+01
1.188051472878194126e+01
1.188056941247781495e+01
1.188041409902538170e+01
1.188026899742106757e+01
1.188028723135077946e+01
1.188047258062685607e+01
1.188057472968663220e+01
1.188046788491068639e+01
1.188029865867906487e+01
1.188025622214605548e+01
1.188042343256091016e+01
1.188056244823372154e+01
1.188051638459591075e+01
1.188033904024748999e+01
1.188024284567155320e+01
1.188037193319940421e+01
1.188053455809048486e+01
1.188055382043975605e+01
1.188038627649025436e+01
1.188024842206092124e+01
1.188032329947502674e+01
1.188049454972366981e+01
1.188057553774409847e+01
1.188043601544286076e+01
1.188027189939138495e+01
1.188028282788154399e+01
1.188044689243171170e+01
1.188057870493457280e+01
1.188048366916316922e+01
1.188031012092799799e+01
1.188025528111956675e+01
1.188039648791961334e+01
1.188056278932346643e+01
1.188052467571264259e+01
1.188035836841301141e+01
1.188024424732889806e+01
1.188034818441617446e+01
1.188052968183463598e+01
1.188055483554581215e+01
1.188041105442564849e+01
1.188025156488402878e+01
1.188030641587182501e+01
1.188048342307818750e+01
1.188057072361898214e+01
1.188046245428383152e+01
1.188027691434868771e+01
1.188027495822680812e+01
1.188042960168447060e+01
1.188057012086159148e+01
1.188050736715824129e+01
1.188031769880546840e+01
1.188025673494993661e+01
1.188037455952586718e+01
1.188055240080190877e+01
1.188054159831326295e+01
1.188036929446793266e+01
1.188025362185943656e+01
1.188032453530477284e+01
1.188051880749680222e+01
1.188056221807873314e+01
1.188042564632618259e+01
1.188026625917463264e+01
1.188028487367111907e+01
1.188047253327242103e+01
1.188056764545402189e+01
1.188048008979487591e+01
1.188029389925648616e+01
1.188025943368632831e+01
1.188041849960375451e+01
1.188055763601047587e+01
1.188052625609770452e+01
1.188033431188458167e+01
1.188025028943951078e+01
1.188036281876931710e+01
1.188053321762327386e+01
1.188055892820070802e+01
1.188038379487882779e+01
1.188025771649926909e+01
1.188031202047750945e+01
1.188049658746757231e+01
1.188057470610387334e+01
1.188043737511061870e+01
1.188028037805368342e+01
1.188027217746950193e+01
1.188045098715129022e+01
1.188057235292407121e+01
1.188048925713579251e+01
1.188031562263262941e+01
1.188024805994751354e+01
1.188040055901843495e+01
1.188055277932561893e+01
1.188053348500872275e+01
1.188035983786101113e+01
1.188024245347483365e+01
1.188035013510109472e+01
1.188051873439028761e+01
1.188056471048950513e+01
1.188040880742892291e+01
1.188025578167505181e+01
1.188030488635564375e+01
1.188047431604306148e+01
1.188057894956725846e+01
1.188045801860275752e+01
1.188028611938383250e+01
1.188026981570853025e+01
1.188042439669874462e+01
1.188057421254333512e+01
1.188050291910220402e+01
1.188032956779726135e+01
1.188024915978565588e+01
1.188037404970775768e+01
1.188055087684802125e+01
1.188053918448951762e+01
1.188038087614953753e+01
1.188024579238695289e+01
1.188032806755608917e+01
1.188051168863348117e+01
1.188056305024403692e+01
1.188043418309626809e+01
1.188026071641549208e+01
1.188029062697395943e+01
1.188046137475611808e+01
1.188057169683337833e+01
1.188048376667856587e+01
1.188029274769746202e+01
1.188026507583169789e+01
1.188040595954791989e+01
1.188056363164534268e+01
1.188052468567328823e+01
1.188033850743974895e+01
1.188025376973431868e+01
1.188035192528253425e+01
1.188053901221270436e+01
1.188055320929075620e+01
1.188039278255812548e+01
1.188025791788806096e+01
1.188030534656706827e+01
1.188049984809195614e+01
1.188056701187811370e+01
1.188044920137737570e+01
1.188027744972632860e+01
1.188027113067134444e+01
1.188044998736473801e+01
1.188056519657262911e+01
1.188050109423468825e+01
1.188031092170761482e+01
1.188025249673587425e+01
1.188039480319924301e+01
1.188054822610850358e+01
1.188054239913965127e+01
1.188035548131619024e+01
1.188025076788974310e+01
1.188034058418747385e+01
1.188051779964191823e+01
1.188056847879898470e+01
1.188040694192847724e+01
1.188026544524963057e+01
1.188029372997693578e+01
1.188047669518548588e+01
1.188057670534022314e+01
1.188046005231598912e+01
1.188029446769393260e+01
1.188025988529034649e+01
1.188042860234029163e+01
1.188056669732127268e+01
1.188050899954661688e+01
1.188033457255005132e+01
1.188024313885226313e+01
1.188037794388661084e+01
1.188054019490196289e+01
1.188054809105662990e+01
1.188038169937494537e+01
1.188024542435142372e+01
1.188032962935586667e+01
1.188050066159828155e+01
1.188057250540275867e+01
1.188043137466017285e+01
1.188026625811236592e+01
1.188028867484077722e+01
1.188045272792995455e+01
1.188057899986472243e+01
1.188047902609127782e+01
1.188030287407131169e+01
1.188025969079558486e+01
1.188040157233239746e+01
1.188056646082808143e+01
1.188052023899291498e+01
1.188035069991182446e+01
1.188024631069388981e+01
1.188035233232090526e+01
1.188053616650554112e+01
1.188055102173720634e+01
1.188040404798352689e+01
1.188025064675371745e+01
1.188030963923000627e+01
1.188049166555821756e+01
1.188056812350026092e+01
1.188045689554585493e+01
1.188027285508178110e+01
1.188027731810178622e+01
1.188043828334526530e+01
1.188056938259184392e+01
1.188050363969502676e+01
1.188031091610636203e+01
1.188025821108091407e+01
1.188038236908184686e+01
1.188055405325686031e+01
1.188053970439598217e+01
1.188036073873444209e+01
1.188025405144776414e+01
1.188033042378092752e+01
1.188052306336437347e+01
1.188056190688055658e+01
1.188041662194891757e+01
1.188026535721586185e+01
1.188028823904320319e+01
1.188047913906269315e+01
1.188056858292701889e+01
1.188047199696570999e+01
1.188029135527063218e+01
1.188026018367223280e+01
1.188042670133560641e+01
1.188055954765598443e+01
1.188052031286708043e+01
1.188032994555476307e+01
1.188024876577823541e+01
1.188037146604418304e+01
1.188053596650655663e+01
1.188055592916959569e+01
1.188037772089997191e+01
1.188025452167059726e+01
1.188031977679124829e+01
1.188050017313169349e+01
1.188057487974461957e+01
1.188043010291355017e+01
1.188027617734245389e+01
1.188027778423684921e+01
1.188045546208985037e+01
1.188057536443962370e+01
1.188048167295448287e+01
1.188031098033091482e+01
1.188025060130546429e+01
1.188040588622652116e+01
1.188055787140431185e+01
1.188052671677256100e+01
1.188035512027371077e+01
1.188024155890114564e+01
1.188035604959975799e+01
1.188052494502808010e+01
1.188055991247634324e+01
1.188040417527439629e+01
1.188025170124960539e+01
1.188031083215993000e+01
1.188048070398196643e+01
1.188057705195511815e+01
1.188045351373291147e+01
1.188027964426862582e+01
1.188027499041889712e+01
1.188043022463773113e+01
1.188057569001328062e+01
1.188049860621540610e+01
1.188032182955913463e+01
1.188025265279452825e+01
1.188037888682054444e+01
1.188055560634503394e+01
1.188053527471072179e+01
1.188037309303009970e+01
1.188024678555308355e+01
1.188033178262145384e+01
1.188051895303373939e+01
1.188055994830246220e+01
1.188042741515119438e+01
1.188025870734112210e+01
1.188029327976948935e+01
1.188047001315600859e+01
1.188056995678869576e+01
1.188047872884050093e+01
1.188028773268962368e+01
1.188026676410943239e+01
1.188041461160364776e+01
1.188056383405546512e+01
1.188052166524585473e+01
1.188033105228661590e+01
1.188025450485618606e+01
1.188035930519734329e+01
1.188054158606500188e+01
1.188055211226478036e+01
1.188038394594039993e+01
1.188025757213989664e+01
1.188031049076832169e+01
1.188050488207777633e+01
1.188056750851185939e+01
1.188044033485907391e+01
1.188027578367404047e+01
1.188027356257802580e+01
1.188045710188557536e+01
1.188056689541561539e+01
1.188049357595787114e+01
1.188030768720787123e+01
1.188025225999088264e+01
1.188040314552929111e+01
1.188055081296643145e+01
1.188053735876607853e+01
1.188035057894263957e+01
1.188024832283714893e+01
1.188034895669103541e+01
1.188052110927849547e+01
1.188056657150069384e+01
1.188040057566456653e+01
1.188026148018339612e+01
1.188030081273243610e+01
1.188048070154817459e+01
1.188057799794557923e+01
1.188045280742606380e+01
1.188028969789586853e+01
1.188026450181949123e+01
1.188043332555059273e+01
1.188057070514407698e+01
1.188050180139750012e+01
1.188032958007114992e+01
1.188024451146475791e+01
1.188038330528090114e+01
1.188054604806263193e+01
1.188054205487753023e+01
1.188037684469636801e+01
1.188024335286368505e+01
1.188033532341131249e+01
1.188050733427783356e+01
1.188056871545420634e+01
1.188042680334552337e+01
1.188026116048692771e+01
1.188029412433846410e+01
1.188045926472398506e+01
1.188057826248343041e+01
1.188047476895384591e+01
1.188029567423389743e+01
1.188026410671813515e+01
1.188040726463211882e+01
1.188056908907798004e+01
1.188051635663053851e+01
1.188034260715899393e+01
1.188024883848594726e+01
1.188035680525801396e+01
1.188054186807531920e+01
1.188054771913740559e+01
1.188039629682204357e+01
1.188025056875593144e+01
1.188031282392816479e+01
1.188049958151227159e+01
1.188056578481353753e+01
1.188045050427842320e+01
1.188026980638080943e+01
1.188027932736539682e+01
1.188044716487105923e+01
1.188056851782214984e+01
1.188049923733401414e+01
1.188030504599264425e+01
1.188025918344972887e+01
1.188039083430355269e+01
1.188055517014092466e+01
1.188053747238675406e+01
1.188035274959097798e+01
1.188025403321923434e+01
1.188033723265228225e+01
1.188052648886263896e+01
1.188056165111773410e+01
1.188040766293122275e+01
1.188026425746039472e+01
1.188029253075576719e+01
1.188048484104868940e+01
1.188056989470462810e+01
1.188046344614386918e+01
1.188028898010049517e+01
1.188026161816851278e+01
1.188043418440064869e+01
1.188056198026313304e+01
1.188051350559145192e+01
1.188032610766845210e+01
1.188024752588684230e+01
1.188037979516340314e+01
1.188053917012137006e+01
1.188055188856800015e+01
1.188037239761209563e+01
1.188025118321323426e+01
1.188032772653058800e+01
1.188050395979098539e+01
1.188057410950283632e+01
1.188042357865959531e+01
1.188027150741628901e+01
1.188028407079049131e+01
1.188045978605550879e+01
1.188057776647648645e+01
1.188047459498092273e+01
1.188030573477277585e+01
1.188025414760348575e+01
1.188041074122426721e+01
1.188056281628665722e+01
1.188052003288607494e+01
1.188034988797962832e+01
1.188024173741063017e+01
1.188036132289225755e+01
1.188053146111217018e+01
1.188055470847134387e+01
1.188039930036322822e+01
1.188024848556888990e+01
1.188031618826873093e+01
1.188048771561532746e+01
1.188057432730720997e+01
1.188044911811024740e+01
1.188027361423939077e+01
1.188027984361200318e+01
1.188043677774974860e+01
1.188057611663455759e+01
1.188049470269070795e+01
1.188031402863320984e+01
1.188025624000597880e+01
1.188038431624972091e+01
1.188055933239734152e+01
1.188053191256792473e+01
1.188036479099887011e+01
1.188024831907621248e+01
1.188033578085793707e+01
1.188052552297828335e+01
1.188055731843146745e+01
1.188041984396482320e+01
1.188025757774663305e+01
1.188029584737435584e+01
1.188047844039055612e+01
1.188056841529911445e+01
1.188047284699815798e+01
1.188028371485881252e+01
1.188026807114114014e+01
1.188042357831815110e+01
1.188056384114100617e+01
1.188051800174915407e+01
1.188032444286802836e+01
1.188025473367907381e+01
1.188036742866335160e+01
1.188054357304184805e+01
1.188055073488622604e+01
1.188037557026430058e+01
1.188025680585326249e+01
1.188031659664066630e+01
1.188050907357036223e+01
1.188056812098750648e+01
1.188043141361415778e+01
1.188027396821316550e+01
1.188027690879141574e+01
1.188046335024691480e+01
1.188056901156560841e+01
1.188048549286229161e+01
1.188030467281447855e+01
1.188025265182617218e+01
1.188041085169718691e+01
1.188055393453784880e+01
1.188053138620664484e+01
1.188034623642522192e+01
1.188024608314687569e+01
1.188035712070334959e+01
1.188052485647584255e+01
1.188056360943278378e+01
1.188039495355767095e+01
1.188025729510763639e+01
1.188030820069766769e+01
1.188048487044950718e+01
1.188057838901170093e+01
1.188044626047741659e+01
1.188028440463528845e+01
1.188026988475515289e+01
1.188043785732451418e+01
1.188057418595921355e+01
1.188049502437576166e+01
1.188032396408026692e+01
1.188024692744241406e+01
1.188038817375435485e+01
1.188055185203855402e+01
1.188053600170358592e+01
1.188037148980428803e+01
1.188024233401547747e+01
1.188034038990750041e+01
1.188051440062455910e+01
1.188056442683363478e+01
1.188042202656777846e+01
1.188025685461532177e+01
1.188029903418619249e+01
1.188046648328593591e+01
1.188057663993003210e+01
1.188047066032561538e+01
1.188028881432694561e+01
1.188026827775057370e+01
1.188041369891920240e+01
1.188057066175238141e+01
1.188051290431177520e+01
1.188033434104481323e+01
1.188025154486175516e+01
1.188036184815207719e+01
1.188054661882277863e+01
1.188054495429884660e+01
1.188038793639015545e+01
1.188025109882227071e+01
1.188031624570603384e+01
1.188050690037103685e+01
1.188056387720701679e+01
1.188044325959468139e+01
1.188026766474217766e+01
1.188028120391739684e+01
1.188045595364490481e+01
1.188056778950768511e+01
1.188049398947391921e+01
1.188030014719300453e+01
1.188025974521858963e+01
1.188039972606964589e+01
1.188055602734304372e+01
1.188053463772322260e+01
1.188034552948444755e+01
1.188025350820385206e+01
1.188034486472210993e+01
1.188052928447074308e+01
1.188056117788818611e+01
1.188039905431736187e+01
1.188026276586523977e+01
1.188029781376946659e+01
1.188048969886347095e+01
1.188057138422035131e+01
1.188045472153376991e+01
1.188028650323515834e+01
1.188026394303228273e+01
1.188044084855773441e+01
1.188056487195272126e+01
1.188050603359807056e+01
1.188032253723621068e+01
1.188024684955615662e+01
1.188038757665461453e+01
1.188054291952358632e+01
1.188054685931544263e+01
1.188036765866274003e+01
1.188024796697393626e+01
1.188033557834495291e+01
1.188050816428058809e+01
1.188057228498501594e+01
1.188041778416876504e+01
1.188026654060287690e+01
1.188029076951507612e+01
1.188046423348688130e+01
1.188057932146948126e+01
1.188046815882287000e+01
1.188029991435420385e+01
1.188025853671601695e+01
1.188041536673509313e+01
1.188056732457512688e+01
1.188051368264903296e+01
1.188034401673260909e+01
1.188024298401464840e+01
1.188036608728832633e+01
1.188053802883742094e+01
1.188054938854530285e+01
1.188039394442471064e+01
1.188024628827357887e+01
1.188032093542469525e+01
1.188049520711497209e+01
1.188057101892835377e+01
1.188044455675574618e+01
1.188026829244486571e+01
1.188028421029298087e+01
1.188044406485883897e+01
1.188057561193850553e+01
1.188049098635607059e+01
1.188030645721704026e+01
1.188025965875478462e+01
1.188039049676293502e+01
1.188056201189325556e+01
1.188052899858080202e+01
1.188035620536692960e+01
1.188025011110719120e+01
1.188034031977113258e+01
1.188053120666845608e+01
1.188055521368207401e+01
1.188041157878483034e+01
1.188025711501071946e+01
1.188029860194535559e+01
1.188048637525048790e+01
1.188056726251421935e+01
1.188046607092339180e+01
1.188028061977335170e+01
1.188026919716058671e+01
1.188043257222417992e+01
1.188056392388206639e+01
1.188051350163378039e+01
1.188031876705941237e+01
1.188025452389802972e+01
1.188037608614045126e+01
1.188054524097196030e+01
1.188054880364412114e+01
1.188036787831401853e+01
1.188025553433725534e+01
1.188032359585056774e+01
1.188051260069780213e+01
1.188056858353362522e+01
1.188042272884242934e+01
1.188027179095294450e+01
1.188028126360774550e+01
1.188046876285023146e+01
1.188057136833551830e+01
1.188047711947511154e+01
1.188030160353876497e+01
1.188025389826680289e+01
1.188041779483606319e+01
1.188055755528198532e+01
1.188052465734762819e+01
1.188034220453644352e+01
1.188024433355381504e+01
1.188036483033305046e+01
1.188052915747027605e+01
1.188055961484459822e+01
1.188038993344688876e+01
1.188025314522209364e+01
1.188031560079810056e+01
1.188048943471557450e+01
1.188057774011200074e+01
1.188044042166927738e+01
1.188027873798226786e+01
1.188027578064686018e+01
1.188044247294274669e+01
1.188057688573355719e+01
1.188048882793463079e+01
1.188031772550546172e+01
1.188025025139403112e+01
1.188039277716102937e+01
1.188055731671059689e+01
1.188053019345304584e+01
1.188036548594425312e+01
1.188024239394997927e+01
1.188034493600289565e+01
1.188052162105889487e+01
1.188055992693710827e+01
1.188041679285073293e+01
1.188025351957093001e+01
1.188030335802720394e+01
1.188047426470403423e+01
1.188057435720946842e+01
1.188046642804585673e+01
1.188028256973649377e+01
1.188027201772134767e+01
1.188042091258137489e+01
1.188057126946571884e+01
1.188050967722972651e+01
1.188032619014359348e+01
1.188025415818143848e+01
1.188036764295266501e+01
1.188055034548833255e+01
1.188054265333674664e+01
1.188037918398537052e+01
1.188025196205465583e+01
1.188032017194171885e+01
1.188051340845433934e+01
1.188056247965922552e+01
1.188043524314321964e+01
1.188026623929086156e+01
1.188028321356902950e+01
1.188046436069560130e+01
1.188056740653920684e+01
1.188048781682365984e+01
1.188029617498513524e+01
1.188026007713221155e+01
1.188040876495677267e+01
1.188055690117133878e+01
1.188053098592491530e+01
1.188033919424961482e+01
1.188025251805159144e+01
1.188035313236153456e+01
1.188053170710951356e+01
1.188056020761778875e+01
1.188039103682364761e+01
1.188026077270832204e+01
1.188030404959038933e+01
1.188049386648654604e+01
1.188057279542887201e+01
1.188044611758035174e+01
1.188028369591242495e+01
1.188026728098117957e+01
1.188044669494876260e+01
1.188056806756627815e+01
1.188049815887382721e+01
1.188031895763078971e+01
1.188024698052094408e+01
1.188039465855601762e+01
1.188054720597829217e+01
1.188054099179673351e+01
1.188036326918083496e+01
1.188024515969459216e+01
1.188034307241069776e+01
1.188051292709373818e+01
1.188056939740437912e+01
1.188041260272435196e+01
1.188026151899226512e+01
1.188029758855753393e+01
1.188046905092253880e+01
1.188057986451955017e+01
1.188046240266378817e+01
1.188029364534318333e+01
1.188026353211722608e+01
1.188042003599850638e+01
1.188057112851694086e+01
1.188050784766469725e+01
1.188033747970895604e+01
1.188024519162979153e+01
1.188037055352300086e+01
1.188054436026505201e+01
1.188054422467111060e+01
1.188038793549979033e+01
1.188024516629304195e+01
1.188032515482910512e+01
1.188050295551796687e+01
1.188056740857576621e+01
1.188043956758596664e+01
1.188026388132804634e+01
1.188028801763852016e+01
1.188045199338999680e+01
1.188057438014226364e+01
1.188048719067428927e+01
1.188029940004933316e+01
1.188026270348038338e+01
1.188039749422035030e+01
1.188056370559336727e+01
1.188052634719628919e+01
1.188034761821659124e+01
1.188025188370739826e+01
1.188034560270147644e+01
1.188053590169908702e+01
1.188055358630129632e+01
1.188040281657886332e+01
1.188025705410566601e+01
1.188030181791247841e+01
1.188049358455029036e+01
1.188056660258419228e+01
1.188045845352386465e+01
1.188027828033484568e+01
1.188027039898643622e+01
1.188044129950587013e+01
1.188056430796819640e+01
1.188050805718754610e+01
1.188031401011055266e+01
1.188025403514778766e+01
1.188038500910218076e+01
1.188054686869072540e+01
1.188054608540918977e+01
1.188036101241942788e+01
1.188025377280589900e+01
1.188033132483448995e+01
1.188051570674200796e+01
1.188056861342621850e+01
1.188041453666740743e+01
1.188026911803677521e+01
1.188028661900778893e+01
1.188047346804798465e+01
1.188057372187125793e+01
1.188046875054465978e+01
1.188029823643347704e+01
1.188025614917037487e+01
1.188042394712713090e+01
1.188056154304964984e+01
1.188051741884482482e+01
1.188033820789767248e+01
1.188024333285782319e+01
1.188037191024754513e+01
1.188053403059904589e+01
1.188055471081926129e+01
1.188038529721628223e+01
1.188024931636640424e+01
1.188032274186384996e+01
1.188049455791604636e+01
1.188057601145446185e+01
1.188043520067052938e+01
1.188027292457646844e+01
1.188028190183641364e+01
1.188044743018009441e+01
1.188057861497227918e+01
1.188048327759521072e+01
1.188031096543353904e+01
1.188025426633423365e+01
1.188039738384477495e+01
1.188056216345276539e+01
1.188052483202966769e+01
1.188035877851293520e+01
1.188024345512064528e+01
1.188034915330014840e+01
1.188052871267766264e+01
1.188055549512427866e+01
1.188041090863134741e+01
1.188025124233631402e+01
1.188030715056547848e+01
1.188048240491006879e+01
1.188057168748483505e+01
1.188046180216412928e+01
1.188027716398192801e+01
1.188027522816561188e+01
1.188042884058540238e+01
1.188057109339044537e+01
1.188050641717179445e+01
1.188031844561914063e+01
1.188025645544142250e+01
1.188037428357682224e+01
1.188055307842825670e+01
1.188054065161418293e+01
1.188037031237804797e+01
1.188025287699959875e+01
1.188032482529079736e+01
1.188051897553945047e+01
1.188056157087431153e+01
1.188042662938618932e+01
1.188026527770556484e+01
1.188028563491812584e+01
1.188047213585206130e+01
1.188056749729644146e+01
1.188048074270196075e+01
1.188029298777146536e+01
1.188026042451210884e+01
1.188041765524687854e+01
1.188055803198878024e+01
1.188052638186600340e+01
1.188033375900846345e+01
1.188025119985983125e+01
1.188036178073694060e+01
1.188053403526706830e+01
1.188055849103424677e+01
1.188038377757061603e+01
1.188025826656371287e+01
1.188031110065854001e+01
1.188049757099611980e+01
1.188057384535619576e+01
1.188043790319144222e+01
1.188028040125896290e+01
1.188027165473794078e+01
1.188045182515466891e+01
1.188057133776771757e+01
1.188049017350775571e+01
1.188031511410398977e+01
1.188024809415276550e+01
1.188040098468427530e+01
1.188055192165907847e+01
1.188053451464907440e+01
1.188035895792540586e+01
1.188024303245566493e+01
1.188035001191667028e+01
1.188051829368663981e+01
1.188056554104681339e+01
1.188040783513188536e+01
1.188025672466688576e+01
1.188030424807934615e+01
1.188047442356258721e+01
1.188057932525996030e+01
1.188045726319736417e+01
1.188028713671162251e+01
1.188026885332418026e+01
1.188042501538253681e+01
1.188057401617234810e+01
1.188050261992020218e+01
1.188033035161619466e+01
1.188024816523734906e+01
1.188037498226709054e+01
1.188055016880333525e+01
1.188053943705812898e+01
1.188038119146066407e+01
1.188024507247379091e+01
1.188032901719135737e+01
1.188051068575394353e+01
1.188056378023245152e+01
1.188043393732075081e+01
1.188026049682753715e+01
1.188029129355986413e+01
1.188046038032280727e+01
1.188057268290452839e+01
1.188048304066355065e+01
1.188029309924548294e+01
1.188026525108291231e+01
1.188040527208791275e+01
1.188056456964558016e+01
1.188052371108818228e+01
1.188033932418886884e+01
1.188025339853712303e+01
1.188035175086825035e+01
1.188053960786115226e+01
1.188055229400742618e+01
1.188039381804376404e+01
1.188025711293205511e+01
1.188030573491839270e+01
1.188049991186366583e+01
1.188056644079738966e+01
1.188045014474982608e+01
1.188027645963335033e+01
1.188027195648376733e+01
1.188044949564000419e+01
1.188056514487377591e+01
1.188050166162163812e+01
1.188031005731483170e+01
1.188025349890827975e+01
1.188039390288490083e+01
1.188054870892977632e+01
1.188054241900573160e+01
1.188035501713341091e+01
1.188025163457624700e+01
1.188033954516774671e+01
1.188051866693433034e+01
1.188056794793197568e+01
1.188040702709141705e+01
1.188026591138728350e+01
1.188029286511629401e+01
1.188047767436120949e+01
1.188057579180219392e+01
1.188046066505694753e+01
1.188029439296178857e+01
1.188025945788307425e+01
1.188042938257332004e+01
1.188056568520748080e+01
1.188050995715810920e+01
1.188033398251903350e+01
1.188024328000661534e+01
1.188037827675948144e+01
1.188053939350134769e+01
1.188054910542915898e+01
1.188038078060465885e+01
1.188024608902240686e+01
1.188032940764630752e+01
1.188050031243219529e+01
1.188057326737597030e+01
1.188043041911564224e+01
1.188026723996028267e+01
1.188028796257986031e+01
1.188045293415339998e+01
1.188057927355528243e+01
1.188047833742854920e+01
1.188030387307809299e+01
1.188025870191316535e+01
1.188040226599740379e+01
1.188056616025884082e+01
1.188052003481387686e+01
1.188035141484295742e+01
1.188024534666610421e+01
1.188035329214049796e+01
1.188053538386229313e+01
1.188055136777331455e+01
1.188040426481912704e+01
1.188025000661631125e+01
1.188031056011467967e+01
1.188049063939694427e+01
1.188056891651695324e+01
1.188045655183512750e+01
1.188027274052823756e+01
1.188027791013001710e+01
1.188043732296784860e+01
1.188057038085905859e+01
1.188050284700620196e+01
1.188031136555629530e+01
1.188025829008981304e+01
1.188038176266701207e+01
1.188055494710207682e+01
1.188053871508855508e+01
1.188036161673363900e+01
1.188025359225121846e+01
1.188033035317496200e+01
1.188052357107223322e+01
1.188056103214889703e+01
1.188041766425724965e+01
1.188026450016294433e+01
1.188028872205483211e+01
1.188047909834246951e+01
1.188056809358847232e+01
1.188047289074469859e+01
1.188029036657934157e+01
1.188026106561637896e+01
1.188042612078807281e+01
1.188055959302756648e+01
1.188052078848992821e+01
1.188032913698501680e+01
1.188024976909101227e+01
1.188037051920011677e+01
1.188053653156936917e+01
1.188055584261179831e+01
1.188037734978652082e+01
1.188025533590324656e+01
1.188031874756367223e+01
1.188050108146838113e+01
1.188057426061656763e+01
1.188043028917047295e+01
1.188027655473813660e+01
1.188027698349628380e+01
1.188045642703501059e+01
1.188057440757201810e+01
1.188048236378455869e+01
1.188031080805454209e+01
1.188025027390991184e+01
1.188040660098885759e+01
1.188055687267669569e+01
1.188052770574475758e+01
1.188035445436773685e+01
1.188024180557163234e+01
1.188035628676433575e+01
1.188052420812605803e+01
1.188056090105869345e+01
1.188040322685622385e+01
1.188025244457750595e+01
1.188031051457087983e+01
1.188048045025779231e+01
1.188057773730086453e+01
1.188045258452047470e+01
1.188028065476153650e+01
1.188027421152922969e+01
1.188043052794554200e+01
1.188057585886001277e+01
1.188049799094939729e+01
1.188032279995383789e+01
1.188025164751844898e+01
1.188037964868700591e+01
1.188055520493860229e+01
1.188053516722491665e+01
1.188037373149870746e+01
1.188024586202310395e+01
1.188033276002480676e+01
1.188051810412483533e+01
1.188056038416822879e+01
1.188042753079174219e+01
1.188025815357534754e+01
1.188029416272699557e+01
1.188046897436933591e+01
1.188057080485543615e+01
1.188047829029987845e+01
1.188028772407175815e+01
1.188026727587846665e+01
1.188041369529812386e+01
1.188056483437160438e+01
1.188052081385269609e+01
1.188033159460230870e+01
1.188025448695228370e+01
1.188035878645729504e+01
1.188054242660773419e+01
1.188055111825832810e+01
1.188038487592240067e+01
1.188025702944872997e+01
1.188031052514678798e+01
1.188050529687327028e+01
1.188056668304554542e+01
1.188044137317254112e+01
1.188027488305728596e+01
1.188027413548506139e+01
1.188045695757136677e+01
1.188056649267548259e+01
1.188049441069848200e+01
1.188030670993811277e+01
1.188025318902028893e+01
1.188040248250357678e+01
1.188055095513176873e+01
1.188053773732663920e+01
1.188034983429578517e+01
1.188024931708655352e+01
1.188034797317174807e+01
1.188052175116859210e+01
1.188056637918073832e+01
1.188040030097939237e+01
1.188026223374280832e+01
1.188029980399484486e+01
1.188048164187384437e+01
1.188057729697725762e+01
1.188045309239100078e+01
1.188028998253977164e+01
1.188026377371831011e+01
1.188043426654682300e+01
1.188056971485003999e+01
1.188050256302596708e+01
1.188032931158248040e+01
1.188024428767214147e+01
1.188038394760343230e+01
1.188054507292947726e+01
1.188054306503632951e+01
1.188037610935184674e+01
1.188024370243434547e+01
1.188033546293301157e+01
1.188050666952203116e+01
1.188056966796812830e+01
1.188042583479997738e+01
1.188026197460371947e+01
1.188029371440967807e+01
1.188045910944736505e+01
1.188057886398169849e+01
1.188047387534875554e+01
1.188029670288869966e+01
1.188026326916834385e+01
1.188040766239821799e+01
1.188056915141896930e+01
1.188051582064245792e+01
1.188034353891204908e+01
1.188024782709335092e+01
1.188035762778555338e+01
1.188054137028759527e+01
1.188054770911522873e+01
1.188039685195796658e+01
1.188024969527916852e+01
1.188031380905001200e+01
1.188049867532561166e+01
1.188056630605181141e+01
1.188045051702658483e+01
1.188026934461436923e+01
1.188028016363573336e+01
1.188044612423160551e+01
1.188056941242577658e+01
1.188049870811282105e+01
1.188030514304210250e+01
1.188025961003982722e+01
1.188038997168800393e+01
1.188055616232384537e+01
1.188053657091325555e+01
1.188035337878995357e+01
1.188025391861445890e+01
1.188033680735364861e+01
1.188052726754607491e+01
1.188056066247017917e+01
1.188040863514446066e+01
1.188026363656882189e+01
1.188029267016053048e+01
1.188048515900085178e+01
1.188056912672267096e+01
1.188046446967617698e+01
1.188028804491368717e+01
1.188026227519721978e+01
1.188043393847305751e+01
1.188056166818312498e+01
1.188051427241148872e+01
1.188032515171993708e+01
1.188024849245238102e+01
1.188037905678688588e+01
1.188053940790586971e+01
1.188055216579491891e+01
1.188037172426495225e+01
1.188025215829975778e+01
1.188032671652844918e+01
1.188050467231303386e+01
1.188057381326815864e+01
1.188042340272993691e+01
1.188027219264741774e+01
1.188028309305685859e+01
1.188046074895601656e+01
1.188057699098581210e+01
1.188047497530837937e+01
1.188030592350224168e+01
1.188025349991186808e+01
1.188041164882660183e+01
1.188056180279955854e+01
1.188052085737472652e+01
1.188034952556215096e+01
1.188024161966065506e+01
1.188036188660135295e+01
1.188053051955652784e+01
1.188055572943575910e+01
1.188039850277314713e+01
1.188024893427886930e+01
1.188031622918532371e+01
1.188048712999976964e+01
1.188057523382986425e+01
1.188044813918192588e+01
1.188027449054391660e+01
1.188027934573177546e+01
1.188043672297680331e+01
1.188057662798495961e+01
1.188049385356386978e+01
1.188031506479967803e+01
1.188025535231304630e+01
1.188038480484419601e+01
1.188055928776709713e+01
1.188053146092779500e+01
1.188036567442929936e+01
1.188024731191921646e+01
1.188033665582552523e+01
1.188052493428938661e+01
1.188055740573523344e+01
1.188042030968105323e+01
1.188025676334164338e+01
1.188029683027547634e+01
1.188047748646614465e+01
1.188056901666858778e+01
1.188047275622487930e+01
1.188028334968343280e+01
1.188026885246113373e+01
1.188042254661797159e+01
1.188056477330194483e+01
1.188051738700721316e+01
1.188032464416927425e+01
1.188025507097806255e+01
1.188036662886329786e+01
1.188054454698411178e+01
1.188054979250703624e+01
1.188037627950169650e+01
1.188025659563946590e+01
1.188031626960447440e+01
1.188050978253239265e+01
1.188056714768452515e+01
1.188043241791840110e+01
1.188027327517406739e+01
1.188027715210955115e+01
1.188046356849684848e+01
1.188056830872832492e+01
1.188048649095594200e+01
1.188030371242801131e+01
1.188025338626256477e+01
1.188041050717068536e+01
1.188055371635489799e+01
1.188053207688965074e+01
1.188034531146155715e+01
1.188024707731017138e+01
1.188035631480529375e+01
1.188052518780003552e+01
1.188056378215124020e+01
1.188039435808575561e+01
1.188025824113034012e+01
1.188030717465359487e+01
1.188048564666984497e+01
1.188057799187744479e+01
1.188044618459953483e+01
1.188028501450756202e+01
1.188026894824909618e+01
1.188043883312908733e+01
1.188057334406525456e+01
1.188049549581507414e+01
1.188032405462116081e+01
1.188024636707936388e+01
1.188038903889992959e+01
1.188055082581282562e+01
1.188053688053878965e+01
1.188037103669726413e+01
1.188024232355921583e+01
1.188034086967387992e+01
1.188051350231889813e+01
1.188056544810879167e+01
1.188042117461439950e+01
1.188025739761504518e+01
1.188029897649055755e+01
1.188046598308215174e+01
1.188057749100793181e+01
1.188046968086919186e+01
1.188028974359091627e+01
1.188026769710965880e+01
1.188041374571056252e+01
1.188057107765821208e+01
1.188051210804056090e+01
1.188033537400621142e+01
1.188025061602300347e+01
1.188036242295900102e+01
1.188054646794842029e+01
1.188054459123838491e+01
1.188038876225242291e+01
1.188025010622301991e+01
1.188031716430522522e+01
1.188050622720339966e+01
1.188056406080547767e+01
1.188044363066542175e+01
1.188026691777955968e+01
1.188028217469696557e+01
1.188045496197322848e+01
1.188056846502002095e+01
1.188049379565228492e+01
1.188029988211460797e+01
1.188026046389081891e+01
1.188039871402451197e+01
1.188055698769210977e+01
1.188053394357918258e+01
1.188034583251367771e+01
1.188025375292794905e+01
1.188034413627374164e+01
1.188053023025418042e+01
1.188056020421775649e+01
1.188039983597389337e+01
1.188026246201096825e+01
1.188029758879556397e+01
1.188049033102960017e+01
1.188057043607577334e+01
1.188045574749400046e+01
1.188028574482188660e+01
1.188026428799394552e+01
1.188044096533136695e+01
1.188056424130461508e+01
1.188050699582441716e+01
1.188032156130238981e+01
1.188024765382978387e+01
1.188038713751976161e+01
1.188054279762030774e+01
1.188054746641316406e+01
1.188036677399725605e+01
1.188024897852085360e+01
1.188033471337595337e+01
1.188050858615789807e+01
1.188057235117160104e+01
1.188041727228374000e+01
1.188026744794634126e+01
1.188028973802722277e+01
1.188046506578866612e+01
1.188057882758048223e+01
1.188046818327597798e+01
1.188030044252000827e+01
1.188025765126035616e+01
1.188041634562622839e+01
1.188056642509398841e+01
1.188051424010141588e+01
1.188034400773925015e+01
1.188024251695389744e+01
1.188036690139651341e+01
1.188053700044365257e+01
1.188055031271083095e+01
1.188039340481583217e+01
1.188024638515632958e+01
1.188032132679738062e+01
1.188049436133890957e+01
1.188057203000414397e+01
1.188044365892920240e+01
1.188026892386757360e+01
1.188028405490993045e+01
1.188044365554643456e+01
1.188057639870166327e+01
1.188049001622131584e+01
1.188030742969248621e+01
1.188025900129990831e+01
1.188039064514553367e+01
1.188056232813003987e+01
1.188052826297193043e+01
1.188035722443670750e+01
1.188024915052677954e+01
1.188034097522295163e+01
1.188053095144612037e+01
1.188055494257663014e+01
1.188041233835663490e+01
1.188025614715024503e+01
1.188029955488385347e+01
1.188048562487933069e+01
1.188056754049826047e+01
1.188046634305965554e+01
1.188027994787200647e+01
1.188027014606326048e+01
1.188043155314669796e+01
1.188056466684277446e+01
1.188051320635740282e+01
1.188031860446753818e+01
1.188025517284907373e+01
1.188037510429399646e+01
1.188054621983634007e+01
1.188054803710662100e+01
1.188036827949167140e+01
1.188025568404907872e+01
1.188032294660260035e+01
1.188051350871006484e+01
1.188056758851210581e+01
1.188042357461382359e+01
1.188027139629872941e+01
1.188028114340935026e+01
1.188046931201236234e+01
1.188057045489991737e+01
1.188047815645471594e+01
1.188030078719722304e+01
1.188025434146281434e+01
1.188041780943948389e+01
1.188055700319969077e+01
1.188052557361023354e+01
1.188034122288565975e+01
1.188024519933365752e+01
1.188036430149290368e+01
1.188052913334578697e+01
1.188056013177627612e+01
1.188038909793389308e+01
1.188025416377368337e+01
1.188031468575010052e+01
1.188048994325729346e+01
1.188057769893174864e+01
1.188043999817280927e+01
1.188027959739718398e+01
1.188027475437573877e+01
1.188044335309446708e+01
1.188057630030766632e+01
1.188048895200531163e+01
1.188031816635825066e+01
1.188024942629812131e+01
1.188039374928888492e+01
1.188055636904682544e+01
1.188053083102950858e+01
1.188036537703610485e+01
1.188024202513723893e+01
1.188034569106442362e+01
1.188052060108366348e+01
1.188056088698939305e+01
1.188041617185460908e+01
1.188025372263586910e+01
1.188030365745390782e+01
1.188047348026362293e+01
1.188057534766500467e+01
1.188046549335022561e+01
1.188028328278196888e+01
1.188027176648118299e+01
1.188042059877888690e+01
1.188057198373882528e+01
1.188050872614921438e+01
1.188032719566933437e+01
1.188025343056778738e+01
1.188036789189219178e+01
1.188055055895438628e+01
1.188054198556146268e+01
1.188038017860130857e+01
1.188025097946267294e+01
1.188032090157092924e+01
1.188051305190754725e+01
1.188056230301653926e+01
1.188043592831466455e+01
1.188026530609387699e+01
1.188028419118131573e+01
1.188046354115519065e+01
1.188056777613810233e+01
1.188048798674371653e+01
1.188029558491931681e+01
1.188026099464763696e+01
1.188040772906852993e+01
1.188055770422654334e+01
1.188053059190860239e+01
1.188033913540618158e+01
1.188025309088128978e+01
1.188035219098768280e+01
1.188053269460810846e+01
1.188055937650141303e+01
1.188039153157759920e+01
1.188026082583366083e+01
1.188030348660643121e+01
1.188049472753608526e+01
1.188057178920832335e+01
1.188044701856648899e+01
1.188028321416296507e+01
1.188026726713282422e+01
1.188044715582799782e+01
1.188056719804352923e+01
1.188049919612846317e+01
1.188031809141989825e+01
1.188024751744024421e+01
1.188039457135542420e+01
1.188054673812174933e+01
1.188054185243780481e+01
1.188036229171085445e+01
1.188024607799360588e+01
1.188034245961429747e+01
1.188051300133542121e+01
1.188056981854944283e+01
1.188041182465905976e+01
1.188026253411108968e+01
1.188029663288382309e+01
1.188046964135247308e+01
1.188057971634330023e+01
1.188046207141729838e+01
1.188029444802223011e+01
1.188026252168599051e+01
1.188042095523581310e+01
1.188057045777201637e+01
1.188050806967914852e+01
1.188033782844145136e+01
1.188024443557691434e+01
1.188037150912060191e+01
1.188054337430195062e+01
1.188054493575048198e+01
1.188038772729243853e+01
1.188024489957781427e+01
1.188032584348242437e+01
1.188050195446806256e+01
1.188056839472322146e+01
1.188043887120681319e+01
1.188026418824008523e+01
1.188028822247473038e+01
1.188045127853706973e+01
1.188057533975592683e+01
1.188048622852367231e+01
1.188030018707655167e+01
1.188026235909081940e+01
1.188039727961811742e+01
1.188056434000019301e+01
1.188052542467917405e+01
1.188034864632219012e+01
1.188025109324877882e+01
1.188034595008818606e+01
1.188053601044653007e+01
1.188055299284209809e+01
1.188040377639616807e+01
1.188025605946871543e+01
1.188030261442009028e+01
1.188049313077292801e+01
1.188056652203769126e+01
1.188045905688776571e+01
1.188027739135311833e+01
1.188027139134777954e+01
1.188044041949432383e+01
1.188056476556682739e+01
1.188050812267882073e+01
1.188031350773091077e+01
1.188025491210103723e+01
1.188038396715591283e+01
1.188054772388171365e+01
1.188054559647048869e+01
1.188036105746582294e+01
1.188025426382979255e+01
1.188033043383724241e+01
