1.188024147592623336e+01
1.188031083070610805e+01
1.188036802890659160e+01
1.188029116708664290e+01
1.188024688769609760e+01
1.188032678111019358e+01
1.188036093843181185e+01
1.188027863582561849e+01
1.188025253114562574e+01
1.188033949247111032e+01
1.188035569562363847e+01
1.188026339325234737e+01
1.188026122527105599e+01
1.188035529640160526e+01
1.188034158996030420e+01
1.188025130725807799e+01
1.188027827876068621e+01
1.188036184367434878e+01
1.188032583938763764e+01
1.188024774963033181e+01
1.188029139378503274e+01
1.188036614335791619e+01
1.188031253405832643e+01
1.188024230941128145e+01
1.188030822894734939e+01
1.188036922149493790e+01
1.188029257793679250e+01
1.188024494707673639e+01
1.188032726480377121e+01
1.188036160319062873e+01
1.188027774194771169e+01
1.188025354345981377e+01
1.188033888549103700e+01
1.188035468513175275e+01
1.188026558917290743e+01
1.188026044510641555e+01
1.188035337157984372e+01
1.188034394576865616e+01
1.188025132147984664e+01
1.188027633199380517e+01
1.188036323802123917e+01
1.188032594685794940e+01
1.188024698364638532e+01
1.188029234338355522e+01
1.188036510646820787e+01
1.188031258353692543e+01
1.188024408525134668e+01
1.188030627153025698e+01
1.188036877181913553e+01
1.188029511457435028e+01
1.188024342950659928e+01
1.188032617601308338e+01
1.188036354445120502e+01
1.188027702748262016e+01
1.188025309076036962e+01
1.188033969382907173e+01
1.188035360211659963e+01
1.188026643849091712e+01
1.188026120418734877e+01
1.188035113337995696e+01
1.188034509283003359e+01
1.188025295358015221e+01
1.188027384865558034e+01
1.188036360245218681e+01
1.188032769585127468e+01
1.188024546576838780e+01
1.188029247675594213e+01
1.188036570692145055e+01
1.188031166654805126e+01
1.188024526807425829e+01
1.188030593498355358e+01
1.188036715821811207e+01
1.188029728036905297e+01
1.188024348045848910e+01
1.188032376774949128e+01
1.188036534499615193e+01
1.188027777350612091e+01
1.188025120214479458e+01
1.188034060644258361e+01
1.188035383543702039e+01
1.188026575038617061e+01
1.188026231778211184e+01
1.188035005774730024e+01
1.188034461674059195e+01
1.188025517539848330e+01
1.188027235902413103e+01
1.188036230475537103e+01
1.188033024371447510e+01
1.188024473892895116e+01
1.188029096587159295e+01
1.188036729948311176e+01
1.188031130834152549e+01
1.188024485326246094e+01
1.188030677956158243e+01
1.188036586416359341e+01
1.188029790670085895e+01
1.188024488223535435e+01
1.188032144589299399e+01
1.188036569726897262e+01
1.188027999339304763e+01
1.188024916797129649e+01
1.188034021388207861e+01
1.188035562129468481e+01
1.188026467739469894e+01
1.188026230312251030e+01
1.188035059579778263e+01
1.188034351440160030e+01
1.188025645369000038e+01
1.188027252799578193e+01
1.188036015847875682e+01
1.188033204257219744e+01
1.188024566883884070e+01
1.188028841793183688e+01
1.188036836315139944e+01
1.188031254809867754e+01
1.188024323596422249e+01
1.188030733929220339e+01
1.188036608044390618e+01
1.188029717231320070e+01
1.188024624769431981e+01
1.188032053621055439e+01
1.188036455178146156e+01
1.188028241413400998e+01
1.188024841863021308e+01
1.188033823700489400e+01
1.188035783454759375e+01
1.188026471530089090e+01
1.188026066589970675e+01
1.188035178763577626e+01
1.188034331849638825e+01
1.188025609035691055e+01
1.188027357625957059e+01
1.188035870852965203e+01
1.188033219667825868e+01
1.188024768102894058e+01
1.188028635211677830e+01
1.188036782456304863e+01
1.188031503223359131e+01
1.188024186976937102e+01
1.188030639498142804e+01
1.188036767368500080e+01
1.188029644018146591e+01
1.188024623545359226e+01
1.188032112621263359e+01
1.188036315805067389e+01
1.188028359231601527e+01
1.188024926928245328e+01
1.188033577808388408e+01
1.188035896454027984e+01
1.188026640071966256e+01
1.188025833251631980e+01
1.188035209566067252e+01
1.188034476684028107e+01
1.188025482389463150e+01
1.188027396696829641e+01
1.188035887924105971e+01
1.188033124436057619e+01
1.188024926519195823e+01
1.188028586813227072e+01
1.188036600206060811e+01
1.188031731562973015e+01
1.188024200350121973e+01
1.188030403628349241e+01
1.188036930084751575e+01
1.188029707328282392e+01
1.188024471315000774e+01
1.188032199640476350e+01
1.188036296828854077e+01
1.188028317655244059e+01
1.188025064546307163e+01
1.188033435509417934e+01
1.188035843972275352e+01
1.188026883520655197e+01
1.188025684861599274e+01
1.188035074194922380e+01
1.188034715933579477e+01
1.188025418780426712e+01
1.188027274097007080e+01
1.188036017535157995e+01
1.188033068092712696e+01
1.188024929827957799e+01
1.188028668465763893e+01
1.188036432641196427e+01
1.188031812728274872e+01
1.188024358452743634e+01
1.188030159115007933e+01
1.188036957483855893e+01
1.188029924864067155e+01
1.188024287314562066e+01
1.188032168071120864e+01
1.188036437669320833e+01
1.188028220637967181e+01
1.188025102753693396e+01
1.188033457277894378e+01
1.188035712744074246e+01
1.188027047159013350e+01
1.188025702493404978e+01
1.188034839447518998e+01
1.188034896138512231e+01
1.188025517806622311e+01
1.188027035131720766e+01
1.188036111299552644e+01
1.188033165846427153e+01
1.188024801743163650e+01
1.188028739249070220e+01
1.188036408604278549e+01
1.188031748289165712e+01
1.188024530452474536e+01
1.188030046381104299e+01
1.188036828103305531e+01
1.188030179520376883e+01
1.188024219921308067e+01
1.188031974094858967e+01
1.188036637695019415e+01
1.188028220732076434e+01
1.188024977130910642e+01
1.188033560237181163e+01
1.188035656964492759e+01
1.188027046963215838e+01
1.188025822720300795e+01
1.188034658349479145e+01
1.188034914710465095e+01
1.188025737727221021e+01
1.188026827566558730e+01
1.188036050790078235e+01
1.188033398448858513e+01
1.188024681253372883e+01
1.188028668109509667e+01
1.188036530892736486e+01
1.188031666352677895e+01
1.188024574816372336e+01
1.188030090458693167e+01
1.188036656636633026e+01
1.188030321736232153e+01
1.188024316678048997e+01
1.188031715645770525e+01
1.188036743275273643e+01
1.188028386570686834e+01
1.188024766704270441e+01
1.188033590430470632e+01
1.188035764148627393e+01
1.188026942244027850e+01
1.188025893723119353e+01
1.188034635970436170e+01
1.188034809864512908e+01
1.188025931792329359e+01
1.188026772422559318e+01
1.188035851460939263e+01
1.188033628234796701e+01
1.188024702070709715e+01
1.188028447685804778e+01
1.188036674036240115e+01
1.188031709928675106e+01
1.188024462313089735e+01
1.188030179865255143e+01
1.188036593105642247e+01
1.188030300600426692e+01
1.188024482471853105e+01
1.188031546951986428e+01
1.188036682200128347e+01
1.188028642327413387e+01
1.188024625756270680e+01
1.188033456474980909e+01
1.188035979220802041e+01
1.188026883770520747e+01
1.188025807512954302e+01
1.188034738319094430e+01
1.188034726528407425e+01
1.188025977012916812e+01
1.188026857836112526e+01
1.188035649417763828e+01
1.188033719348404738e+01
1.188024875495425015e+01
1.188028201437176534e+01
1.188036693020979762e+01
1.188031912775876542e+01
1.188024301144515960e+01
1.188030163903141201e+01
1.188036692309754727e+01
1.188030207633997293e+01
1.188024563278023038e+01
1.188031543277807245e+01
1.188036527166359235e+01
1.188028833715635457e+01
1.188024648992437449e+01
1.188033209846863514e+01
1.188036151836392662e+01
1.188026982950957411e+01
1.188025593582270290e+01
1.188034822290264181e+01
1.188034789968441984e+01
1.188025881029445152e+01
1.188026950097778567e+01
1.188035581909580252e+01
1.188033656928443271e+01
1.188025080150942259e+01
1.188028075980477993e+01
1.188036550138699532e+01
1.188032169328207743e+01
1.188024243284949755e+01
1.188029983446005566e+01
1.188036866519882828e+01
1.188030196740950473e+01
1.188024480364780366e+01
1.188031635780725104e+01
1.188036431625772238e+01
1.188028863344177921e+01
1.188024788313057023e+01
1.188033000288607077e+01
1.188036167609363680e+01
1.188027214207697035e+01
1.188025393842498012e+01
1.188034759780483540e+01
1.188034997154172068e+01
1.188025775007807994e+01
1.188026910410210490e+01
1.188035667868635414e+01
1.188033559478080825e+01
1.188025168626100481e+01
1.188028112450425589e+01
1.188036348426266997e+01
1.188032326576795938e+01
1.188024351719899663e+01
1.188029723030984997e+01
1.188036961320548279e+01
1.188030350662071477e+01
1.188024298368681286e+01
1.188031671932272992e+01
1.188036495912671242e+01
1.188028775303670059e+01
1.188024895430163674e+01
1.188032944408783642e+01
1.188036048600624461e+01
1.188027436827769812e+01
1.188025338923739227e+01
1.188034549726141620e+01
1.188035218831045370e+01
1.188025799921675940e+01
1.188026715268683553e+01
1.188035791954713893e+01
1.188033575209896675e+01
1.188025095967945077e+01
1.188028211083416252e+01
1.188036241073510446e+01
1.188032318318565217e+01
1.188024544848297559e+01
1.188029537480903741e+01
1.188036890329168394e+01
1.188030608419290068e+01
1.188024169525568396e+01
1.188031547862976645e+01
1.188036680397167366e+01
1.188028716200719614e+01
1.188024851406462723e+01
1.188033024172654351e+01
1.188035933522445653e+01
1.188027518455069753e+01
1.188025433462735592e+01
1.188034319621386814e+01
1.188035312011084699e+01
1.188025983449507450e+01
1.188026477416332760e+01
1.188035804523444305e+01
1.188033753472100784e+01
1.188024958240614914e+01
1.188028218676179115e+01
1.188036297719277989e+01
1.188032222589590603e+01
1.188024668284841567e+01
1.188029516079890868e+01
1.188036711283283964e+01
1.188030817999790401e+01
1.188024201021114301e+01
1.188031299194331325e+01
1.188036839545997658e+01
1.188028807944556320e+01
1.188024669687351142e+01
1.188033103249867395e+01
1.188035956392990222e+01
1.188027450508546679e+01
1.188025552472360502e+01
1.188034213622733404e+01
1.188035245483783164e+01
1.188026215142762254e+01
1.188026347910236424e+01
1.188035652122377961e+01
1.188034001392142613e+01
1.188024909286994202e+01
1.188028061528569168e+01
1.188036444417630122e+01
1.188032193030706551e+01
1.188024629777164343e+01
1.188029604841184650e+01
1.188036575172643694e+01
1.188030869683826296e+01
1.188024360716873673e+01
1.188031070592025173e+01
1.188036848561793768e+01
1.188029041341642156e+01
1.188024484753343302e+01
1.188033045334897331e+01
1.188036130351743580e+01
1.188027354969059779e+01
1.188025550859708623e+01
1.188034266666061001e+01
1.188035126783451467e+01
1.188026343348973235e+01
1.188026383593162016e+01
1.188035424872516899e+01
1.188034164343549826e+01
1.188025026734434419e+01
1.188027809885050168e+01
1.188036527699508227e+01
1.188032325511644061e+01
1.188024478938950956e+01
1.188029654264030732e+01
1.188036594128290169e+01
1.188030791777367412e+01
1.188024505541603304e+01
1.188030988926461617e+01
1.188036713024786195e+01
1.188029283403504976e+01
1.188024435267447210e+01
1.188032832942554862e+01
1.188036335965463053e+01
1.188027378477304552e+01
1.188025389303457935e+01
1.188034374735306820e+01
1.188035107774795307e+01
1.188026307801724357e+01
1.188026497597777720e+01
1.188035277405122514e+01
1.188034161529031962e+01
1.188025243499019545e+01
1.188027617313505502e+01
1.188036448084663554e+01
1.188032574513429118e+01
1.188024364277317702e+01
1.188029549184504496e+01
1.188036744335342476e+01
1.188030725186442105e+01
1.188024506833431992e+01
1.188031052409166044e+01
1.188036563830024761e+01
1.188029393885481610e+01
1.188024542374047954e+01
1.188032583425599498e+01
1.188036424831850546e+01
1.188027564680982451e+01
1.188025168627204486e+01
1.188034385222471556e+01
1.188035252800398567e+01
1.188026191436465062e+01
1.188026535823579799e+01
1.188035293523162217e+01
1.188034056546796080e+01
1.188025406599233236e+01
1.188027586137789982e+01
1.188036247630862619e+01
1.188032792108565694e+01
1.188024404144155355e+01
1.188029309059647076e+01
1.188036886655562085e+01
1.188030800950925681e+01
1.188024361895204351e+01
1.188031132918539257e+01
1.188036542355471070e+01
1.188029347981063566e+01
1.188024691277389877e+01
1.188032446212366899e+01
1.188036349704807826e+01
1.188027815382987384e+01
1.188025042523253383e+01
1.188034229638338601e+01
1.188035482642762375e+01
1.188026148274865612e+01
1.188026410840591751e+01
1.188035413825124920e+01
1.188034001153670260e+01
1.188025411186113978e+01
1.188027677925711778e+01
1.188036073116532876e+01
1.188032857483468341e+01
1.188024582774319171e+01
1.188029071760711375e+01
1.188036887392608065e+01
1.188031026262412837e+01
1.188024196337804739e+01
1.188031087453767398e+01
1.188036677730682378e+01
1.188029257198192923e+01
1.188024732109132664e+01
1.188032471958518066e+01
1.188036205858529470e+01
1.188027976433448885e+01
1.188025082916919573e+01
1.188033984111079100e+01
1.188035642894539201e+01
1.188026269603869167e+01
1.188026177907726755e+01
1.188035487451624839e+01
1.188034103280130438e+01
1.188025291341165790e+01
1.188027747791339550e+01
1.188036047321252475e+01
1.188032782737965576e+01
1.188024763993672472e+01
1.188028972968324481e+01
1.188036735555461476e+01
1.188031277426771659e+01
1.188024155194749198e+01
1.188030882413303857e+01
1.188036861596442506e+01
1.188029272245348622e+01
1.188024610180174001e+01
1.188032569078444567e+01
1.188036147203959736e+01
1.188027972818013822e+01
1.188025216910224557e+01
1.188033802914085868e+01
1.188035639084078277e+01
1.188026503652587884e+01
1.188025987526603799e+01
1.188035403050611905e+01
1.188034333271662923e+01
1.188025190254865926e+01
1.188027670535932501e+01
1.188036162489025926e+01
1.188032701570040395e+01
1.188024810755446303e+01
1.188029027269994131e+01
1.188036552661601952e+01
1.188031407936268735e+01
1.188024275883862835e+01
1.188030623633818195e+01
1.188036941897644461e+01
1.188029452139199726e+01
1.188024413363700837e+01
1.188032583645163243e+01
1.188036252373173696e+01
1.188027873451727068e+01
1.188025291150684026e+01
1.188033783181627889e+01
1.188035519550900609e+01
1.188026700642779687e+01
1.188025953875343355e+01
1.188035186508901297e+01
1.188034549016116515e+01
1.188025236015258557e+01
1.188027449343780440e+01
1.188036287344059438e+01
1.188032752735031039e+01
1.188024704248649144e+01
1.188029116137986740e+01
1.188036485954626187e+01
1.188031376927529337e+01
1.188024455192048023e+01
1.188030464066235226e+01
1.188036855905061451e+01
1.188029712070304988e+01
1.188024296181805362e+01
1.188032433007634836e+01
1.188036456584442924e+01
1.188027830892642278e+01
1.188025205417762820e+01
1.188033880709091505e+01
1.188035432530337054e+01
1.188026744206196383e+01
1.188026054618178584e+01
1.188034978648803630e+01
1.188034620022226129e+01
1.188025429401258393e+01
1.188027213695559325e+01
1.188036280881109796e+01
1.188032959619712869e+01
1.188024559910103406e+01
1.188029091404911775e+01
1.188036580253631769e+01
1.188031284214046046e+01
1.188024540080861335e+01
1.188030469622061602e+01
1.188036685453635144e+01
1.188029897211095864e+01
1.188024344789312536e+01
1.188032178436810682e+01
1.188036607443839721e+01
1.188027948966012026e+01
1.188024999475453569e+01
1.188033948839986209e+01
1.188035496865938789e+01
1.188026652499068625e+01
1.188026151066318548e+01
1.188034911606320065e+01
1.188034541939469335e+01
1.188025642771177282e+01
1.188027106479842487e+01
1.188036115692210259e+01
1.188033209237297783e+01
1.188024527443642953e+01
1.188028903832716665e+01
1.188036739378950379e+01
1.188031282973210168e+01
1.188024461056884284e+01
1.188030562169306315e+01
1.188036584829801257e+01
1.188029918547216113e+01
1.188024501186585802e+01
1.188031972014152160e+01
1.188036597933656324e+01
1.188028191779518750e+01
1.188024819030903956e+01
1.188033865682628232e+01
1.188035698992927358e+01
1.188026561897226330e+01
1.188026109308083278e+01
1.188034993806699546e+01
1.188034439777323925e+01
1.188025732163172066e+01
1.188027158597357236e+01
1.188035902441503922e+01
1.188033350556952428e+01
1.188024660066535176e+01
1.188028646553865464e+01
1.188036809381274850e+01
1.188031446837035432e+01
1.188024292167713369e+01
1.188030588084890482e+01
1.188036646143666175e+01
1.188029830180026636e+01
1.188024614456298345e+01
1.188031923193807948e+01
1.188036460485550094e+01
1.188028414549469680e+01
1.188024788749203253e+01
1.188033640701853777e+01
1.188035904224242501e+01
1.188026608723414412e+01
1.188025916318175845e+01
1.188035103197807096e+01
1.188034458547054584e+01
1.188025662805439708e+01
1.188027262449621801e+01
1.188035792632694587e+01
1.188033327028858288e+01
1.188024867417225217e+01
1.188028474218735298e+01
1.188036712827178221e+01
1.188031705310666020e+01
1.188024187002162790e+01
1.188030451558487854e+01
1.188036819671046196e+01
1.188029781603360213e+01
1.188024572622988373e+01
1.188032003508259038e+01
1.188036338159273697e+01
1.188028490634950174e+01
1.188024902738547617e+01
1.188033407070373038e+01
1.188035973955957481e+01
1.188026810229964525e+01
1.188025691743429668e+01
1.188035093090243599e+01
1.188034637482742717e+01
1.188025538775623247e+01
1.188027266257359216e+01
1.188035846349199964e+01
1.188033225622424283e+01
1.188024994981135762e+01
1.188028467326251736e+01
1.188036517089552824e+01
1.188031904738905631e+01
1.188024244886327452e+01
1.188030198364283763e+01
1.188036956746114292e+01
1.188029887960412623e+01
1.188024399604201875e+01
1.188032072037213638e+01
1.188036359479471571e+01
1.188028421997585404e+01
1.188025030079129429e+01
1.188033304834819681e+01
1.188035887353768594e+01
1.188027048849530765e+01
1.188025583967516141e+01
1.188034920047790699e+01
1.188034875538534152e+01
1.188025512749390522e+01
1.188027105765918101e+01
1.188035980567974903e+01
1.188033200377604182e+01
1.188024959146410175e+01
1.188028562127715837e+01
1.188036375097583175e+01
1.188031943056032702e+01
1.188024423462105617e+01
1.188029976572185120e+01
1.188036939110248014e+01
1.188030129570821991e+01
1.188024234697754800e+01
1.188031997749532742e+01
1.188036527044167556e+01
1.188028336776762828e+01
1.188025029538795430e+01
1.188033358591142274e+01
1.188035759296390381e+01
1.188027175307916750e+01
1.188025639921250232e+01
1.188034682538048159e+01
1.188035018968778544e+01
1.188025653050173958e+01
1.188026860415161856e+01
1.188036041166925649e+01
1.188033338669122685e+01
1.188024819394084908e+01
1.188028606916083696e+01
1.188036391510580714e+01
1.188031858869613622e+01
1.188024575966806751e+01
1.188029906755196663e+01
1.188036782847165185e+01
1.188030368377546075e+01
1.188024211545900322e+01
1.188031773668707203e+01
1.188036715058864345e+01
1.188028377992048767e+01
1.188024872088502804e+01
1.188033456782048702e+01
1.188035739536227808e+01
1.188027139164548984e+01
1.188025764204411416e+01
1.188034534612639703e+01
1.188034996130406995e+01
1.188025883269123284e+01
1.188026684708047576e+01
1.188035936984041285e+01
1.188033585031141293e+01
1.188024726686876065e+01
1.188028493819286169e+01
1.188036532147442870e+01
1.188031797037274018e+01
1.188024579815350457e+01
1.188029976592200576e+01
1.188036624186336354e+01
1.188030468885851576e+01
1.188024340822739688e+01
1.188031523726261440e+01
1.188036778475257371e+01
1.188028579075468372e+01
1.188024666264040441e+01
1.188033448663240854e+01
1.188035882676972221e+01
1.188027032054427856e+01
1.188025803019239213e+01
1.188034551052240673e+01
1.188034880092439138e+01
1.188026049185745592e+01
1.188026672845230536e+01
1.188035720104559623e+01
1.188033788809147318e+01
1.188024792296222287e+01
1.188028252693406017e+01
1.188036653685200683e+01
1.188031882730112443e+01
1.188024442862310082e+01
1.188030052386767110e+01
1.188036600002513588e+01
1.188030416738873996e+01
1.188024500916680992e+01
1.188031394285554576e+01
1.188036680176355375e+01
1.188028833934519213e+01
1.188024564170482122e+01
1.188033275366035113e+01
1.188036100663972228e+01
1.188027007952599412e+01
1.188025677828286497e+01
1.188034662856860280e+01
1.188034824130117428e+01
1.188026053896798473e+01
1.188026776271981788e+01
1.188035540325402373e+01
1.188033836039201319e+01
1.188024990028618788e+01
1.188028025843490099e+01
1.188036628062489086e+01
1.188032112596924073e+01
1.188024296506941901e+01
1.188029995411540796e+01
1.188036728998941349e+01
1.188030330479551111e+01
1.188024544753395340e+01
1.188031425946142683e+01
1.188036523533455302e+01
1.188028989704063854e+01
1.188024628250329862e+01
1.188033021994235838e+01
1.188036238861469940e+01
1.188027149410962124e+01
1.188025453584975644e+01
1.188034717398322471e+01
1.188034928392229261e+01
1.188025941693013721e+01
1.188026846811846227e+01
1.188035513789796660e+01
1.188033749296557851e+01
1.188025179001225240e+01
1.188027943576310008e+01
1.188036454810550779e+01
1.188032356930894373e+01
1.188024281764323220e+01
1.188029782436484894e+01
1.188036895595014286e+01
1.188030358269652886e+01
1.188024427629324009e+01
1.188031518840065104e+01
1.188036461455526371e+01
1.188028980730339867e+01
1.188024776472534327e+01
1.188032843350903178e+01
1.188036211354391192e+01
1.188027394870053399e+01
1.188025282825998730e+01
1.188034610917364020e+01
1.188035152957689711e+01
1.188025859298788411e+01
1.188026765704721832e+01
1.188035622223986998e+01
1.188033667247396252e+01
1.188025227292741803e+01
1.188028009965510279e+01
1.188036261705660834e+01
1.188032472959551811e+01
1.188024425753646440e+01
1.188029526707139816e+01
1.188036950019347948e+01
1.188030549235695510e+01
1.188024245853780592e+01
1.188031519788266266e+01
1.188036563324379280e+01
1.188028885212414210e+01
1.188024854665816044e+01
1.188032828181167844e+01
1.188036076383053086e+01
1.188027592219970252e+01
1.188025272355512918e+01
1.188034379611878322e+01
1.188035351929770478e+01
1.188025928582345436e+01
1.188026546663903460e+01
1.188035729159749820e+01
1.188033723745084025e+01
1.188025126601026216e+01
1.188028099990049036e+01
1.188036192526318757e+01
1.188032430059428535e+01
1.188024617641108627e+01
1.188029379185435808e+01
1.188036839315004123e+01
1.188030809980818781e+01
1.188024153468951560e+01
1.188031355255125732e+01
1.188036754955473562e+01
1.188028856785698295e+01
1.188024770845592037e+01
1.188032922272426006e+01
1.188035984799678779e+01
1.188027632256454424e+01
1.188025389468381476e+01
1.188034168365541632e+01
1.188035400789154750e+01
1.188026139798455105e+01
1.188026324587740845e+01
1.188035698256880401e+01
1.188033931696636358e+01
1.188024999059026143e+01
1.188028068703905760e+01
1.188036281901457869e+01
1.188032335872324552e+01
1.188024706087639970e+01
1.188029396121947912e+01
1.188036654074943677e+01
1.188030985856949506e+01
1.188024227678685563e+01
1.188031096019714461e+01
1.188036882615934431e+01
1.188028991209600171e+01
1.188024574860749638e+01
1.188032976101367133e+01
1.188036048470158157e+01
1.188027543568189692e+01
1.188025491142114909e+01
1.188034103584880441e+01
1.188035305717787260e+01
1.188026359633760265e+01
1.188026237971874721e+01
1.188035512534199789e+01
1.188034171221697832e+01
1.188024991403137420e+01
1.188027876985316311e+01
1.188036425650263439e+01
1.188032342134340880e+01
1.188024631163007427e+01
1.188029490458426451e+01
1.188036548701167483e+01
1.188030996642469184e+01
1.188024400852457951e+01
1.188030895794685549e+01
1.188036847154149100e+01
1.188029242445319156e+01
1.188024415534983014e+01
1.188032874555264407e+01
1.188036243359625033e+01
1.188027467104787682e+01
1.188025448975422549e+01
1.188034183147778222e+01
1.188035197649758246e+01
1.188026448246760758e+01
1.188026307338191501e+01
1.188035289768272129e+01
1.188034293970372346e+01
1.188025146835692603e+01
1.188027626126926606e+01
1.188036471007121975e+01
1.188032513026371362e+01
1.188024475979937655e+01
1.188029508193873340e+01
1.188036606649053617e+01
1.188030906198888204e+01
1.188024520146154650e+01
1.188030856369178068e+01
1.188036691222468377e+01
1.188029462311994067e+01
1.188024410988859003e+01
1.188032637581718198e+01
1.188036429976923003e+01
1.188027533903348498e+01
1.188025260481972367e+01
1.188034278859969106e+01
1.188035217718151060e+01
1.188026381210301885e+01
1.188026417753661335e+01
1.188035179070529779e+01
1.188034253310682153e+01
1.188025366654603587e+01
1.188027469887087939e+01
1.188036349847283013e+01
1.188032768866347411e+01
1.188024394764504699e+01
1.188029362022665225e+01
1.188036768332741211e+01
1.188030866209975223e+01
1.188024481068908500e+01
1.188030938974321415e+01
1.188036561562085680e+01
1.188029530474429052e+01
1.188024544828742179e+01
1.188032403412073101e+01
1.188036474747125659e+01
1.188027750711021469e+01
1.188025051653818132e+01
1.188034247670524302e+01
1.188035394860649951e+01
1.188026270130090012e+01
1.188026419570971370e+01
1.188035230687576416e+01
1.188034144741583731e+01
1.188025496935459913e+01
1.188027479604079417e+01
1.188036138865643920e+01
1.188032955071824581e+01
1.188024478521909622e+01
1.188029107656677752e+01
1.188036882647397796e+01
1.188030984516645461e+01
1.188024317898294591e+01
1.188030998757322720e+01
1.188036580603875692e+01
1.188029459429582069e+01
1.188024680811018641e+01
1.188032307330439608e+01
1.188036367309969776e+01
1.188027993388585557e+01
1.188024967511067942e+01
1.188034056360162793e+01
1.188035620330164832e+01
1.188026265803140724e+01
1.188026258279624336e+01
1.188035352906868525e+01
1.188034121983505464e+01
1.188025463097906176e+01
1.188027582062958842e+01
1.188035992218623527e+01
1.188032977707185722e+01
1.188024674871151021e+01
1.188028895880731284e+01
1.188036838423047037e+01
1.188031231044794822e+01
1.188024174099654928e+01
1.188030910571791132e+01
1.188036740392673885e+01
1.188029382877991225e+01
1.188024682223181117e+01
1.188032363476783715e+01
1.188036229354493045e+01
1.188028115735346368e+01
1.188025044853759482e+01
1.188033811284481089e+01
1.188035741977541804e+01
1.188026426932131407e+01
1.188026022143160176e+01
1.188035391672122998e+01
1.188034263509044308e+01
1.188025334213004847e+01
1.188027624057855114e+01
1.188036006604658823e+01
1.188032885503561076e+01
1.188024834040814781e+01
1.188028840408762932e+01
1.188036662172219238e+01
1.188031463311487279e+01
1.188024177673188753e+01
1.188030677980487582e+01
1.188036909360172366e+01
1.188029439551498889e+01
1.188024530463380657e+01
1.188032453272904831e+01
1.188036207821914125e+01
1.188028077373359892e+01
1.188025180191853813e+01
1.188033665198029531e+01
1.188035697648075839e+01
1.188026668138870612e+01
1.188025865880511311e+01
1.188035264562859084e+01
1.188034504165394445e+01
1.188025262995118148e+01
1.188027505510996384e+01
1.188036137635915068e+01
1.188032826594840330e+01
1.188024840094865020e+01
1.188028918442953419e+01
1.188036494824952705e+01
1.188031551203098601e+01
1.188024328772984184e+01
1.188030430916311886e+01
1.188036946487142309e+01
1.188029652512159373e+01
1.188024341272614848e+01
1.188032428541104935e+01
1.188036347322390363e+01
1.188027978210382507e+01
1.188025220747431199e+01
1.188033683509286931e+01
1.188035569542784486e+01
1.188026834681520683e+01
1.188025875130605336e+01
1.188035033448875666e+01
1.188034691272624954e+01
1.188025353118209004e+01
1.188027266536514048e+01
1.188036238473740092e+01
1.188032919699662671e+01
1.188024711403184597e+01
1.188028991335244910e+01
1.188036468113774191e+01
1.188031490881228791e+01
1.188024499536800960e+01
1.188030311996201860e+01
1.188036824958549609e+01
1.188029908266217660e+01
1.188024264461002488e+01
1.188032240305770060e+01
1.188036551375901517e+01
1.188027971456838827e+01
1.188025097241569483e+01
1.188033787941316355e+01
1.188035511740583061e+01
1.188026838055478329e+01
1.188025991440918538e+01
1.188034850448348934e+01
1.188034718247278221e+01
1.188025568082612438e+01
1.188027053210335993e+01
1.188036187287433876e+01
1.188033150941077132e+01
1.188024584540203676e+01
1.188028925278515047e+01
1.188036590228081835e+01
1.188031407371748394e+01
1.188024546370172274e+01
1.188030351573042864e+01
1.188036655762433291e+01
1.188030055944795293e+01
1.188024352697885888e+01
1.188031982249268204e+01
1.188036665838515837e+01
1.188028130546295458e+01
1.188024884017962179e+01
1.188033824809362216e+01
1.188035616141209516e+01
1.188026732554984477e+01
1.188026064034930762e+01
1.188034824525745847e+01
1.188034618036656909e+01
1.188025762951881958e+01
1.188026989859009142e+01
1.188035994132077278e+01
1.188033385204019865e+01
1.188024595846599496e+01
1.188028707520642513e+01
1.188036738905879375e+01
1.188031445598622149e+01
1.188024434763878467e+01
1.188030441961647732e+01
1.188036590092569966e+01
1.188030039562268669e+01
1.188024515199869313e+01
1.188031808983793525e+01
1.188036613751619086e+01
1.188028384417884808e+01
1.188024734937985372e+01
1.188033698429120655e+01
1.188035832744433939e+01
1.188026667753916144e+01
1.188025981144970800e+01
1.188034926974155780e+01
1.188034533629194733e+01
1.188025811545665000e+01
1.188027070022016218e+01
1.188035792448340899e+01
1.188033484115905836e+01
1.188024762017324676e+01
1.188028458187791792e+01
1.188036767356981649e+01
1.188031644570541090e+01
1.188024269013424217e+01
1.188030431445446311e+01
1.188036687756301291e+01
1.188029946238277468e+01
1.188024597695200235e+01
1.188031800450701425e+01
1.188036462986414143e+01
1.188028579337662549e+01
1.188024748935225894e+01
1.188033455139866490e+01
1.188036012549004461e+01
1.188026758733872690e+01
1.188025766947818695e+01
1.188035016770096597e+01
1.188034593351595625e+01
1.188025716110358232e+01
1.188027162767084732e+01
1.188035721878892836e+01
1.188033427437492406e+01
1.188024965112877673e+01
1.188028325550456543e+01
1.188036632642611679e+01
1.188031902738956802e+01
1.188024201963854409e+01
1.188030255945424152e+01
1.188036865513297435e+01
1.188029929968909570e+01
1.188024516864577507e+01
1.188031892681296320e+01
1.188036366309085956e+01
1.188028613775242981e+01
1.188024883086308670e+01
1.188033243212373691e+01
1.188036037587049876e+01
1.188026985271760516e+01
1.188025561130518426e+01
1.188034962873073042e+01
1.188034799572082001e+01
1.188025604905119792e+01
1.188027127045659448e+01
1.188035806700095165e+01
1.188033330138254406e+01
1.188025056198800300e+01
1.188028355935219693e+01
1.188036433692659699e+01
1.188032066354956839e+01
1.188024301509524960e+01
1.188029995417750051e+01
1.188036969008339661e+01
1.188030078002409162e+01
1.188024332408304318e+01
1.188031933983200794e+01
1.188036428085383633e+01
1.188028526619947911e+01
1.188024990700843020e+01
1.188033182733999382e+01
1.188035924545533639e+01
1.188027209002492235e+01
1.188025497151673449e+01
1.188034758806469604e+01
1.188035026076070544e+01
1.188025621015735567e+01
1.188026934033188198e+01
1.188035935216648653e+01
1.188033341804973553e+01
1.188024985188461002e+01
1.188028453762306569e+01
1.188036324305069158e+01
1.188032064364602647e+01
1.188024490702971292e+01
1.188029804490918018e+01
1.188036907416908150e+01
1.188030334369016039e+01
1.188024195572986486e+01
1.188031816558202713e+01
1.188036613923344831e+01
1.188028462737723423e+01
1.188024949487028614e+01
1.188033261043997335e+01
1.188035809673800181e+01
1.188027294856792615e+01
1.188025585057897260e+01
1.188034528911183152e+01
1.188035127885011732e+01
1.188025797429603614e+01
1.188026692709370735e+01
1.188035956558599260e+01
1.188033516869031914e+01
1.188024843871714964e+01
1.188028465371204234e+01
1.188036378890247491e+01
1.188031970093520684e+01
1.188024615484850344e+01
1.188029776814271088e+01
1.188036733414208257e+01
1.188030548180169532e+01
1.188024217385702208e+01
1.188031570742061582e+01
1.188036780178542706e+01
1.188028547269869151e+01
1.188024767508076884e+01
1.188033344404295377e+01
1.188035829567885848e+01
1.188027228867579588e+01
1.188025703116054466e+01
1.188034419211409087e+01
1.188035068503056735e+01
1.188026027562985831e+01
1.188026555225167691e+01
1.188035812225886367e+01
1.188033766833586213e+01
1.188024786393228993e+01
1.188028312366943773e+01
1.188036528279166859e+01
1.188031936707884917e+01
1.188024579336887321e+01
1.188029863496966243e+01
1.188036596739625850e+01
1.188030605967564135e+01
1.188024371026684101e+01
1.188031339181238266e+01
1.188036798926513526e+01
1.188028776428263811e+01
1.188024576513288366e+01
1.188033294068931234e+01
1.188036002734714458e+01
1.188027129648193103e+01
1.188025704508829783e+01
1.188034469881375088e+01
1.188034951515126281e+01
1.188026158798375320e+01
1.188026583425538618e+01
1.188035587878484378e+01
1.188033936908460930e+01
1.188024895014779325e+01
1.188028060137798825e+01
1.188036619632896773e+01
1.188032064244013419e+01
1.188024426736465067e+01
1.188029916429386645e+01
1.188036613158369192e+01
1.188030530707113286e+01
1.188024515562179317e+01
1.188031251766941843e+01
1.188036670329913491e+01
1.188029020079457965e+01
1.188024517484782905e+01
1.188033087188563464e+01
1.188036213233949567e+01
1.188027145414273988e+01
1.188025544723246263e+01
1.188034580947053342e+01
1.188034929604902068e+01
1.188026125935946276e+01
1.188026694969059349e+01
1.188035438182117964e+01
1.188033941726293463e+01
1.188025107575990802e+01
1.188027861481579528e+01
1.188036549386879770e+01
1.188032312375598920e+01
1.188024304647319518e+01
1.188029816932818328e+01
1.188036764199470596e+01
1.188030461037229202e+01
1.188024519437210280e+01
1.188031312115820448e+01
1.188036522322206601e+01
1.188029135777212453e+01
1.188024616920266752e+01
1.188032837511347850e+01
1.188036311221181407e+01
1.188027324975727694e+01
1.188025320433762744e+01
1.188034599136461544e+01
1.188035071977129142e+01
1.188026007314919497e+01
1.188026735865415695e+01
1.188035451422297584e+01
1.188033839916539591e+01
1.188025271993491927e+01
1.188027822723540972e+01
1.188036354359013380e+01
1.188032534857197575e+01
1.188024334832604545e+01
1.188029579090753707e+01
1.188036913135156425e+01
1.188030530755335690e+01
1.188024374563619823e+01
1.188031395181697825e+01
1.188036498347593373e+01
1.188029093396186475e+01
1.188024763720630617e+01
1.188032695783414816e+01
1.188036244319872559e+01
1.188027574382491913e+01
1.188025185855235932e+01
1.188034451153114368e+01
1.188035304097082623e+01
1.188025956689201479e+01
1.188026614297318950e+01
1.188035573211436713e+01
1.188033782198720445e+01
1.188025279521658639e+01
1.188027910693915068e+01
1.188036179524089064e+01
1.188032607562406540e+01
1.188024506925746948e+01
1.188029338232107612e+01
1.188036923631529618e+01
1.188030752447522431e+01
1.188024203347160501e+01
1.188031356044380260e+01
1.188036632814545612e+01
1.188029000651631506e+01
1.188024806840132008e+01
1.188032717734835053e+01
1.188036103481578820e+01
1.188027739091501012e+01
1.188025217666316102e+01
1.188034208362732436e+01
1.188035471970508716e+01
1.188026069653632177e+01
1.188026380448226860e+01
1.188035653880580078e+01
1.188033880285297350e+01
1.188025158960442873e+01
1.188027982439198738e+01
1.188036150857347550e+01
1.188032537191091009e+01
1.188024687408186963e+01
1.188029232563494020e+01
1.188036779300196066e+01
1.188031005747505731e+01
1.188024152605992256e+01
1.188031155847712483e+01
1.188036821268715748e+01
1.188029009274862169e+01
1.188024686581361422e+01
1.188032816176401241e+01
1.188036042870352205e+01
1.188027739410657269e+01
1.188025347787542785e+01
1.188034024496688801e+01
1.188035476890814124e+01
1.188026299572678290e+01
1.188026183484499931e+01
1.188035578396277003e+01
1.188034109839663088e+01
1.188025051422201983e+01
1.188027909696355344e+01
1.188036265995731355e+01
1.188032454669786375e+01
1.188024736835002670e+01
1.188029282048336199e+01
1.188036598229975915e+01
1.188031142484937064e+01
1.188024264991560841e+01
1.188030896415528659e+01
1.188036910775950616e+01
1.188029183240270648e+01
1.188024486330416174e+01
1.188032837083848214e+01
1.188036145707873814e+01
1.188027639385499867e+01
1.188025423544849346e+01
1.188034000831758874e+01
1.188035362025545361e+01
1.188026498130320263e+01
1.188026141174053052e+01
1.188035367289822197e+01
1.188034330968216779e+01
1.188025087939022306e+01
1.188027690248802948e+01
1.188036396566951503e+01
1.188032501008551911e+01
1.188024631052779867e+01
1.188029371685672864e+01
1.188036529194206814e+01
1.188031116604847703e+01
1.188024441389642405e+01
1.188030731449561550e+01
1.188036833692106420e+01
1.188029442317102458e+01
1.188024360556840087e+01
1.188032693292323039e+01
1.188036352149142516e+01
1.188027590741683071e+01
1.188025340684285958e+01
1.188034098361039881e+01
1.188035274019268606e+01
1.188026545475956652e+01
1.188026236551016801e+01
1.188035159045419853e+01
1.188034410342374159e+01
1.188025274704628131e+01
1.188027450543042640e+01
1.188036399445564228e+01
1.188032704917679183e+01
1.188024481856191272e+01
1.188029351929123933e+01
1.188036622146109522e+01
1.188031023742479064e+01
1.188024528146805814e+01
1.188030731713839927e+01
1.188036667204351815e+01
1.188029631862627156e+01
1.188024399863786051e+01
1.188032441065425360e+01
1.188036510782944433e+01
1.188027701238944722e+01
1.188025133731959038e+01
1.188034172164110913e+01
1.188035335072994947e+01
1.188026454395210330e+01
1.188026333381436750e+01
1.188035088518469351e+01
1.188034338202990980e+01
1.188025487221990240e+01
1.188027335468308721e+01
1.188036241909980717e+01
1.188032957170726078e+01
1.188024440181489361e+01
1.188029168453415529e+01
1.188036785178746513e+01
1.188031017536186695e+01
1.188024450998117310e+01
1.188030823780851719e+01
1.188036565280942014e+01
1.188029658494502350e+01
1.188024551308413201e+01
1.188032231370972980e+01
1.188036510741748408e+01
1.188027940271479110e+01
1.188024946512370761e+01
1.188034097110110565e+01
1.188035537006182984e+01
1.188026358675065097e+01
1.188026295172165447e+01
1.188035169518551371e+01
1.188034236312405767e+01
1.188025579655339570e+01
1.188027381210430455e+01
1.188036030766962092e+01
1.188033105633462405e+01
1.188024564298443586e+01
1.188028910018009832e+01
1.188036864034046225e+01
1.188031176317311477e+01
1.188024279216074497e+01
1.188030854496943256e+01
1.188036624299892452e+01
1.188029571222953962e+01
1.188024665215285580e+01
1.188032177416970825e+01
1.188036379141001575e+01
1.188028165066026531e+01
1.188024906826528593e+01
1.188033877255686122e+01
1.188035747858931224e+01
1.188026397084493624e+01
1.188026103528903832e+01
1.188035283357486982e+01
1.188034251409992592e+01
1.188025511996347028e+01
1.188027484112483378e+01
1.188035918493583054e+01
1.188033088751827293e+01
1.188024768300060430e+01
1.188028731447674602e+01
1.188036776636656100e+01
1.188031434446986978e+01
1.188024165765308560e+01
1.188030723879871964e+01
1.188036799673345278e+01
1.188029518154578668e+01
1.188024625972808224e+01
1.188032256061841530e+01
1.188036256911118116e+01
1.188028245955233864e+01
1.188025014198201390e+01
1.188033642927324429e+01
1.188035826698736841e+01
1.188026592243580737e+01
1.188025874609505728e+01
1.188035281764072515e+01
1.188034427924583625e+01
1.188025384283694308e+01
1.188027491571205019e+01
1.188035970107152117e+01
1.188032988975419357e+01
1.188024897629002297e+01
1.188028717815178581e+01
1.188036585439932935e+01
1.188031639031121323e+01
1.188024214063542239e+01
1.188030472510491720e+01
1.188036944273801510e+01
1.188029617952105710e+01
1.188024452155313782e+01
1.188032328647774349e+01
1.188036275473295511e+01
1.188028179498882508e+01
1.188025140660229440e+01
1.188033536381447774e+01
1.188035747336815007e+01
1.188026830182622007e+01
1.188025758249740349e+01
1.188035116133971592e+01
1.188034668958125373e+01
1.188025349862349245e+01
1.188027334466768714e+01
1.188036107178575662e+01
1.188032960238340507e+01
1.188024864190559171e+01
1.188028810334211016e+01
1.188036442484193067e+01
1.188031683997478005e+01
1.188024386989210335e+01
1.188030246786287769e+01
1.188036936422320800e+01
1.188029856311168686e+01
1.188024280654621911e+01
1.188032261380168286e+01
1.188036442817873706e+01
1.188028090764933431e+01
1.188025142910154486e+01
1.188033587531270996e+01
1.188035620962725503e+01
1.188026960301711554e+01
1.188025806512881921e+01
1.188034880693407125e+01
1.188034820233238342e+01
1.188025481868885969e+01
1.188027087557500927e+01
1.188036175847782161e+01
1.188033094306265092e+01
1.188024722454342808e+01
1.188028858329093396e+01
1.188036456328111612e+01
1.188031602695749989e+01
1.188024539573933502e+01
1.188030170600410251e+01
1.188036786804159028e+01
1.188030097709760824e+01
1.188024247759306107e+01
1.188032041884227752e+01
1.188036636352804010e+01
1.188028124696904797e+01
1.188024986639434388e+01
1.188033688607702132e+01
1.188035598510958302e+01
1.188026927086983342e+01
1.188025928313275337e+01
1.188034729897114161e+01
1.188034805348977763e+01
1.188025708652710222e+01
1.188026904942945805e+01
1.188036080636863367e+01
1.188033340790014769e+01
1.188024622197098878e+01
1.188028750141589640e+01
1.188036598071237471e+01
1.188031538055938796e+01
1.188024546034189477e+01
1.188030237027873248e+01
1.188036629002132294e+01
1.188030204119590927e+01
1.188024369541255965e+01
1.188031790770721940e+01
1.188036709235914046e+01
1.188028319985994763e+01
1.188024776481589306e+01
1.188033687837845953e+01
1.188035739595776263e+01
1.188026817780892941e+01
1.188025969594157516e+01
1.188034743204834420e+01
1.188034692561705441e+01
1.188025876526076097e+01
1.188026885064583915e+01
1.188035868497457770e+01
1.188033550362639801e+01
1.188024678379014532e+01
1.188028510308375552e+01
1.188036726464702753e+01
1.188031618317252658e+01
1.188024408833198997e+01
1.188030315137503834e+01
1.188036602293849775e+01
1.188030155810183430e+01
1.188024527808480002e+01
1.188031656075438391e+01
1.188036619112941494e+01
1.188028574547767491e+01
1.188024665429750470e+01
1.188033521389072611e+01
1.188035960649318135e+01
1.188026786459933781e+01
1.188025847226499288e+01
1.188034856482727619e+01
1.188034634473846474e+01
1.188025884441728408e+01
1.188026984533766317e+01
1.188035687774397076e+01
1.188033605463156661e+01
1.188024870161285129e+01
1.188028278923882830e+01
1.188036710494309034e+01
1.188031845532621311e+01
1.188024256470054851e+01
1.188030263942298248e+01
1.188036730725412404e+01
1.188030067802686673e+01
1.188024573951693696e+01
1.188031683588949150e+01
1.188036465263637353e+01
1.188028734757174121e+01
1.188024720845569249e+01
1.188033269790031454e+01
1.188036107080266568e+01
1.188026920195790126e+01
1.188025621227534145e+01
1.188034917930054668e+01
1.188034735270517572e+01
1.188025771496007010e+01
1.188027056757711186e+01
1.188035658097408742e+01
1.188033523300359739e+01
1.188025058989745730e+01
1.188028189141142121e+01
1.188036544274221562e+01
1.188032093024073532e+01
1.188024232087918008e+01
1.188030054884784370e+01
1.188036902356334679e+01
1.188030089641650555e+01
1.188024458133493155e+01
1.188031777615891471e+01
1.188036401218214699e+01
1.188028730107496678e+01
1.188024865338365821e+01
1.188033087669725418e+01
1.188036088518480149e+01
1.188027162434649497e+01
1.188025443159258643e+01
1.188034819845444012e+01
1.188034960270266538e+01
1.188025682680864747e+01
1.188026979615512424e+01
1.188035766561482021e+01
1.188033440091663806e+01
1.188025110219432534e+01
1.188028250439763411e+01
1.188036352444896337e+01
1.188032216009519360e+01
1.188024368122332675e+01
1.188029797455193304e+01
1.188036966174537312e+01
1.188030275545474623e+01
1.188024272392504699e+01
1.188031784511080602e+01
1.188036501131647782e+01
1.188028634098029990e+01
1.188024945047849101e+01
1.188033068144179794e+01
1.188035958152219429e+01
1.188027362170766033e+01
1.188025423683192905e+01
1.188034593139822270e+01
1.188035165453009157e+01
1.188025743110309662e+01
1.188026761434730716e+01
1.188035879283555474e+01
1.188033492275277858e+01
1.188025010166113660e+01
1.188028341038463154e+01
1.188036280665254907e+01
1.188032178580884235e+01
1.188024557588614094e+01
1.188029643729506013e+01
1.188036864164818596e+01
1.188030536487844024e+01
1.188024171087129233e+01
1.188031626033867028e+01
1.188036695594388270e+01
1.188028599898459525e+01
1.188024863720167801e+01
1.188033162087580052e+01
1.188035865598970631e+01
1.188027406442660450e+01
1.188025535405903632e+01
1.188034380696510084e+01
1.188035223154746944e+01
1.188025948448833091e+01
1.188026534392496103e+01
1.188035857469336420e+01
1.188033698130449878e+01
1.188024877601777796e+01
1.188028314258610507e+01
1.188036368800608322e+01
1.188032084444378889e+01
1.188024648167582420e+01
1.188029654963693815e+01
1.188036682471840066e+01
1.188030717636801903e+01
1.188024236069102102e+01
1.188031368108801900e+01
1.188036831491079504e+01
1.188028727445476029e+01
1.188024666068512225e+01
1.188033221358976910e+01
1.188035926363486539e+01
1.188027318516899911e+01
1.188025637425937830e+01
1.188034311954548450e+01
1.188035134143377647e+01
1.188026168220659784e+01
1.188026439322798211e+01
1.188035678765695025e+01
1.188033941262493620e+01
1.188024860851127684e+01
1.188028125780393118e+01
1.188036516706928758e+01
1.188032086163823742e+01
1.188024574995714033e+01
1.188029748612711423e+01
1.188036575548400897e+01
1.188030734194269478e+01
1.188024404621608454e+01
1.188031163698137682e+01
1.188036805570243715e+01
1.188028975894146022e+01
1.188024499384381372e+01
1.188033127319477167e+01
1.188036121755596142e+01
1.188027237084203236e+01
1.188025598442305508e+01
1.188034390191256051e+01
1.188035026407601613e+01
1.188026260368403442e+01
1.188026502101262771e+01
1.188035457359382718e+01
1.188034071859889274e+01
1.188025008289130291e+01
1.188027872751754543e+01
1.188036570942308501e+01
1.188032252789386156e+01
1.188024416594028665e+01
1.188029770776150151e+01
1.188036631334357551e+01
1.188030645064545610e+01
1.188024524780915669e+01
1.188031118602473590e+01
1.188036655250537343e+01
1.188029198727218727e+01
1.188024485217056636e+01
1.188032894538500628e+01
1.188036314685813011e+01
1.188027295950586826e+01
1.188025410575520802e+01
1.188034490279687994e+01
1.188035043154487269e+01
1.188026195149919140e+01
1.188026611475758010e+01
1.188035343695963242e+01
1.188034038156329686e+01
1.188025225448479105e+01
1.188027709473308313e+01
1.188036458561735387e+01
1.188032509320057883e+01
1.188024326932328911e+01
1.188029629752771577e+01
1.188036795254615008e+01
1.188030600904078149e+01
1.188024488155313207e+01
1.188031199305996033e+01
1.188036525487383877e+01
1.188029272283829130e+01
1.188024612568974092e+01
1.188032658721441770e+01
1.188036368923492603e+01
1.188027507264771643e+01
1.188025196619310542e+01
1.188034467238319181e+01
1.188035218603815224e+01
1.188026080386097405e+01
1.188026616612082265e+01
1.188035393095261583e+01
1.188033931342704719e+01
1.188025357993429232e+01
1.188027712044524620e+01
1.188036251506295571e+01
1.188032701567802185e+01
1.188024401338599034e+01
1.188029376177705565e+01
1.188036917385033497e+01
1.188030713344358880e+01
1.188024323743024979e+01
1.188031262878051741e+01
1.188036541913410105e+01
1.188029203668450506e+01
1.188024747834045947e+01
1.188032557694035418e+01
1.188036268709694632e+01
1.188027750201271360e+01
1.188025103397300697e+01
1.188034282583350354e+01
1.188035447909074804e+01
1.188026067907620842e+01
1.188026457986901363e+01
1.188035518234300625e+01
1.188033905402928880e+01
1.188025326664677550e+01
1.188027812056184374e+01
1.188036103409223365e+01
1.188032731351156279e+01
1.188024592561868076e+01
1.188029159517901512e+01
1.188036882858067322e+01
1.188030957632819096e+01
1.188024172939776335e+01
1.188031181098694233e+01
1.188036701965486408e+01
1.188029123820624733e+01
1.188024751893179598e+01
1.188032610967647607e+01
1.188036132321782468e+01
1.188027876879123035e+01
1.188025172948370489e+01
1.188034038668395453e+01
1.188035578023854910e+01
1.188026221386600056e+01
1.188026219378643589e+01
1.188035564949541723e+01
1.188034043404432616e+01
1.188025195670093659e+01
1.188027856969196705e+01
1.188036115115354896e+01
1.188032642240076697e+01
1.188024752273455853e+01
1.188029097091333242e+01
1.188036712832050767e+01
1.188031193489767645e+01
1.188024166706938445e+01
1.188030952123421180e+01
1.188036876972395106e+01
1.188029173736172694e+01
1.188024600801788466e+01
1.188032703480773833e+01
1.188036108240696365e+01
1.188027841730821343e+01
1.188025305865594916e+01
1.188033889017911093e+01
1.188035541869917822e+01
1.188026460015676022e+01
1.188026055471317122e+01
1.188035446293171127e+01
1.188034285131410250e+01
1.188025116900970168e+01
1.188027742665922482e+01
1.188036247429606718e+01
1.188032580789854187e+01
1.188024761048409061e+01
1.188029171462180678e+01
1.188036545917675291e+01
1.188031287947800685e+01
1.188024310615741541e+01
1.188030702863661325e+01
1.188036923777678489e+01
1.188029381808784457e+01
1.188024406663608445e+01
1.188032685667355004e+01
1.188036246212200631e+01
1.188027740495753193e+01
1.188025348744037046e+01
1.188033903894170784e+01
1.188035417014175721e+01
1.188026629217828756e+01
1.188026056364363470e+01
1.188035219131565867e+01
1.188034478870838129e+01
1.188025197980298131e+01
1.188027504019997771e+01
1.188036355241429831e+01
1.188032669083487569e+01
1.188024631890024985e+01
1.188029246424573948e+01
1.188036516575778556e+01
1.188031231765150864e+01
1.188024479930551891e+01
1.188030577955630385e+01
1.188036810246600439e+01
1.188029638295138923e+01
1.188024320538131917e+01
1.188032503454313193e+01
1.188036454026175548e+01
1.188027726854508970e+01
1.188025227530330241e+01
1.188034009715911488e+01
1.188035357230408806e+01
1.188026636116352819e+01
1.188026168650932490e+01
1.188035034489152153e+01
1.188034514174721146e+01
1.188025407694333957e+01
1.188027285238697850e+01
1.188036313465825344e+01
1.188032898632614653e+01
1.188024498791019745e+01
1.188029185582042935e+01
1.188036638377626097e+01
1.188031146733260357e+01
1.188024529171499033e+01
1.188030613035659577e+01
1.188036643525848390e+01
1.188029791203233287e+01
1.188024400156779237e+01
1.188032246157442451e+01
1.188036577214309020e+01
1.188027878951262295e+01
1.188025011794216645e+01
1.188034053259001510e+01
1.188035458690205637e+01
1.188026529922469976e+01
1.188026242782012432e+01
1.188035005091508722e+01
1.188034418682415883e+01
1.188025603097523941e+01
1.188027213801849413e+01
1.188036126746336762e+01
1.188033137037918330e+01
1.188024500553640372e+01
1.188028970807039641e+01
1.188036792419642040e+01
1.188031179512370628e+01
1.188024418593895781e+01
1.188030704347888289e+01
1.188036575795733363e+01
1.188029779541843389e+01
1.188024559176756867e+01
1.188032068583658685e+01
1.188036534163545532e+01
1.188028130577796659e+01
1.188024854787419926e+01
1.188033934654746737e+01
1.188035676530267182e+01
1.188026458831349430e+01
1.188026163348300557e+01
1.188035107551231562e+01
1.188034333267751741e+01
1.188025654972974010e+01
1.188027288659776204e+01
1.188035925695286998e+01
1.188033243579524267e+01
1.188024659247184900e+01
1.188028718745393064e+01
1.188036830315133763e+01
1.188031374313479027e+01
1.188024248458836318e+01
1.188030699342976959e+01
1.188036671798056432e+01
1.188029685922505507e+01
1.188024643268382796e+01
1.188032055253254171e+01
1.188036387836510066e+01
