1.188024147592622981e+01
1.188045124286359489e+01
1.188065020822907414e+01
1.188043031311075737e+01
1.188024301380949410e+01
1.188047299616537344e+01
1.188064889159092452e+01
1.188041041304347445e+01
1.188024756948557936e+01
1.188049527741395472e+01
1.188064619388091714e+01
1.188039165794630847e+01
1.188025497427907951e+01
1.188051771202711215e+01
1.188064199429518553e+01
1.188037408042231391e+01
1.188026496384886599e+01
1.188053986470967871e+01
1.188063613127390461e+01
1.188035764738824973e+01
1.188027720103471552e+01
1.188056126369009391e+01
1.188062842456850987e+01
1.188034228390488245e+01
1.188029130367210406e+01
1.188058142886349344e+01
1.188061870190391467e+01
1.188032790080813328e+01
1.188030687427519716e+01
1.188059990167073643e+01
1.188060682753691566e+01
1.188031442251762826e+01
1.188032352872415487e+01
1.188061627442167278e+01
1.188059272938674660e+01
1.188030181149980180e+01
1.188034092158392241e+01
1.188063021653333706e+01
1.188057642125281177e+01
1.188029008663123420e+01
1.188035876621481535e+01
1.188064149498802635e+01
1.188055801711204040e+01
1.188027933379536449e+01
1.188037684821064488e+01
1.188064998653042004e+01
1.188053773563681403e+01
1.188026970809901073e+01
1.188039503092653426e+01
1.188065567986621218e+01
1.188051589457075252e+01
1.188026142789060202e+01
1.188041325223548483e+01
1.188065866739036203e+01
1.188049289594738767e+01
1.188025476121226198e+01
1.188043151241019757e+01
1.188065912752931474e+01
1.188046920404939577e+01
1.188025000561332334e+01
1.188044985412693499e+01
1.188065730013058463e+01
1.188044531841965146e+01
1.188024746270944476e+01
1.188046833683663905e+01
1.188065345808576723e+01
1.188042174425388353e+01
1.188024740954463354e+01
1.188048700878433728e+01
1.188064787848735371e+01
1.188039896242863769e+01
1.188025006951570894e+01
1.188050588037331678e+01
1.188064081623107704e+01
1.188037740146578969e+01
1.188025558611638566e+01
1.188052490226415792e+01
1.188063248231527957e+01
1.188035741381657751e+01
1.188026400276961603e+01
1.188054395076566827e+01
1.188062302846041085e+01
1.188033925878419339e+01
1.188027525137132656e+01
1.188056282194822089e+01
1.188061253918540849e+01
1.188032309406017184e+01
1.188028915101524952e+01
1.188058123476475991e+01
1.188060103202293760e+01
1.188030897708476452e+01
1.188030541699597364e+01
1.188059884257187804e+01
1.188058846604301344e+01
1.188029687626158548e+01
1.188032367884194684e+01
1.188061525185323575e+01
1.188057475821964104e+01
1.188028669071863952e+01
1.188034350510408999e+01
1.188063004655351129e+01
1.188055980631768449e+01
1.188027827609490039e+01
1.188036443213692728e+01
1.188064281615464601e+01
1.188054351598142233e+01
1.188027147299047748e+01
1.188038599409617113e+01
1.188065318533925740e+01
1.188052582886018271e+01
1.188026613451299696e+01
1.188040775164240515e+01
1.188066084268055711e+01
1.188050674817089991e+01
1.188026214983006312e+01
1.188042931720238293e+01
1.188066556543417995e+01
1.188048635827682631e+01
1.188025946151644163e+01
1.188045037489638567e+01
1.188066723749641973e+01
1.188046483575592127e+01
1.188025807543115953e+01
1.188047069336239225e+01
1.188066585812020826e+01
1.188044245079725059e+01
1.188025806263858897e+01
1.188049012997034382e+01
1.188066154009688091e+01
1.188041955912156489e+01
1.188025955336653183e+01
1.188050862558529808e+01
1.188065449764987491e+01
1.188039658564852452e+01
1.188026272331930144e+01
1.188052619012203692e+01
1.188064502577222292e+01
1.188037400170912505e+01
1.188026777315917926e+01
1.188054288048222240e+01
1.188063347372757050e+01
1.188035229778191315e+01
1.188027490273969455e+01
1.188055877372755553e+01
1.188062021581147931e+01
1.188033195379994211e+01
1.188028428255736202e+01
1.188057393906317039e+01
1.188060562232075767e+01
1.188031340928008284e+01
1.188029602564251164e+01
1.188058841219951134e+01
1.188059003321393448e+01
1.188029703580403051e+01
1.188031016341281543e+01
1.188060217507244332e+01
1.188057373647204429e+01
1.188028311453089714e+01
1.188032662862992694e+01
1.188061514294792964e+01
1.188055695281896718e+01
1.188027182127863313e+01
1.188034524762645283e+01
1.188062715988653295e+01
1.188053982811572951e+01
1.188026322109859656e+01
1.188036574268449641e+01
1.188063800267406300e+01
1.188052243429204502e+01
1.188025727315891444e+01
1.188038774409463016e+01
1.188064739269851522e+01
1.188050477904833002e+01
1.188025384538818585e+01
1.188041081029382973e+01
1.188065501476918406e+01
1.188048682365312203e+01
1.188025273700044870e+01
1.188043445381007324e+01
1.188066054146412220e+01
1.188046850704587598e+01
1.188025370597248198e+01
1.188045817050815245e+01
1.188066366115656614e+01
1.188044977341533581e+01
1.188025649805710771e+01
1.188048146967522101e+01
1.188066410730177935e+01
1.188043059972823023e+01
1.188026087409812170e+01
1.188050390265658685e+01
1.188066168600168382e+01
1.188041101955721679e+01
1.188026663304875896e+01
1.188052508786300798e+01
1.188065629861320538e+01
1.188039114016008924e+01
1.188027362888562521e+01
1.188054472995906963e+01
1.188064795644243254e+01
1.188037115093223051e+01
1.188028178031925108e+01
1.188056263115529454e+01
1.188063678547456270e+01
1.188035132265135552e+01
1.188029107266465090e+01
1.188057869305116299e+01
1.188062302053423913e+01
1.188033199801185447e+01
1.188030155154864964e+01
1.188059290847924565e+01
1.188060698981868413e+01
1.188031357463933446e+01
1.188031330861938351e+01
1.188060534418035274e+01
1.188058909191768819e+01
1.188029648208656397e+01
1.188032646023945027e+01
1.188061611657303196e+01
1.188056976804601916e+01
1.188028115449823474e+01
1.188034112116460150e+01
1.188062536387852042e+01
1.188054947229713321e+01
1.188026800097134839e+01
1.188035737619573062e+01
1.188063321815961970e+01
1.188052864245981866e+01
1.188025737610070820e+01
1.188037525339294476e+01
1.188063978050921854e+01
1.188050767363192506e+01
1.188024955357770374e+01
1.188039470235174022e+01
1.188064510187582279e+01
1.188048689667508029e+01
1.188024470580523229e+01
1.188041558029634182e+01
1.188064917109865348e+01
1.188046656336273976e+01
1.188024289208545703e+01
1.188043764759933119e+01
1.188065191092886508e+01
1.188044683974031557e+01
1.188024405695934504e+01
1.188046057303511915e+01
1.188065318221062583e+01
1.188042780865071357e+01
1.188024803894615822e+01
1.188048394790027373e+01
1.188065279587944367e+01
1.188040948147322773e+01
1.188025458853822691e+01
1.188050730733810312e+01
1.188065053194014631e+01
1.188039181793466703e+01
1.188026339309955581e+01
1.188053015679380842e+01
1.188064616403268481e+01
1.188037475165582535e+01
1.188027410558578723e+01
1.188055200136927603e+01
1.188063948747868537e+01
1.188035821816810511e+01
1.188028637390322295e+01
1.188057237582556702e+01
1.188063034794558170e+01
1.188034218171311096e+01
1.188029986810275318e+01
1.188059087292863225e+01
1.188061866737080763e+01
1.188032665743040361e+01
1.188031430320011772e+01
1.188060716766649705e+01
1.188060446379277479e+01
1.188031172646370592e+01
1.188032945600647494e+01
1.188062103480234732e+01
1.188058786238707576e+01
1.188029754268697324e+01
1.188034517475484719e+01
1.188063235756928471e+01
1.188056909628691926e+01
1.188028433081791313e+01
1.188036138056946456e+01
1.188064112617503021e+01
1.188054849729981299e+01
1.188027237644623213e+01
1.188037806026087750e+01
1.188064742612327507e+01
1.188052647792484784e+01
1.188026200890679362e+01
1.188039525073698499e+01
1.188065141789464185e+01
1.188050350688109802e+01
1.188025357819929262e+01
1.188041301642233449e+01
1.188065331076191455e+01
1.188048008065303662e+01
1.188024742759670715e+01
1.188043142225577853e+01
1.188065333409959301e+01
1.188045669348105449e+01
1.188024386420763179e+01
1.188045050572225669e+01
1.188065170949990978e+01
1.188043380808283978e+01
1.188024313035996826e+01
1.188047025159841574e+01
1.188064862648571918e+01
1.188041182937113227e+01
1.188024537902710520e+01
1.188049057261225272e+01
1.188064422386267260e+01
1.188039108342415595e+01
1.188025065636317912e+01
1.188051129825893959e+01
1.188063857807138035e+01
1.188037180379802038e+01
1.188025889362432785e+01
1.188053217281638041e+01
1.188063169937315600e+01
1.188035412682853398e+01
1.188026990951451367e+01
1.188055286244462927e+01
1.188062353621462641e+01
1.188033809672576524e+01
1.188028342259821812e+01
1.188057297039204485e+01
1.188061398759223408e+01
1.188032368005529271e+01
1.188029907211554104e+01
1.188059205879558888e+01
1.188060292260696293e+01
1.188031078789349237e+01
1.188031644461001868e+01
1.188060967523892408e+01
1.188059020556770307e+01
1.188029930282175428e+01
1.188033510342765453e+01
1.188062538203139695e+01
1.188057572407335805e+01
1.188028910723054388e+01
1.188035461826825312e+01
1.188063878595047917e+01
1.188055941677623473e+01
1.188028010938363366e+01
1.188037459234841009e+01
1.188064956585535903e+01
1.188054129725434649e+01
1.188027226434021344e+01
1.188039468517359154e+01
1.188065749532062654e+01
1.188052147078377629e+01
1.188026558782205022e+01
1.188041462921838587e+01
1.188066245756431982e+01
1.188050014185780157e+01
1.188026016210537428e+01
1.188043423898567319e+01
1.188066445061453358e+01
1.188047761174264494e+01
1.188025613378917456e+01
1.188045341125528509e+01
1.188066358188434180e+01
1.188045426670301552e+01
1.188025370374438339e+01
1.188047211607547382e+01
1.188066005288975724e+01
1.188043055848121199e+01
1.188025310986683358e+01
1.188049037917238238e+01
1.188065413625148281e+01
1.188040697908944843e+01
1.188025460375866871e+01
1.188050825776744368e+01
1.188064614796563490e+01
1.188038403206894245e+01
1.188025842320803704e+01
1.188052581293237075e+01
1.188063641814900606e+01
1.188036220237961516e+01
1.188026476314115065e+01
1.188054308214794119e+01
1.188062526318014278e+01
1.188034192722975568e+01
1.188027374833862027e+01
1.188056005554480166e+01
1.188061296159550295e+01
1.188032357034268749e+01
1.188028541133591176e+01
1.188057665857210488e+01
1.188059973556279658e+01
1.188030740219373804e+01
1.188029967837690748e+01
1.188059274279109268e+01
1.188058573934492657e+01
1.188029358848602790e+01
1.188031636520073242e+01
1.188060808539891688e+01
1.188057105576491423e+01
1.188028218841153283e+01
1.188033518310052017e+01
1.188062239722092883e+01
1.188055570118780757e+01
1.188027316307132253e+01
1.188035575434573410e+01
1.188063533830759688e+01
1.188053963888093456e+01
1.188026639306536225e+01
1.188037763499689703e+01
1.188064653983033025e+01
1.188052279970552405e+01
1.188026170299194462e+01
1.188040034258122901e+01
1.188065563061776686e+01
1.188050510802264625e+01
1.188025888966807209e+01
1.188042338598434355e+01
1.188066226629547373e+01
1.188048650975764886e+01
1.188025775056442157e+01
1.188044629506836536e+01
1.188066615848849672e+01
1.188046699901996384e+01
1.188025810930261450e+01
1.188046864778490885e+01
1.188066710108393842e+01
1.188044663973451875e+01
1.188025983582872414e+01
1.188049009272033985e+01
1.188066499043982027e+01
1.188042557952475953e+01
1.188026285974075336e+01
1.188051036506044689e+01
1.188065983686063554e+01
1.188040405437184077e+01
1.188026717597800364e+01
1.188052929416651793e+01
1.188065176570904491e+01
1.188038238389766832e+01
1.188027284253850802e+01
1.188054680158043297e+01
1.188064100803830136e+01
1.188036095815570192e+01
1.188027997021536564e+01
1.188056288935279170e+01
1.188062788214228149e+01
1.188034021742976876e+01
1.188028870486050259e+01
1.188057761997492356e+01
1.188061276847764702e+01
1.188032062677943834e+01
1.188029920350467350e+01
1.188059109054117712e+01
1.188059608088265406e+01
1.188030264721123075e+01
1.188031160663147823e+01
1.188060340460024200e+01
1.188057823696746773e+01
1.188028670564923850e+01
1.188032600977116893e+01
1.188061464526809985e+01
1.188055963018415184e+01
1.188027316626107677e+01
1.188034243800672840e+01
1.188062485269674440e+01
1.188054060570829051e+01
1.188026230595693100e+01
1.188036082671166227e+01
1.188063400813082993e+01
1.188052144200615956e+01
1.188025429683571055e+01
1.188038101095203913e+01
1.188064202580662609e+01
1.188050233969131320e+01
1.188024919780926325e+01
1.188040272475428161e+01
1.188064875312814017e+01
1.188048341887005677e+01
1.188024695656109664e+01
1.188042561011160991e+01
1.188065397894703246e+01
1.188046472555390132e+01
1.188024742163211123e+01
1.188044923446234336e+01
1.188065744926843159e+01
1.188044624678232708e+01
1.188025036306168758e+01
1.188047311465701128e+01
1.188065888924176150e+01
1.188042793292862243e+01
1.188025549889640686e+01
1.188049674511780474e+01
1.188065802978170993e+01
1.188040972454298760e+01
1.188026252429433782e+01
1.188051962783667115e+01
1.188065463650383258e+01
1.188039158028906783e+01
1.188027114001792128e+01
1.188054130192566404e+01
1.188064853799624743e+01
1.188037350228469968e+01
1.188028107762512064e+01
1.188056137044651095e+01
1.188063965009223999e+01
1.188035555564026247e+01
1.188029211935933560e+01
1.188057952214866830e+01
1.188062799297834715e+01
1.188033788005609104e+01
1.188030411137714637e+01
1.188059554578306631e+01
1.188061369878993112e+01
1.188032069257458012e+01
1.188031696937155601e+01
1.188060933512051065e+01
1.188059700873718150e+01
1.188030428164219998e+01
1.188033067593883985e+01
1.188062088377163406e+01
1.188057826034735953e+01
1.188028899334555000e+01
1.188034526952383452e+01
1.188063027029219931e+01
1.188055786662324920e+01
1.188027521103376927e+01
1.188036082561991691e+01
1.188063763554777275e+01
1.188053628960415509e+01
1.188026332978081712e+01
1.188037743198398921e+01
1.188064315540488103e+01
1.188051401098722337e+01
1.188025372755539522e+01
1.188039516071324186e+01
1.188064701222675090e+01
1.188049150229231898e+01
1.188024673552609300e+01
1.188041404075360852e+01
1.188064936844224384e+01
1.188046919684392577e+01
1.188024261042166785e+01
1.188043403444126156e+01
1.188065034480911919e+01
1.188044746575282851e+01
1.188024151207436496e+01
1.188045502103657114e+01
1.188065000516469993e+01
1.188042659998137651e+01
1.188024348896064097e+01
1.188047678914024452e+01
1.188064834873169318e+01
1.188040680031426888e+01
1.188024847363591618e+01
1.188049903862690115e+01
1.188064531048834560e+01
1.188038817652954471e+01
1.188025628865562311e+01
1.188052139157455045e+01
1.188064076960524496e+01
1.188037075615917715e+01
1.188026666217391103e+01
1.188054341085521592e+01
1.188063456542933416e+01
1.188035450200710841e+01
1.188027925116245598e+01
1.188056462458579432e+01
1.188062651988283491e+01
1.188033933633608186e+01
1.188029366938535070e+01
1.188058455439631445e+01
1.188061646434979224e+01
1.188032516861853338e+01
1.188030951706200433e+01
1.188060274535317262e+01
1.188060426827370009e+01
1.188031192321279761e+01
1.188032640941060336e+01
1.188061879522218689e+01
1.188058986609027201e+01
1.188029956349525129e+01
1.188034400175046557e+01
1.188063238049394066e+01
1.188057327901005245e+01
1.188028810978772576e+01
1.188036200934657316e+01
1.188064327644196361e+01
1.188055462870984513e+01
1.188027764950377296e+01
1.188038022051674680e+01
1.188065136874408445e+01
1.188053414119192475e+01
1.188026833895726497e+01
1.188039850173902323e+01
1.188065665499854973e+01
1.188051214056651439e+01
1.188026039702626591e+01
1.188041679390672201e+01
1.188065923578129812e+01
1.188048903381815435e+01
1.188025409128311338e+01
1.188043509968539269e+01
1.188065929645366126e+01
1.188046528847441863e+01
1.188024971750710534e+01
1.188045346306498473e+01
1.188065708223337325e+01
1.188044140546284488e+01
1.188024757399301023e+01
1.188047194345884527e+01
1.188065286972835644e+01
1.188041788944655508e+01
1.188024793277448765e+01
1.188049058769916755e+01
1.188064693819482365e+01
1.188039521887820094e+01
1.188025101059167632e+01
1.188050940362560759e+01
1.188063954336377215e+01
1.188037381809239434e+01
1.188025694290671019e+01
1.188052833859836888e+01
1.188063089602750111e+01
1.188035403385062416e+01
1.188026576422584668e+01
1.188054726540248751e+01
1.188062114698204930e+01
1.188033611867846062e+01
1.188027739728078735e+01
1.188056597687915783e+01
1.188061037946156340e+01
1.188032022295786483e+01
1.188029165243519714e+01
1.188058418950292605e+01
1.188059860975038085e+01
1.188030639692211210e+01
1.188030823730364460e+01
1.188060155527282902e+01
1.188058579613640653e+01
1.188029460248379188e+01
1.188032677524757474e+01
1.188061768072319246e+01
1.188057185570460383e+01
1.188028473348182956e+01
1.188034683043661133e+01
1.188063215147388796e+01
1.188055668757506034e+01
1.188027664174162723e+01
1.188036793672766045e+01
1.188064456045386841e+01
1.188054020017990631e+01
1.188027016555080451e+01
1.188038962762801276e+01
1.188065453761460866e+01
1.188052233934672408e+01
1.188026515701432828e+01
1.188041146487528721e+01
1.188066177851733229e+01
1.188050311356690969e+01
1.188026150527725200e+01
1.188043306350547823e+01
1.188066606882190612e+01
1.188048261307327458e+01
1.188025915348769068e+01
1.188045411150089059e+01
1.188066730173606445e+01
1.188046102030472184e+01
1.188025810829422113e+01
1.188047438221770413e+01
1.188066548606937900e+01
1.188043861071357199e+01
1.188025844140861054e+01
1.188049373808495446e+01
1.188066074370964742e+01
1.188041574419641577e+01
1.188026028320842720e+01
1.188051212478259444e+01
1.188065329689852945e+01
1.188039284840492193e+01
1.188026380868450005e+01
1.188052955623643392e+01
1.188064344713334108e+01
1.188037039572120612e+01
1.188026921657410995e+01
1.188054609213748947e+01
1.188063154844854807e+01
1.188034887584310439e+01
1.188027670332886387e+01
1.188056181092793118e+01
1.188061797815104548e+01
1.188032876601542398e+01
1.188028643446621757e+01
1.188057678185070287e+01
1.188060310790130814e+01
1.188031050118384258e+01
1.188029851659039693e+01
1.188059103959091622e+01
1.188058727756882327e+01
1.188029444664225309e+01
1.188031297361699856e+01
1.188060456441025359e+01
1.188057077384853599e+01
1.188028087588767789e+01
1.188032973028716377e+01
1.188061726971129595e+01
1.188055381530142540e+01
1.188026995622060511e+01
1.188034860504303936e+01
1.188062899794044114e+01
1.188053654514263080e+01
1.188026174396240542e+01
1.188036931303747679e+01
1.188063952490793973e+01
1.188051903263768772e+01
1.188025619000870137e+01
1.188039147871353229e+01
1.188064857200381574e+01
1.188050128330629285e+01
1.188025315506013158e+01
1.188041465630316651e+01
1.188065582531115005e+01
1.188048325718425602e+01
1.188025243255527030e+01
1.188043835597365039e+01
1.188066096019959872e+01
1.188046489325886768e+01
1.188025377632290969e+01
1.188046207314540759e+01
1.188066366951702690e+01
1.188044613716627573e+01
1.188025692954729529e+01
1.188048531855328527e+01
1.188066369289835578e+01
1.188042696858397385e+01
1.188026165187291738e+01
1.188050764677703697e+01
1.188066084414870005e+01
1.188040742468956523e+01
1.188026774212507242e+01
1.188052868104238691e+01
1.188065503344317086e+01
1.188038761672490118e+01
1.188027505489580271e+01
1.188054813206454163e+01
1.188064628141954771e+01
1.188036773789855793e+01
1.188028350991618964e+01
1.188056580884341962e+01
1.188063472321056580e+01
1.188034806213551065e+01
1.188029309356160113e+01
1.188058161989463990e+01
1.188062060194052627e+01
1.188032893421564040e+01
1.188030385215027351e+01
1.188059556445599796e+01
1.188060425273604537e+01
1.188031075248795432e+01
1.188031587722349158e+01
1.188060771462101606e+01
1.188058607941622924e+01
1.188029394563381125e+01
1.188032928385521458e+01
1.188061819076872538e+01
1.188056652658243273e+01
1.188027894515758121e+01
1.188034418408463111e+01
1.188062713359628653e+01
1.188054604987202190e+01
1.188026615566107580e+01
1.188036065854271328e+01
1.188063467629249459e+01
1.188052508686986641e+01
1.188025592544276066e+01
1.188037872989387544e+01
1.188064092002328742e+01
1.188050403089373575e+01
1.188024852033855971e+01
1.188039834155742547e+01
1.188064591513496815e+01
1.188048320970803218e+01
1.188024410378383422e+01
1.188041934437971214e+01
1.188064964958278757e+01
1.188046287103474796e+01
1.188024272561390760e+01
1.188044149276271888e+01
1.188065204533369723e+01
1.188044317638448355e+01
1.188024432109204120e+01
1.188046445046077437e+01
1.188065296291375006e+01
1.188042420413210110e+01
1.188024872030241852e+01
1.188048780512089309e+01
1.188065221376020553e+01
1.188040596181162023e+01
1.188025566665946364e+01
1.188051108989331084e+01
1.188064957953370637e+01
1.188038840638983551e+01
1.188026484211314227e+01
1.188053381005590481e+01
1.188064483696248352e+01
1.188037147008827255e+01
1.188027589595807676e+01
1.188055547244539056e+01
1.188063778604312937e+01
1.188035508842807708e+01
1.188028847410708799e+01
1.188057561545268470e+01
1.188062827866236759e+01
1.188033922681040444e+01
1.188030224608754182e+01
1.188059383725424389e+01
1.188061624424131146e+01
1.188032390230412716e+01
1.188031692760493030e+01
1.188060981976222230e+01
1.188060170906209834e+01
1.188030919827216181e+01
1.188033229707812666e+01
1.188062334573183954e+01
1.188058480665548267e+01
1.188029527062768587e+01
1.188034820491538568e+01
1.188063430685392241e+01
1.188056577795221358e+01
1.188028234553982543e+01
1.188036457455678097e+01
1.188064270158012725e+01
1.188054496142526872e+01
1.188027070912074912e+01
1.188038139478176092e+01
1.188064862280924494e+01
1.188052277469328821e+01
1.188026069000088825e+01
1.188039870363543571e+01
1.188065223709701712e+01
1.188049968980629778e+01
1.188025263598514769e+01
1.188041656546320901e+01
1.188065375823000558e+01
1.188047620468690191e+01
1.188024688646424742e+01
1.188043504372287451e+01
1.188065341852411017e+01
1.188045281311353207e+01
1.188024374290636409e+01
1.188045417308498131e+01
1.188065144111045157e+01
1.188042997551808710e+01
1.188024344035956048e+01
1.188047393448631794e+01
1.188064801592662079e+01
1.188040809288106203e+01
1.188024612322120355e+01
1.188049423626771528e+01
1.188064328139485148e+01
1.188038748600669692e+01
1.188025182831808735e+01
1.188051490354220796e+01
1.188063731312204752e+01
1.188036838228139658e+01
1.188026047749458947e+01
1.188053567674236355e+01
1.188063012045343214e+01
1.188035091154232958e+01
1.188027188063979800e+01
1.188055621916816662e+01
1.188062165122804359e+01
1.188033511179078694e+01
1.188028574868767073e+01
1.188057613253939415e+01
1.188061180454882226e+01
1.188032094424244534e+01
1.188030171484507846e+01
1.188059497904766637e+01
1.188060045071966009e+01
1.188030831589968805e+01
1.188031936143149991e+01
1.188061230808694901e+01
1.188058745663454019e+01
1.188029710673449735e+01
1.188033824941433814e+01
1.188062768562864591e+01
1.188057271396596803e+01
1.188028719793070032e+01
1.188035794787028898e+01
1.188064072395538417e+01
1.188055616679727677e+01
1.188027849768128164e+01
1.188037806097799276e+01
1.188065110910849498e+01
1.188053783511850092e+01
1.188027096172546671e+01
1.188039825055835230e+01
1.188065862315816368e+01
1.188051783103658465e+01
1.188026460679886220e+01
1.188041825244359195e+01
1.188066315857679811e+01
1.188049636566003997e+01
1.188025951613221309e+01
1.188043788511873444e+01
1.188066472272410934e+01
1.188047374606462014e+01
1.188025583686177455e+01
1.188045704945228564e+01
1.188066343173085926e+01
1.188045036305110180e+01
1.188025376963534541e+01
1.188047571912628086e+01
1.188065949464328597e+01
1.188042667130332752e+01
1.188025355102699798e+01
1.188049392253946124e+01
1.188065319005368714e+01
1.188040316398511465e+01
1.188025542991655215e+01
1.188051171828539410e+01
1.188064483822259199e+01
1.188038034389391484e+01
1.188025963976977195e+01
1.188052916741125209e+01
1.188063477186531713e+01
1.188035869332551364e+01
1.188026636957001969e+01
1.188054630613131835e+01
1.188062330846197234e+01
1.188033864498347469e+01
1.188027573674725090e+01
1.188056312242133750e+01
1.188061072639482951e+01
1.188032055646728757e+01
1.188028776552092936e+01
1.188057953915391529e+01
1.188059724671281181e+01
1.188030469089879482e+01
1.188030237346004903e+01
1.188059540538085201e+01
1.188058302193899785e+01
1.188029120594695165e+01
1.188031936793919741e+01
1.188061049630341337e+01
1.188056813293785474e+01
1.188028015273590299e+01
1.188033845282052425e+01
1.188062452164451166e+01
1.188055259435181199e+01
1.188027148491021379e+01
1.188035924436431756e+01
1.188063714156067974e+01
1.188053636843107874e+01
1.188026507675902899e+01
1.188038129435683032e+01
1.188064798879590711e+01
1.188051938613338443e+01
1.188026074805003418e+01
1.188040411793356910e+01
1.188065669541626335e+01
1.188050157328524570e+01
1.188025829234256925e+01
1.188042722348926361e+01
1.188066292205517449e+01
1.188048287867515107e+01
1.188025750529724434e+01
1.188045014222188556e+01
1.188066638706845879e+01
1.188046330044700660e+01
1.188025820990065995e+01
1.188047245509455152e+01
1.188066689254329944e+01
1.188044290728738162e+01
1.188026027629763703e+01
1.188049381513205915e+01
1.188066434403552840e+01
1.188042185174467669e+01
1.188026363476502922e+01
1.188051396300524232e+01
1.188065876140276167e+01
1.188040037431890816e+01
1.188026828105080490e+01
1.188053273408999289e+01
1.188065027920959871e+01
1.188037879825462539e+01
1.188027427372587397e+01
1.188055005586503654e+01
1.188063913671994953e+01
1.188035751595749367e+01
1.188028172352675149e+01
1.188056593563820940e+01
1.188062565897271305e+01
1.188033696852404297e+01
1.188029077522585375e+01
1.188058044000193547e+01
1.188061023143435690e+01
1.188031762009294390e+01
1.188030158342720810e+01
1.188059366873983969e+01
1.188059327113685448e+01
1.188029992889001107e+01
1.188031428467339445e+01
1.188060572667366444e+01
1.188057519712470622e+01
1.188028431717039624e+01
1.188032896910246983e+01
1.188061669699004597e+01
1.188055640266982849e+01
1.188027114266166073e+01
1.188034565526517561e+01
1.188062661906818285e+01
1.188053723136854067e+01
1.188026067436597089e+01
1.188036427137364548e+01
1.188063547295560518e+01
1.188051795900316776e+01
1.188025307550159226e+01
1.188038464532240823e+01
1.188064317168272055e+01
1.188049878278478211e+01
1.188024839576491232e+01
1.188040650457698533e+01
1.188064956182538801e+01
1.188047981917544327e+01
1.188024657397360251e+01
1.188042948570999080e+01
1.188065443214031447e+01
1.188046111083389711e+01
1.188024745077256661e+01
1.188045315226696097e+01
1.188065752959879617e+01
1.188044264225135294e+01
1.188025078973175219e+01
1.188047701897582442e+01
1.188065858167092870e+01
1.188042436245201117e+01
1.188025630408924727e+01
1.188050058002693277e+01
1.188065732316816359e+01
1.188040621202566882e+01
1.188026368587084391e+01
1.188052333909765856e+01
1.188065352526150775e+01
1.188038815100017942e+01
1.188027263423231261e+01
1.188054483884528345e+01
1.188064702363107727e+01
1.188037018387895927e+01
1.188028288040227842e+01
1.188056468757093675e+01
1.188063774238181303e+01
1.188035237871662098e+01
1.188029420727959007e+01
1.188058258064212325e+01
1.188062571058723371e+01
1.188033487820056067e+01
1.188030646234204113e+01
1.188059831432321545e+01
1.188061106920512700e+01
1.188031790192206572e+01
1.188031956290590685e+01
1.188061179017627822e+01
1.188059406753633063e+01
1.188030174003781347e+01
1.188033349306710740e+01
1.188062300921662562e+01
1.188057504992176483e+01
1.188028673918428524e+01
1.188034829218129573e+01
1.188063205643054587e+01
1.188055443453352211e+01
1.188027328183161302e+01
1.188036403562733234e+01
1.188063907774048644e+01
1.188053268674618579e+01
1.188026176052438387e+01
1.188038080971054633e+01
1.188064425253707590e+01
1.188051028970659395e+01
1.188025254891069693e+01
1.188039868364315055e+01
1.188064776524310950e+01
1.188048771454208463e+01
1.188024597204451993e+01
1.188041768221195227e+01
1.188064977911943565e+01
1.188046539246760069e+01
1.188024227893672879e+01
1.188043776270606067e+01
1.188065041485690365e+01
1.188044369099032593e+01
1.188024162050630395e+01
1.188045879898542445e+01
1.188064973568689808e+01
1.188042289631697379e+01
1.188024403571088783e+01
1.188048057447933381e+01
1.188064774005334989e+01
1.188040320379325721e+01
1.188024944766620905e+01
1.188050278465621723e+01
1.188064436235374721e+01
1.188038471764252613e+01
1.188025767023620993e+01
1.188052504838540280e+01
1.188063948175354057e+01
1.188036746031882984e+01
1.188026842417994011e+01
1.188054692684302083e+01
1.188063293854499669e+01
1.188035139054029443e+01
1.188028136072495755e+01
1.188056794817404160e+01
1.188062455687827956e+01
1.188033642781656596e+01
1.188029608968797390e+01
1.188058763588612798e+01
1.188061417186453816e+01
1.188032248029941407e+01
1.188031220911059016e+01
1.188060553881705772e+01
1.188060165819691427e+01
1.188030947230980416e+01
1.188032933365821364e+01
1.188062126033182864e+01
1.188058695686597055e+01
1.188029736813102133e+01
1.188034711950861677e+01
1.188063448412235523e+01
1.188057009649019236e+01
1.188028618950190740e+01
1.188036528393059932e+01
1.188064499384879014e+01
1.188055120639413786e+01
1.188027602532048554e+01
1.188038361805413601e+01
1.188065268417056153e+01
1.188053051981347252e+01
1.188026703305279419e+01
1.188040199154649734e+01
1.188065756157401509e+01
1.188050836709715696e+01
1.188025943204576151e+01
1.188042034835591387e+01
1.188065973476495074e+01
1.188048516003662414e+01
1.188025348933259728e+01
1.188043869354042670e+01
1.188065939595798248e+01
1.188046136925514062e+01
1.188024949884035664e+01
1.188045707237567328e+01
1.188065679564784638e+01
1.188043749691506790e+01
1.188024775544772282e+01
1.188047554419849661e+01
1.188065221406938932e+01
1.188041404699605508e+01
1.188024852607713200e+01
1.188049415439875744e+01
1.188064593256473422e+01
1.188039149537513417e+01
1.188025202072078734e+01
1.188051290824865447e+01
1.188063820763428247e+01
1.188037026205187630e+01
1.188025836674649938e+01
1.188053174983814664e+01
1.188062924980699009e+01
1.188035068796469673e+01
1.188026758972519303e+01
1.188055054849120395e+01
1.188061920890420886e+01
1.188033301875678838e+01
1.188027960325714361e+01
1.188056909390698834e+01
1.188060816683429977e+01
1.188031739743711412e+01
1.188029420905702871e+01
1.188058710018322373e+01
1.188059613860775521e+01
1.188030386701541730e+01
1.188031110717691163e+01
1.188060421807047540e+01
1.188058308172742805e+01
1.188029238293914780e+01
1.188032991494876178e+01
1.188062005426784040e+01
1.188056891341185661e+01
1.188028283381269112e+01
1.188035019230431821e+01
1.188063419619066252e+01
1.188055353417919413e+01
1.188027506771195796e+01
1.188037147074383704e+01
1.188064624034213956e+01
1.188053685529830972e+01
1.188026892066766749e+01
1.188039328326278010e+01
1.188065582207219606e+01
1.188051882681051907e+01
1.188026424381875756e+01
1.188041519280933933e+01
1.188066264404970696e+01
1.188049946248511546e+01
1.188026092630409991e+01
1.188043681715885391e+01
1.188066650043096750e+01
1.188047885838514439e+01
1.188025891184644678e+01
1.188045784827555806e+01
1.188066729378307151e+01
1.188045720272935313e+01
1.188025820787674647e+01
1.188047806433150555e+01
1.188066504246626742e+01
1.188043477612049159e+01
1.188025888674071240e+01
1.188049733287770060e+01
1.188065987740768570e+01
1.188041194249996835e+01
1.188026107894207684e+01
1.188051560443042298e+01
1.188065202877223392e+01
1.188038913211308589e+01
1.188026495871829802e+01
1.188053289691042558e+01
1.188064180444696483e+01
1.188036681825176366e+01
1.188027072282262964e+01
1.188054927275914352e+01
1.188062956311885898e+01
1.188034548968820303e+01
1.188027856423177475e+01
1.188056481175738455e+01
1.188061568499369614e+01
1.188032562082991817e+01
1.188028864341111124e+01
1.188057958315905260e+01
1.188060054299072021e+01
1.188030764190254551e+01
1.188030106048503676e+01
1.188059362062275426e+01
1.188058447679126850e+01
1.188029191177418120e+01
1.188031583185027706e+01
1.188060690276203246e+01
1.188056777171043166e+01
1.188027869616794874e+01
1.188033287425772855e+01
1.188061934116374019e+01
1.188055064406156092e+01
1.188026815379640233e+01
1.188035199833659483e+01
1.188063077672142498e+01
1.188053323434615649e+01
1.188026033223037103e+01
1.188037291222606484e+01
1.188064098433933857e+01
1.188051560912412796e+01
1.188025517412105181e+01
1.188039523466094671e+01
1.188064968548609812e+01
1.188049777172505905e+01
1.188025253300675743e+01
1.188041851581752439e+01
1.188065656760439559e+01
1.188047968097203899e+01
1.188025219663594356e+01
1.188044226365323475e+01
1.188066130895271399e+01
1.188046127593768020e+01
1.188025391477610349e+01
1.188046597329370080e+01
1.188066360695912849e+01
1.188044250374181665e+01
1.188025742811864838e+01
1.188048915707042141e+01
1.188066320754104588e+01
1.188042334678805290e+01
1.188026249516958899e+01
1.188051137294519677e+01
1.188065993228940798e+01
1.188040384583999831e+01
1.188026891467496782e+01
1.188053224909815242e+01
1.188065370024142453e+01
1.188038411606753186e+01
1.188027654188364046e+01
1.188055150241336122e+01
1.188064454135901116e+01
1.188036435440642791e+01
1.188028529758250862e+01
1.188056894876244129e+01
1.188063259986226328e+01
1.188034483782433171e+01
1.188029516923137408e+01
1.188058450361361906e+01
1.188061812707264231e+01
1.188032591307340802e+01
1.188030620384453506e+01
1.188059817260075235e+01
1.188060146491792679e+01
1.188030797910828795e+01
1.188031849283608032e+01
1.188061003312721375e+01
1.188058302230869323e+01
1.188029146361513710e+01
1.188033214994826281e+01
1.188062020947501729e+01
1.188056324709571854e+01
1.188027679532657999e+01
1.188034728444996446e+01
1.188062884476384085e+01
1.188054259632691512e+01
1.188026437421324211e+01
1.188036397275668676e+01
1.188063607327194582e+01
1.188052150725269485e+01
1.188025454214679222e+01
1.188038223211904310e+01
1.188064199622290040e+01
1.188050037128340186e+01
1.188024755699875001e+01
1.188040199980214418e+01
1.188064666336315156e+01
1.188047951296673155e+01
1.188024357316660407e+01
1.188042312033995174e+01
1.188065006177832039e+01
1.188045917587103339e+01
1.188024263099858757e+01
1.188044534226660609e+01
1.188065211267368859e+01
1.188043951689880728e+01
1.188024465651207606e+01
1.188046832444420708e+01
1.188065267628824273e+01
1.188042060992092175e+01
1.188024947143183319e+01
1.188049165101081606e+01
1.188065156460425875e+01
1.188040245862794286e+01
1.188025681219795437e+01
1.188051485326874079e+01
1.188064856099763666e+01
1.188038501725683105e+01
1.188026635545985954e+01
1.188053743647525273e+01
1.188064344535951022e+01
1.188036821667110843e+01
1.188027774696104899e+01
1.188055890935065761e+01
1.188063602244176309e+01
1.188035199241404705e+01
1.188029063072120550e+01
1.188057881406605176e+01
1.188062615041979697e+01
1.188033631105415999e+01
1.188030467583558369e+01
1.188059675435367168e+01
1.188061376623725174e+01
1.188032119156695465e+01
1.188031959878511046e+01
1.188061241917675659e+01
1.188059890441299338e+01
1.188030671948507511e+01
1.188033517967659058e+01
1.188062559937477047e+01
1.188058170677500947e+01
1.188029305269385105e+01
1.188035127116210177e+01
1.188063619514074887e+01
1.188056242194974388e+01
1.188028041873777774e+01
1.188036779904436102e+01
1.188064421316346575e+01
1.188054139494426309e+01
1.188026910416979298e+01
1.188038475408840000e+01
1.188064975368753373e+01
1.188051904835134742e+01
1.188025943682607455e+01
1.188040217546203614e+01
1.188065298926932556e+01
1.188049585740333569e+01
1.188025176221556478e+01
1.188042012739520459e+01
1.188065413812861770e+01
1.188047232131284403e+01
1.188024641573541373e+01
1.188043867182455315e+01
1.188065343545038743e+01
1.188044893324820528e+01
1.188024369310073602e+01
1.188045784058229160e+01
1.188065110584701145e+01
1.188042615120792256e+01
1.188024382198173079e+01
1.188047761077259246e+01
1.188064733962674246e+01
1.188040437209830280e+01
1.188024693813481747e+01
1.188049788639387039e+01
1.188064227479397061e+01
1.188038391132390892e+01
1.188025306904175338e+01
1.188051848825605106e+01
1.188063598609490512e+01
1.188036499000543778e+01
1.188026212716989072e+01
1.188053915304996444e+01
1.188062848194109478e+01
1.188034773142641853e+01
1.188027391367544183e+01
1.188055954133304226e+01
1.188061970956130509e+01
1.188033216736877229e+01
1.188028813197748690e+01
1.188057925342060095e+01
1.188060956818320335e+01
1.188031825372570616e+01
1.188030440938200094e+01
1.188059785168719351e+01
1.188059792935407799e+01
1.188030589347568089e+01
1.188032232411949884e+01
1.188061488747035455e+01
1.188058466260856072e+01
1.188029496403432006e+01
1.188034143490923711e+01
1.188062993054190919e+01
1.188056966374801604e+01
1.188028534541769865e+01
1.188036131032958664e+01
1.188064259882748352e+01
1.188055288232195394e+01
1.188027694576394211e+01
1.188038155564224674e+01
1.188065258567466032e+01
1.188053434472989345e+01
1.188026972148589167e+01
1.188040183510022807e+01
1.188065968174232445e+01
1.188051416986102282e+01
1.188026369031089402e+01
1.188042188799888876e+01
1.188066378880358798e+01
1.188049257534757785e+01
1.188025893639351871e+01
1.188044153688788640e+01
1.188066492354225545e+01
1.188046987395240350e+01
1.188025560737036201e+01
1.188046068677278200e+01
1.188066321075045195e+01
1.188044646087311662e+01
1.188025390361929823e+01
1.188047931497916387e+01
1.188065886691472883e+01
1.188042279358986519e+01
1.188025406033075626e+01
1.188049745255581335e+01
1.188065217649402960e+01
1.188039936627070858e+01
1.188025632358413297e+01
1.188051515942975378e+01
1.188064346390871862e+01
1.188037668081929077e+01
1.188026092243530840e+01
1.188053249658905308e+01
1.188063306437663336e+01
1.188035521671463179e+01
1.188026803984305069e+01
1.188054949896782908e+01
1.188062129639276954e+01
1.188033540200536464e+01
1.188027778583001037e+01
1.188056615240317626e+01
1.188060843810541378e+01
1.188031758803034243e+01
1.188029017628438311e+01
1.188058237723704025e+01
1.188059470937097117e+01
1.188030203044973909e+01
1.188030512013471451e+01
1.188059802008014110e+01
1.188058026090859798e+01
1.188028887883237950e+01
1.188032241647324128e+01
1.188061285421991009e+01
1.188056517157699865e+01
1.188027817621762061e+01
1.188034176185002266e+01
1.188062658836673258e+01
1.188054945427392539e+01
1.188026986882207048e+01
1.188036276665646618e+01
1.188063888287943826e+01
1.188053307023958283e+01
1.188026382468525810e+01
1.188038497855253439e+01
1.188064937217886552e+01
1.188051595055995691e+01
1.188025985881939484e+01
1.188040791042968536e+01
1.188065769168221308e+01
1.188049802256979248e+01
1.188025776159726377e+01
1.188043107033683299e+01
1.188066350714949948e+01
1.188047923795525485e+01
1.188025732692546654e+01
1.188045399095140020e+01
1.188066654377884035e+01
1.188045959890189351e+01
1.188025837719440325e+01
1.188047625638906268e+01
1.188066661194404361e+01
1.188043917882618494e+01
1.188026078277337305e+01
1.188049752424437244e+01
1.188066362644262064e+01
1.188041813513057932e+01
1.188026447463618851e+01
1.188051754078176003e+01
1.188065761667591502e+01
1.188039671273264730e+01
1.188026944935126039e+01
1.188053614746386799e+01
1.188064872634907587e+01
1.188037523838044152e+01
1.188027576606292790e+01
1.188055327773421865e+01
1.188063720283577496e+01
1.188035410670490855e+01
1.188028353543312221e+01
1.188056894414421194e+01
1.188062337779684796e+01
1.188033375948433523e+01
1.188029290111438563e+01
1.188058321734601641e+01
1.188060764157927096e+01
1.188031465980036216e+01
1.188030401522551394e+01
1.188059619976321279e+01
1.188059041428257601e+01
1.188029726295584787e+01
1.188031701030501353e+01
1.188060799745139029e+01
1.188057211626475684e+01
1.188028198639286970e+01
1.188033197105050753e+01
1.188061869365006729e+01
1.188055314050069278e+01
1.188026918126373310e+01
1.188034890946538269e+01
1.188062832697175786e+01
1.188053382889481213e+01
1.188025910855243161e+01
1.188036774662941042e+01
1.188063687629215970e+01
1.188051445444171428e+01
1.188025192252747431e+01
1.188038830333989537e+01
1.188064425347361919e+01
1.188049521086414373e+01
1.188024766365136209e+01
1.188041030061306458e+01
1.188065030430982993e+01
1.188047621092252726e+01
1.188024626190805222e+01
1.188043336973636421e+01
1.188065481751655206e+01
1.188045749390073524e+01
1.188024755011887557e+01
1.188045707050916100e+01
1.188065754109652694e+01
1.188043904175319199e+01
1.188025128548000353e+01
1.188048091568644260e+01
1.188065820491987878e+01
1.188042080218887975e+01
1.188025717652186053e+01
1.188050439937680025e+01
1.188065654778579017e+01
1.188040271587522234e+01
1.188026491223137171e+01
1.188052702709414099e+01
1.188065234651247870e+01
1.188038474422654289e+01
1.188027419023907783e+01
1.188054834519213365e+01
1.188064544394712918e+01
1.188036689412424707e+01
1.188028474151562364e+01
1.188056796735531151e+01
1.188063577250565750e+01
1.188034923652597996e+01
1.188029634968047432e+01
1.188058559569235939e+01
1.188062337013842829e+01
1.188033191703705072e+01
1.188030886359182325e+01
1.188060103406783696e+01
1.188060838656364737e+01
1.188031515771094249e+01
1.188032220223638902e+01
1.188061419187415169e+01
1.188059107906801515e+01
1.188029925031934830e+01
1.188033635123553289e+01
1.188062507752172614e+01
1.188057179867435664e+01
1.188028454194800254e+01
1.188035135085339711e+01
1.188063378238013001e+01
1.188055096858082038e+01
1.188027141407998499e+01
1.188036727632503720e+01
1.188064045736222596e+01
1.188052905735278486e+01
1.188026025661260654e+01
1.188038421245928689e+01
1.188064528531588415e+01
1.188050654944412621e+01
1.188025143874825140e+01
1.188040222554164416e+01
1.188064845266934633e+01
1.188048391544803550e+01
1.188024527930392082e+01
1.188042133618072427e+01
1.188065012347897209e+01
1.188046158433013666e+01
1.188024201946954150e+01
1.188044149663578608e+01
1.188065041834746793e+01
1.188043991986140568e+01
1.188024180118465978e+01
1.188046257542402806e+01
1.188064939988948332e+01
1.188041920337795077e+01
1.188024465387147544e+01
1.188048435089639199e+01
1.188064706576718876e+01
1.188039962470180200e+01
1.188025049124188115e+01
1.188050651423252546e+01
1.188064334980364478e+01
1.188038128245684533e+01
1.188025911854951389e+01
1.188052868122349537e+01
1.188063813117961409e+01
1.188036419401576893e+01
1.188027024926976694e+01
1.188055041148556157e+01
1.188063125117214014e+01
1.188034831404029568e+01
1.188028352901033280e+01
1.188057123333087972e+01
1.188062253621754216e+01
1.188033355933260182e+01
1.188029856376421733e+01
1.188059067228775234e+01
1.188061182522212889e+01
1.188031983676565773e+01
1.188031494951195910e+01
1.188060828111165712e+01
1.188059899819018916e+01
1.188030707064513258e+01
1.188033230047603972e+01
1.188062366890983412e+01
1.188058400270217163e+01
1.188029522615662259e+01
1.188035027379812902e+01
1.188063652670150461e+01
1.188056687477695839e+01
1.188028432642729193e+01
1.188036858885116231e+01
1.188064664662538128e+01
1.188054775133057106e+01
1.188027446179480506e+01
1.188038703966556220e+01
1.188065393236617950e+01
1.188052687273271246e+01
1.188026579082402989e+01
1.188040549916286892e+01
1.188065839928908574e+01
1.188050457544206751e+01
1.188025853327126846e+01
1.188042391437833878e+01
1.188066016417508131e+01
1.188048127591297032e+01
1.188025295556162497e+01
1.188044229275947217e+01
1.188065942600863067e+01
1.188045744771584111e+01
1.188024934968727919e+01
1.188046068083790274e+01
1.188065644046801062e+01
1.188043359409823907e+01
1.188024800701496098e+01
1.188047913783521103e+01
1.188065149132614451e+01
1.188041021820501619e+01
1.188024918925523998e+01
1.188049770767107205e+01
1.188064486193365887e+01
1.188038779318512006e+01
1.188025309956296027e+01
1.188051639304905116e+01
1.188063680949389500e+01
1.188036673455507319e+01
1.188025985715240118e+01
1.188053513482143231e+01
1.188062754421397216e+01
1.188034737729792312e+01
1.188026947864519478e+01
1.188055379891532404e+01
1.188061721488884004e+01
1.188032996007241593e+01
1.188028186854763746e+01
1.188057217197503235e+01
1.188060590205921585e+01
1.188031461845496750e+01
1.188029682001023346e+01
1.188058996582217475e+01
1.188059361943649073e+01
1.188030138821940085e+01
1.188031402564203454e+01
1.188060683006673379e+01
1.188058032373683126e+01
1.188029021837723676e+01
1.188033309688362316e+01
1.188062237168599644e+01
1.188056593233669389e+01
1.188028099235468815e+01
1.188035358957190901e+01
1.188063618001109134e+01
1.188055034719615399e+01
1.188027355454223333e+01
1.188037503299121767e+01
1.188064785524714395e+01
1.188053348246922880e+01
1.188026773876823228e+01
1.188039695976213039e+01
1.188065703827205866e+01
1.188051529244418347e+01
1.188026339524112984e+01
1.188041893417802086e+01
1.188066343898049482e+01
1.188049579616803086e+01
1.188026041310975067e+01
1.188044057688460420e+01
1.188066686011409701e+01
1.188047509549112135e+01
1.188025873667372245e+01
1.188046158394796059e+01
1.188066721364246980e+01
1.188045338432828757e+01
1.188025837414079255e+01
1.188048173845205291e+01
1.188066452746551782e+01
1.188043094831888169e+01
1.188025939847854673e+01
1.188050091312973500e+01
1.188065894148841828e+01
1.188040815531845773e+01
1.188026194029376015e+01
1.188051906335152275e+01
1.188065069370199822e+01
1.188038543802849922e+01
1.188026617302992349e+01
1.188053621101427737e+01
1.188064009826769230e+01
1.188036327050998864e+01
1.188027229139621355e+01
1.188055242126979394e+01
1.188062751840704578e+01
1.188034214046436432e+01
1.188028048482093268e+01
1.188056777519631879e+01
1.188061333711245737e+01
1.188032251931228345e+01
1.188029090864544379e+01
1.188058234203358232e+01
1.188059792845662699e+01
1.188030483241031554e+01
1.188030365646343256e+01
1.188059615441437522e+01
1.188058163183249860e+01
1.188028943206383126e+01
1.188031873714001208e+01
1.188060918933118870e+01
1.188056473108023425e+01
1.188027657611306331e+01
1.188033605947049764e+01
1.188062135660258889e+01
1.188054744018017850e+01
1.188026641461628685e+01
1.188035542635222974e+01
1.188063249562948087e+01
1.188052989685293959e+01
1.188025898637790512e+01
1.188037653902840241e+01
1.188064238047832788e+01
1.188051216491318129e+01
1.188025422583690371e+01
1.188039901066534298e+01
1.188065073277203254e+01
1.188049424549340749e+01
1.188025197943751898e+01
1.188042238753259205e+01
1.188065724139868706e+01
1.188047609622600120e+01
1.188025202932425906e+01
1.188044617552812454e+01
1.188066158760336677e+01
1.188045765630702100e+01
1.188025412128964931e+01
1.188046986963241380e+01
1.188066347350020102e+01
1.188043887437512502e+01
1.188025799360728385e+01
1.188049298392329689e+01
1.188066265139087463e+01
1.188041973557279718e+01
1.188026340370540801e+01
1.188051507989295352e+01
1.188065895073198597e+01
1.188040028422768302e+01
1.188027015030043465e+01
1.188053579081514854e+01
1.188065229946231582e+01
1.188038063937952060e+01
1.188027808934103291e+01
1.188055483985921512e+01
1.188064273685535532e+01
1.188036100160443631e+01
1.188028714270655684e+01
1.188057204984741588e+01
1.188063041615401083e+01
1.188034165080876114e+01
1.188029729896564390e+01
1.188058734323280952e+01
1.188061559677166734e+01
1.188032293560496910e+01
1.188030860583240056e+01
1.188060073203246425e+01
1.188059862730806415e+01
1.188030525543638838e+01
1.188032115457177262e+01
1.188061229891450665e+01
1.188057992162747567e+01
1.188028903687031779e+01
1.188033505754994756e+01
1.188062217200601367e+01
1.188055993069329475e+01
1.188027470573576494e+01
1.188035042121178897e+01
1.188063049679664651e+01
1.188053911283031816e+01
1.188026265723592445e+01
1.188036731771367727e+01
1.188063740861888640e+01
1.188051790482306380e+01
1.188025322668613271e+01
1.188038575887756920e+01
1.188064300873912060e+01
1.188049669604598968e+01
1.188024666388720796e+01
1.188040567584020124e+01
1.188064734630589925e+01
1.188047580771013578e+01
1.188024311413261103e+01
1.188042690689187708e+01
1.188065040754829482e+01
1.188045547912889255e+01
1.188024260826813894e+01
1.188044919480350359e+01
1.188065211293099743e+01
1.188043586252561035e+01
1.188024506310166650e+01
1.188047219367318696e+01
1.188065232243602765e+01
1.188041702723435478e+01
1.188025029207740957e+01
1.188049548427003721e+01
1.188065084863400322e+01
1.188039897310699189e+01
1.188025802476619397e+01
1.188051859619283235e+01
1.188064747667632304e+01
1.188038165168262239e+01
1.188026793263047409e+01
1.188054103482469692e+01
1.188064198969233054e+01
1.188036499250808475e+01
1.188027965797208374e+01
1.188056231091873371e+01
1.188063419726922021e+01
1.188034893117960422e+01
1.188029284301784827e+01
1.188058197057705279e+01
1.188062396393836551e+01
1.188033343543865250e+01
1.188030715652311997e+01
1.188059962323270824e+01
1.188061123420104614e+01
1.188031852614293804e+01
1.188032231583141218e+01
1.188061496502508696e+01
1.188059605080114522e+01
1.188030429094486706e+01
1.188033810281893388e+01
1.188062779496649668e+01
1.188057856380172339e+01
1.188029088963565272e+01
1.188035437245032355e+01
1.188063802179198802e+01
1.188055902942023856e+01
1.188027855106057729e+01
1.188037105293657092e+01
1.188064566041622783e+01
1.188053779906537244e+01
1.188026756213276158e+01
1.188038813704268826e+01
1.188065081837713954e+01
1.188051530015881951e+01
1.188025824980463518e+01
1.188040566504248297e+01
1.188065367415595830e+01
1.188049201096707996e+01
1.188025095718750990e+01
1.188042370101311107e+01
1.188065445032524003e+01
1.188046843184464407e+01
1.188024601557319393e+01
1.188044230533074419e+01
1.188065338486748601e+01
1.188044505520098681e+01
1.188024371481162156e+01
1.188046150696756342e+01
1.188065070381903254e+01
1.188042233645270684e+01
1.188024427509934711e+01
1.188048127920546015e+01
1.188064659781421106e+01
1.188040066828976116e+01
1.188024782349081931e+01
1.188050152174785623e+01
1.188064120440379945e+01
1.188038036059237434e+01
1.188025437810989793e+01
1.188052205118215632e+01
1.188063459744487105e+01
1.188036162812220375e+01
1.188026384208632713e+01
1.188054260056118494e+01
1.188062678439687758e+01
1.188034458755780065e+01
1.188027600792897687e+01
1.188056282781652584e+01
1.188061771187582494e+01
1.188032926445497850e+01
1.188029057165955749e+01
1.188058233198215596e+01
1.188060727925348914e+01
1.188031560941469600e+01
1.188030715481587940e+01
1.188060067574328116e+01
1.188059535936240430e+01
1.188030352144275525e+01
1.188032533167422855e+01
1.188061741251444481e+01
1.188058182443394628e+01
1.188029287545094093e+01
1.188034465883603197e+01
1.188063211600671210e+01
1.188056657445247133e+01
1.188028355032502859e+01
1.188036470450670734e+01
1.188064440992634907e+01
1.188054956446591426e+01
1.188027545416293052e+01
1.188038507515321740e+01
1.188065399504958464e+01
1.188053082727675580e+01
1.188026854404445132e+01
1.188040543757844247e+01
1.188066067071352094e+01
1.188051048850389080e+01
1.188026283866751420e+01
1.188042553464631901e+01
1.188066434803351257e+01
1.188048877220914967e+01
1.188025842308145030e+01
1.188044519305207558e+01
