1.188024147592622981e+01
1.188034198056281987e+01
1.188038543186895879e+01
1.188026030041446646e+01
1.188028788166287342e+01
1.188039726818032449e+01
1.188030764316182619e+01
1.188024924139868510e+01
1.188037188334028293e+01
1.188036059709594383e+01
1.188024457682608137e+01
1.188032168976325131e+01
1.188039369091394626e+01
1.188027588120683831e+01
1.188027094954260043e+01
1.188039124846454797e+01
1.188032783752937149e+01
1.188024391639874722e+01
1.188035482041947688e+01
1.188037543753349645e+01
1.188025317785096568e+01
1.188030216043055987e+01
1.188039612836039893e+01
1.188029384753541962e+01
1.188025844362224248e+01
1.188038050816706992e+01
1.188034624722639165e+01
1.188024416316044807e+01
1.188033649070052711e+01
1.188038553840632794e+01
1.188026557279965800e+01
1.188028517651556903e+01
1.188039351029227220e+01
1.188031209602242555e+01
1.188025066700908461e+01
1.188036691931869093e+01
1.188036165833747404e+01
1.188024878954056618e+01
1.188031863662056509e+01
1.188039117925903376e+01
1.188027997434883609e+01
1.188027134477563962e+01
1.188038722378213308e+01
1.188032938635335789e+01
1.188024692294824014e+01
1.188035196967008744e+01
1.188037400427054635e+01
1.188025645708229128e+01
1.188030195241067233e+01
1.188039325297544657e+01
1.188029533714090391e+01
1.188026034654520302e+01
1.188037834768968892e+01
1.188034551118515481e+01
1.188024635860423572e+01
1.188033621460543188e+01
1.188038377630901721e+01
1.188026648877506375e+01
1.188028630579034584e+01
1.188039236572196167e+01
1.188031154125995315e+01
1.188025174797859940e+01
1.188036710847161004e+01
1.188036073544156146e+01
1.188024875528440205e+01
1.188031948155250461e+01
1.188039114746258385e+01
1.188027905626133496e+01
1.188027152570476908e+01
1.188038830014449587e+01
1.188032884709532411e+01
1.188024577687514061e+01
1.188035307819049180e+01
1.188037493364132047e+01
1.188025471436705871e+01
1.188030164862459159e+01
1.188039544044056584e+01
1.188029463821139942e+01
1.188025817528338557e+01
1.188038021366367758e+01
1.188034703278951376e+01
1.188024350817057417e+01
1.188033595697720379e+01
1.188038705453190680e+01
1.188026511081145031e+01
1.188028342657980652e+01
1.188039532731510661e+01
1.188031314446455866e+01
1.188024774339496403e+01
1.188036743442145138e+01
1.188036484364734058e+01
1.188024630967857576e+01
1.188031637744608915e+01
1.188039531735399024e+01
1.188028019337050445e+01
1.188026656722848351e+01
1.188038964327904345e+01
1.188033333708463601e+01
1.188024208584893593e+01
1.188035029931519659e+01
1.188038017535702551e+01
1.188025491286407842e+01
1.188029614276439183e+01
1.188039804140846023e+01
1.188029896571759103e+01
1.188025330885102981e+01
1.188037826474293190e+01
1.188035298799676198e+01
1.188024246760079805e+01
1.188033043386164245e+01
1.188039091133330771e+01
1.188026874651962395e+01
1.188027768883482160e+01
1.188039456446306197e+01
1.188031930564404703e+01
1.188024539706949412e+01
1.188036243987652085e+01
1.188036971156463117e+01
1.188024884719539287e+01
1.188031024497506394e+01
1.188039587525593177e+01
1.188028600700251936e+01
1.188026309612366305e+01
1.188038562769073536e+01
1.188033877825169249e+01
1.188024332453681353e+01
1.188034432433311061e+01
1.188038193973339851e+01
1.188025989202358623e+01
1.188029193877125422e+01
1.188039526810268676e+01
1.188030443819074833e+01
1.188025329458329082e+01
1.188037296276090515e+01
1.188035561898404602e+01
1.188024629093248308e+01
1.188032601990117065e+01
1.188038940321230541e+01
1.188027371463254411e+01
1.188027670433676519e+01
1.188039030946375973e+01
1.188032230730910399e+01
1.188024797390015408e+01
1.188035836322100813e+01
1.188036924691290075e+01
1.188025289062542278e+01
1.188030875172943546e+01
1.188039282381680728e+01
1.188028882876905712e+01
1.188026458439598620e+01
1.188038234831348561e+01
1.188033893656625928e+01
1.188024622377307793e+01
1.188034286793660144e+01
1.188037999961739999e+01
1.188026204126046004e+01
1.188029271213310700e+01
1.188039306489639380e+01
1.188030468665794714e+01
1.188025507531277292e+01
1.188037206109460442e+01
1.188035446862241429e+01
1.188024743367019553e+01
1.188032659068415597e+01
1.188038831726196065e+01
1.188027351755974692e+01
1.188027763166760487e+01
1.188039034655568749e+01
1.188032146219177498e+01
1.188024800307024265e+01
1.188035927706409467e+01
1.188036907342978665e+01
1.188025181944121300e+01
1.188030927543117521e+01
1.188039397110929762e+01
1.188028774116345510e+01
1.188026364163209259e+01
1.188038407198648372e+01
1.188033926713547572e+01
1.188024404509434540e+01
1.188034352989666154e+01
1.188038218074533248e+01
1.188026021286280809e+01
1.188029115867274577e+01
1.188039589026815968e+01
1.188030499315952149e+01
1.188025179906477113e+01
1.188037338391959175e+01
1.188035737490674038e+01
1.188024451814778004e+01
1.188032493332323192e+01
1.188039230105500543e+01
1.188027326059768107e+01
1.188027350941537996e+01
1.188039272610341612e+01
1.188032461567746800e+01
1.188024387752090760e+01
1.188035806431171792e+01
1.188037402508239104e+01
1.188025055910065930e+01
1.188030474926597790e+01
1.188039759493434566e+01
1.188029059230485629e+01
1.188025843234455436e+01
1.188038378166451459e+01
1.188034478725203336e+01
1.188024153136943895e+01
1.188033914233556132e+01
1.188038698914109048e+01
1.188026225287147497e+01
1.188028521591858855e+01
1.188039683155063386e+01
1.188031055468223762e+01
1.188024802345730357e+01
1.188036966725117516e+01
1.188036307251449841e+01
1.188024538301869448e+01
1.188031876033618062e+01
1.188039455098920172e+01
1.188027831609495344e+01
1.188026870714632999e+01
1.188039009381638955e+01
1.188033073129009765e+01
1.188024342245550002e+01
1.188035221498024185e+01
1.188037741257966040e+01
1.188025465222618848e+01
1.188029935164419726e+01
1.188039625743872207e+01
1.188029657463475530e+01
1.188025676134543929e+01
1.188037874786278358e+01
1.188034892782556362e+01
1.188024438969421936e+01
1.188033368902366149e+01
1.188038691102133981e+01
1.188026758269590033e+01
1.188028266050166337e+01
1.188039294315206007e+01
1.188031492882738682e+01
1.188024961368772026e+01
1.188036469637260062e+01
1.188036398005726113e+01
1.188024967876535598e+01
1.188031581171538598e+01
1.188039190901228181e+01
1.188028237527918307e+01
1.188026924143654206e+01
1.188038603238127422e+01
1.188033216874411302e+01
1.188024651763269013e+01
1.188034942359858448e+01
1.188037586913874222e+01
1.188025793080684878e+01
1.188029924371483759e+01
1.188039333450220525e+01
1.188029799769162764e+01
1.188025873797939269e+01
1.188037661082357310e+01
1.188034811698558890e+01
1.188024659986873388e+01
1.188033346906617282e+01
1.188038511133892428e+01
1.188026847006622155e+01
1.188028383174204983e+01
1.188039180257980121e+01
1.188031434204972747e+01
1.188025070405115891e+01
1.188036490214831531e+01
1.188036304771903318e+01
1.188024963902384634e+01
1.188031665716666829e+01
1.188039188213679864e+01
1.188028146602529489e+01
1.188026940716549973e+01
1.188038709879278798e+01
1.188033166004666796e+01
1.188024536947417786e+01
1.188035049060439263e+01
1.188037682440655374e+01
1.188025622690306093e+01
1.188029888629221631e+01
1.188039550422594992e+01
1.188029737243486395e+01
1.188025654746786763e+01
1.188037840189516992e+01
1.188034970108647315e+01
1.188024380064863905e+01
1.188033311378367607e+01
1.188038838479848458e+01
1.188026720260201863e+01
1.188028089893343342e+01
1.188039467199372368e+01
1.188031605233032550e+01
1.188024674240640088e+01
1.188036509026142085e+01
1.188036718263041180e+01
1.188024732634223568e+01
1.188031345484318813e+01
1.188039596285128852e+01
1.188028275347638818e+01
1.188026446381417678e+01
1.188038827638907513e+01
1.188033622062601324e+01
1.188024181421800307e+01
1.188034756765526545e+01
1.188038200024513991e+01
1.188025660865186772e+01
1.188029335334800507e+01
1.188039793054094062e+01
1.188030181820027487e+01
1.188025179889399752e+01
1.188037627111069838e+01
1.188035562987799487e+01
1.188024295894257421e+01
1.188032751507914497e+01
1.188039207873609193e+01
1.188027099860225988e+01
1.188027524343989505e+01
1.188039370522825955e+01
1.188032223527258679e+01
1.188024458983751153e+01
1.188035997472426608e+01
1.188037191843043594e+01
1.188025005226300479e+01
1.188030735799731552e+01
1.188039631500284266e+01
1.188028863653604539e+01
1.188026116143920596e+01
1.188038410628134756e+01
1.188034157356812059e+01
1.188024325004698767e+01
1.188034157957807224e+01
1.188038357760372143e+01
1.188026169526107267e+01
1.188028927799503265e+01
1.188039498742108435e+01
1.188030725099822860e+01
1.188025196962218999e+01
1.188037091456834737e+01
1.188035810931788383e+01
1.188024691094262586e+01
1.188032318252677122e+01
1.188039040637746524e+01
1.188027597081810249e+01
1.188027441365717252e+01
1.188038936931921263e+01
1.188032513036182891e+01
1.188024729602421736e+01
1.188035593446695515e+01
1.188037131436987082e+01
1.188025413036116262e+01
1.188030597749034456e+01
1.188039317618526880e+01
1.188029139703821890e+01
1.188026275969168566e+01
1.188038082940789586e+01
1.188034163101020191e+01
1.188024619557631212e+01
1.188034019106201633e+01
1.188038156421616165e+01
1.188026381967282497e+01
1.188029012646395799e+01
1.188039277054294196e+01
1.188030744250060344e+01
1.188025378748710281e+01
1.188037004242943162e+01
1.188035691685049677e+01
1.188024804904357978e+01
1.188032378577724835e+01
1.188038931126131281e+01
1.188027575663727653e+01
1.188027535060222206e+01
1.188038941212913535e+01
1.188032428435509225e+01
1.188024732045896315e+01
1.188035683968455203e+01
1.188037115562562818e+01
1.188025306929455382e+01
1.188030647110622873e+01
1.188039432497609660e+01
1.188029035074440110e+01
1.188026179193887977e+01
1.188038251389883015e+01
1.188034201435546500e+01
1.188024403562683595e+01
1.188034077974207925e+01
1.188038376323373591e+01
1.188026206650506467e+01
1.188028851187898383e+01
1.188039554353945171e+01
1.188030784577626520e+01
1.188025051780502572e+01
1.188037125469375432e+01
1.188035987481399047e+01
1.188024522681251938e+01
1.188032202281344141e+01
1.188039325011626524e+01
1.188027563700307709e+01
1.188027120408094639e+01
1.188039165795439089e+01
1.188032753391798479e+01
1.188024328607647995e+01
1.188035547777238854e+01
1.188037608944576462e+01
1.188025197467690219e+01
1.188030187710333863e+01
1.188039781135993778e+01
1.188029334399149128e+01
1.188025665130894915e+01
1.188038204087473915e+01
1.188034755841900747e+01
1.188024169762019966e+01
1.188033627659935654e+01
1.188038845126605914e+01
1.188026428694820247e+01
1.188028259886141669e+01
1.188039628565442563e+01
1.188031347969308982e+01
1.188024690702104458e+01
1.188036737995302339e+01
1.188036548703799866e+01
1.188024629497302342e+01
1.188031583156280391e+01
1.188039530508139840e+01
1.188028081062874186e+01
1.188026653662011789e+01
1.188038883872794038e+01
1.188033361047761005e+01
1.188024303705443430e+01
1.188034956229071426e+01
1.188037930621379346e+01
1.188025622011589633e+01
1.188029657082209667e+01
1.188039627728150727e+01
1.188029933608273403e+01
1.188025516847067919e+01
1.188037690232261845e+01
1.188035156783999646e+01
1.188024472440919865e+01
1.188033086611522293e+01
1.188038818782849404e+01
1.188026966846140198e+01
1.188028019675379454e+01
1.188039227046861868e+01
1.188031776977487830e+01
1.188024866102458077e+01
1.188036240777151242e+01
1.188036623886091725e+01
1.188025066949185060e+01
1.188031299155005271e+01
1.188039253473661105e+01
1.188028483100734256e+01
1.188026721059446622e+01
1.188038474476025996e+01
1.188033493383426276e+01
1.188024621832657601e+01
1.188034683408134384e+01
1.188037765299340798e+01
1.188025949436476125e+01
1.188029656448987659e+01
1.188039330935255222e+01
1.188030068993811206e+01
1.188025721789100864e+01
1.188037479153218356e+01
1.188035068156997376e+01
1.188024694721189078e+01
1.188033070392071977e+01
1.188038635148193478e+01
1.188027052539604611e+01
1.188028141019314177e+01
1.188039113522085088e+01
1.188031715005093147e+01
1.188024976033098845e+01
1.188036263114264557e+01
1.188036529673084196e+01
1.188025062381816710e+01
1.188031383822341347e+01
1.188039251245647954e+01
1.188028393014058892e+01
1.188026736204348488e+01
1.188038580091682128e+01
1.188033445471413785e+01
1.188024506927978408e+01
1.188034785995912301e+01
1.188037863236931457e+01
1.188025782998837521e+01
1.188029615514593118e+01
1.188039545940570818e+01
1.188030013751230385e+01
1.188025501087641622e+01
1.188037650705048165e+01
1.188035232542170760e+01
1.188024420151578298e+01
1.188033025274039645e+01
1.188038961662260995e+01
1.188026936848542547e+01
1.188027842765266762e+01
1.188039391025819391e+01
1.188031896442587154e+01
1.188024584562740671e+01
1.188036268243990179e+01
1.188036945351244533e+01
1.188024844558991333e+01
1.188031054199113079e+01
1.188039650005833359e+01
1.188028536550329406e+01
1.188026243925364511e+01
1.188038681261964413e+01
1.188033908039206210e+01
1.188024165308229385e+01
1.188034479689981637e+01
1.188038373682152660e+01
1.188025839380264159e+01
1.188029060142799054e+01
1.188039770896361702e+01
1.188030469616303897e+01
1.188025038514052589e+01
1.188037419728638966e+01
1.188035822120327367e+01
1.188024355918725661e+01
1.188032458488179444e+01
1.188039314381469325e+01
1.188027332028701366e+01
1.188027286067257648e+01
1.188039274085097396e+01
1.188032516216450674e+01
1.188024388915521179e+01
1.188035745168502366e+01
1.188037405185792572e+01
1.188025135690835832e+01
1.188030448764986424e+01
1.188039664589675226e+01
1.188029131144384287e+01
1.188025930954504794e+01
1.188038249244580058e+01
1.188034433892351416e+01
1.188024328484470260e+01
1.188033880243817464e+01
1.188038512489960041e+01
1.188026358244387559e+01
1.188028665970900555e+01
1.188039459875992065e+01
1.188031008302012204e+01
1.188025074141870441e+01
1.188036879197843376e+01
1.188036054559632504e+01
1.188024763604957990e+01
1.188032033905035689e+01
1.188039130816447653e+01
1.188027829103321231e+01
1.188027218754082348e+01
1.188038832835515102e+01
1.188032794663907765e+01
1.188024672266083037e+01
1.188035345267107878e+01
1.188037330784198531e+01
1.188025546541510913e+01
1.188030322255336380e+01
1.188039342230066175e+01
1.188029400689213055e+01
1.188026101731016482e+01
1.188037922177919725e+01
1.188034429403830039e+01
1.188024627406107570e+01
1.188033748443214677e+01
1.188038303922148842e+01
1.188026567920917032e+01
1.188028758387232031e+01
1.188039237034637985e+01
1.188031021595163850e+01
1.188025259545837820e+01
1.188036795120220290e+01
1.188035931082286112e+01
1.188024876816256814e+01
1.188032097568612855e+01
1.188039020436439230e+01
1.188027805876164322e+01
1.188027313443003052e+01
1.188038837735254205e+01
1.188032709904235951e+01
1.188024674266157277e+01
1.188035434972622006e+01
1.188037316293013568e+01
1.188025441473990362e+01
1.188030368707577722e+01
1.188039457141943522e+01
1.188029300149395873e+01
1.188026002634800271e+01
1.188038086641133617e+01
1.188034472843043332e+01
1.188024413473313601e+01
1.188033800071431045e+01
1.188038525339812246e+01
1.188026400186682707e+01
1.188028591092515462e+01
1.188039508870699734e+01
1.188031071419860396e+01
1.188024933586927645e+01
1.188036905291902912e+01
1.188036231659200581e+01
1.188024604135049955e+01
1.188031911014983422e+01
1.188039409432480475e+01
1.188027807535782010e+01
1.188026896846852054e+01
1.188039048801066144e+01
1.188033044033560515e+01
1.188024280331235971e+01
1.188035284116454626e+01
1.188037807350922037e+01
1.188025348610199927e+01
1.188029903075121041e+01
1.188039791716136229e+01
1.188029613281159413e+01
1.188025495983089641e+01
1.188038021197539251e+01
1.188035029013016874e+01
1.188024197444202024e+01
1.188033338742249612e+01
1.188038981616429091e+01
1.188026639976100718e+01
1.188028003421174184e+01
1.188039563125637699e+01
1.188031641404066541e+01
1.188024589369015160e+01
1.188036502468556854e+01
1.188036783722326994e+01
1.188024731141253909e+01
1.188031290760943826e+01
1.188039595209358268e+01
1.188028336127156237e+01
1.188026444107340041e+01
1.188038748496022734e+01
1.188033647098396806e+01
1.188024276077716834e+01
1.188034686612096102e+01
1.188038111570720368e+01
1.188025787931136712e+01
1.188029382194700112e+01
1.188039618782334372e+01
1.188030212794109985e+01
1.188025366730892074e+01
1.188037497415949417e+01
1.188035416347260309e+01
1.188024516686376586e+01
1.188032802601712490e+01
1.188038936696169401e+01
1.188027182712703578e+01
1.188027778882993779e+01
1.188039149317375909e+01
1.188032061478096502e+01
1.188024781042276778e+01
1.188036005679066065e+01
1.188036843147569144e+01
1.188025176032089902e+01
1.188031018019241181e+01
1.188039305550284830e+01
1.188028733800240744e+01
1.188026525519746457e+01
1.188038336275896611e+01
1.188033767762600235e+01
1.188024602548009057e+01
1.188034420485490905e+01
1.188037935324539340e+01
1.188026114550453372e+01
1.188029391861293860e+01
1.188039317755636226e+01
1.188030340998736101e+01
1.188025578848035302e+01
1.188037289244762107e+01
1.188035320122995309e+01
1.188024740012592773e+01
1.188032792316938213e+01
1.188038749495386526e+01
1.188027265178454783e+01
1.188027904463646323e+01
1.188039036462583553e+01
1.188031996120591316e+01
1.188024891816129092e+01
1.188036029874692012e+01
1.188036747924616066e+01
1.188025170822173848e+01
1.188031102878586687e+01
1.188039303754214160e+01
1.188028644504178999e+01
1.188026539326114772e+01
1.188038440841458865e+01
1.188033722708398443e+01
1.188024487668799267e+01
1.188034519004890122e+01
1.188038035496187206e+01
1.188025952129076579e+01
1.188029345909222023e+01
1.188039530608239502e+01
1.188030292947126121e+01
1.188025356767713347e+01
1.188037453187039993e+01
1.188035490205687594e+01
1.188024471016188954e+01
1.188032737794108407e+01
1.188039074827757524e+01
1.188027160534666038e+01
1.188027601624541596e+01
1.188039304322661138e+01
1.188032187659963057e+01
1.188024505430674083e+01
1.188036021440234968e+01
1.188037165307787468e+01
1.188024966580516484e+01
1.188030764303110942e+01
1.188039692823283211e+01
1.188028802572864606e+01
1.188026049641119108e+01
1.188038525406467194e+01
1.188034191232332759e+01
1.188024160265883467e+01
1.188034199098705734e+01
1.188038538262622446e+01
1.188026026577761840e+01
1.188028789091048054e+01
1.188039737699167020e+01
1.188030759552018445e+01
1.188024906960137805e+01
1.188037204621028486e+01
1.188036075828867943e+01
1.188024426749282725e+01
1.188032164743087904e+01
1.188039410504186222e+01
1.188027570828503876e+01
1.188027054393100812e+01
1.188039167268251717e+01
1.188032808215580083e+01
1.188024329604355600e+01
1.188035487433643844e+01
1.188037610879022488e+01
1.188025275929957303e+01
1.188030163802846317e+01
1.188039686743378631e+01
1.188029402792365374e+01
1.188025754311060034e+01
1.188038078845879220e+01
1.188034707035668980e+01
1.188024342891726981e+01
1.188033599687463138e+01
1.188038657937502229e+01
1.188026555089908953e+01
1.188028408767963207e+01
1.188039410263824358e+01
1.188031293020085499e+01
1.188024961176948402e+01
1.188036659801352357e+01
1.188036292430035168e+01
1.188024846524612954e+01
1.188031749355998912e+01
1.188039210724325123e+01
1.188028067195676485e+01
1.188027002921383435e+01
1.188038718804319771e+01
1.188033075207813383e+01
1.188024625466387008e+01
1.188035092140213500e+01
1.188037522443482175e+01
1.188025689387883865e+01
1.188030049090193607e+01
1.188039356178951422e+01
1.188029665456465622e+01
1.188025935978089009e+01
1.188037752774254407e+01
1.188034692179666152e+01
1.188024645912053323e+01
1.188033475196079358e+01
1.188038442249818161e+01
1.188026761717926227e+01
1.188028508803478722e+01
1.188039186489075050e+01
1.188031300299886261e+01
1.188025150094129856e+01
1.188036579044452878e+01
1.188036164708665865e+01
1.188024958997178793e+01
1.188031816447121436e+01
1.188039099530109866e+01
1.188028042059592693e+01
1.188027098633427592e+01
1.188038724374335153e+01
1.188032990219701368e+01
1.188024627048183390e+01
1.188035181079132308e+01
1.188037509247565460e+01
1.188025585381107341e+01
1.188030092733780485e+01
1.188039471012051962e+01
1.188029568958956261e+01
1.188025834736599862e+01
1.188037913191958772e+01
1.188034740547896462e+01
1.188024434223283876e+01
1.188033519680527306e+01
1.188038664913716502e+01
1.188026601614967426e+01
1.188028335951565140e+01
1.188039452645798910e+01
1.188031359432284439e+01
1.188024825491267045e+01
1.188036678176133876e+01
1.188036469677544282e+01
1.188024696056837648e+01
1.188031619948434958e+01
1.188039483250694417e+01
1.188028057217330513e+01
1.188026680574306226e+01
1.188038921796077219e+01
1.188033333079867759e+01
1.188024242989317614e+01
1.188035015824554286e+01
1.188037997446626548e+01
1.188025509121436230e+01
1.188029621424976590e+01
1.188039791220031560e+01
1.188029895480142351e+01
1.188025336030611001e+01
1.188037829756747854e+01
1.188035297850814587e+01
1.188024236144113921e+01
1.188033047890668570e+01
1.188039108189446935e+01
1.188026858831411126e+01
1.188027752561561279e+01
1.188039486927562827e+01
1.188031935355757973e+01
1.188024498491827430e+01
1.188036260478568806e+01
1.188037011971829138e+01
1.188024843091171512e+01
1.188030999263621013e+01
1.188039649108118923e+01
1.188028596440608808e+01
1.188026242350930950e+01
1.188038603441541241e+01
1.188033930872698107e+01
1.188024259404969918e+01
1.188034413030404046e+01
1.188038283845070353e+01
1.188025962747281561e+01
1.188029110895701557e+01
1.188039598915512407e+01
1.188030494622704758e+01
1.188025226004046075e+01
1.188037296610537474e+01
1.188035671098883839e+01
1.188024571646172944e+01
1.188032517279705758e+01
1.188039044669447897e+01
1.188027405561823358e+01
1.188027544020887305e+01
1.188039061234981020e+01
1.188032345975483040e+01
1.188024706313898093e+01
1.188035764679577611e+01
1.188037055472330117e+01
1.188025294970894308e+01
1.188030738169849165e+01
1.188039347053281247e+01
1.188028989265893465e+01
1.188026337808537036e+01
1.188038188835363940e+01
1.188034039615166648e+01
1.188024593938992624e+01
1.188034153971353746e+01
1.188038096742593197e+01
1.188026288184808799e+01
1.188029130991329652e+01
1.188039293929742435e+01
1.188030615390609768e+01
1.188025445181684248e+01
1.188037091631716002e+01
1.188035567232210177e+01
1.188024795795070254e+01
1.188032513083475727e+01
1.188038854011017875e+01
1.188027484614948115e+01
1.188027673848370824e+01
1.188038949192427474e+01
1.188032277145301308e+01
1.188024817873863981e+01
1.188035790834138794e+01
1.188036959213056498e+01
1.188025289064572654e+01
1.188030823290266547e+01
1.188039345666597768e+01
1.188028900709116797e+01
1.188026350363040251e+01
1.188038292331967938e+01
1.188033997317551815e+01
1.188024479194014305e+01
1.188034248472331988e+01
1.188038198973974069e+01
1.188026129835208877e+01
1.188029080198616150e+01
1.188039504451408490e+01
1.188030574430186803e+01
1.188025221990375968e+01
1.188037247920997608e+01
1.188035742732290778e+01
1.188024532582285175e+01
1.188032449349804232e+01
1.188039177818028413e+01
1.188027390997010713e+01
1.188027366813322239e+01
1.188039207216708348e+01
1.188032478470085174e+01
1.188024436954247065e+01
1.188035768967936967e+01
1.188037377821340357e+01
1.188025098522795631e+01
1.188030476208380648e+01
1.188039724678794329e+01
1.188029073036177508e+01
1.188025863803439464e+01
1.188038360295273854e+01
1.188034471240036183e+01
1.188024166300712281e+01
1.188033915390495210e+01
1.188038693532852896e+01
1.188026222191459880e+01
1.188028522564263589e+01
1.188039693509732686e+01
1.188031051215554079e+01
1.188024785414765283e+01
1.188036982093270311e+01
1.188036323752723966e+01
1.188024508286343384e+01
1.188031870689838065e+01
1.188039496103801618e+01
1.188027815921266850e+01
1.188026829651978389e+01
1.188039050222224802e+01
1.188033099109161839e+01
1.188024281137039750e+01
1.188035224633424036e+01
1.188037808627892211e+01
1.188025425746498698e+01
1.188029881320019499e+01
1.188039697926606486e+01
1.188029678211295526e+01
1.188025586468384986e+01
1.188037899672442954e+01
1.188034976395391951e+01
1.188024368209572046e+01
1.188033316689038799e+01
1.188038793891621836e+01
1.188026759783667430e+01
1.188028156560814352e+01
1.188039349972928527e+01
1.188031578846198322e+01
1.188024858233027281e+01
1.188036433579926765e+01
1.188036524199267951e+01
1.188024939737526431e+01
1.188031465014766397e+01
1.188039280243103235e+01
1.188028311017950145e+01
1.188026794180554724e+01
1.188038594999831865e+01
1.188033354263104791e+01
1.188024589273562981e+01
1.188034834430085240e+01
1.188037706136425520e+01
1.188025841370895819e+01
1.188029778648651735e+01
1.188039359443209797e+01
1.188029933623466228e+01
1.188025778951115541e+01
1.188037574973798982e+01
1.188034951048203958e+01
1.188024675049399015e+01
1.188033199759921033e+01
1.188038571204342730e+01
1.188026963077965803e+01
1.188028264256039535e+01
1.188039125491201098e+01
1.188031579961068829e+01
1.188025050550971962e+01
1.188036356328808374e+01
1.188036392227268578e+01
1.188025051326789239e+01
1.188031535619397161e+01
1.188039168294879921e+01
1.188028283871770796e+01
1.188026890939953617e+01
1.188038601296109320e+01
1.188033268977994084e+01
1.188024590457130181e+01
1.188034922655174874e+01
1.188037694150705903e+01
1.188025738440772905e+01
1.188029819585439029e+01
1.188039474091544001e+01
1.188029841115602636e+01
1.188025675737444331e+01
1.188037731294337185e+01
1.188035004167377906e+01
1.188024465779021810e+01
1.188033237204145287e+01
1.188038794848536917e+01
1.188026810644297981e+01
1.188028086128294802e+01
1.188039385763307365e+01
1.188031648202965940e+01
1.188024727644560841e+01
1.188036444448488993e+01
1.188036701198777045e+01
1.188024798312368269e+01
1.188031329496512356e+01
1.188039546364051624e+01
1.188028312387829999e+01
1.188026471896500524e+01
1.188038784963562478e+01
1.188033620119899325e+01
1.188024216632772934e+01
1.188034743283811423e+01
1.188038178962910685e+01
1.188025678771928462e+01
1.188029343159626450e+01
1.188039779649611560e+01
1.188030180595031915e+01
1.188025185499934722e+01
1.188037630037355186e+01
1.188035561973729415e+01
1.188024285806707425e+01
1.188032755518115202e+01
1.188039224665629412e+01
1.188027084950386225e+01
1.188027507663953131e+01
1.188039400078445595e+01
1.188032229406871210e+01
1.188024418201040966e+01
1.188036012368269922e+01
1.188037233126697068e+01
1.188024965189801563e+01
1.188030709079113834e+01
1.188039692125342128e+01
1.188028861633949518e+01
1.188026048682041313e+01
1.188038448913408374e+01
1.188034211965600839e+01
1.188024253714175771e+01
1.188034135873054176e+01
1.188038447195837932e+01
1.188026146213273648e+01
1.188028843573998472e+01
1.188039568152396264e+01
1.188030778691884137e+01
1.188025094871180265e+01
1.188037088100740490e+01
1.188035920672204426e+01
1.188024637245314530e+01
1.188032231054264898e+01
1.188039142544250382e+01
1.188027635075936317e+01
1.188027315428513297e+01
1.188038962922812658e+01
1.188032630060465422e+01
1.188024642028170774e+01
1.188035518123830947e+01
1.188037260552453311e+01
1.188025423597019703e+01
1.188030460010666545e+01
1.188039377920047812e+01
1.188029249130211973e+01
1.188026158198567117e+01
1.188038032365405527e+01
1.188034308547944029e+01
1.188024596019882573e+01
1.188033884250376815e+01
1.188038249319019002e+01
1.188026470089418218e+01
1.188028874216682951e+01
1.188039259491323385e+01
1.188030891772647557e+01
1.188025320983605226e+01
1.188036886599929609e+01
1.188035809127318032e+01
1.188024861987466352e+01
1.188032233095596979e+01
1.188038948544831364e+01
1.188027710531078185e+01
1.188027449506051880e+01
1.188038851839283261e+01
1.188032557673245648e+01
1.188024754311128994e+01
1.188035546338935866e+01
1.188037163235053484e+01
1.188025416936041090e+01
1.188030545460206433e+01
1.188039376925286206e+01
1.188029161258399924e+01
1.188026169584865599e+01
1.188038134779830735e+01
1.188034268904680957e+01
1.188024481512258035e+01
1.188033974788182157e+01
1.188038353438514072e+01
1.188026315859179682e+01
1.188028818762592032e+01
1.188039467511393532e+01
1.188030857796259454e+01
1.188025096945279202e+01
1.188037035203437952e+01
1.188035989762525446e+01
1.188024604758169822e+01
1.188032160353627376e+01
1.188039270489345611e+01
1.188027627904417471e+01
1.188027138664638294e+01
1.188039099849592439e+01
1.188032768458557875e+01
1.188024379228042093e+01
1.188035511188164861e+01
1.188037582591246810e+01
1.188025240195719334e+01
1.188030190324351310e+01
1.188039745529302849e+01
1.188029347554933324e+01
1.188025686675021220e+01
1.188038186164390453e+01
1.188034747664947233e+01
1.188024183402900036e+01
1.188033628968550026e+01
1.188038839273031044e+01
1.188026425943176712e+01
1.188028260940714631e+01
1.188039638390916153e+01
1.188031344192831007e+01
1.188024674050812202e+01
1.188036752460963719e+01
1.188036565539407263e+01
1.188024600415081622e+01
1.188031576746103646e+01
1.188039571057321098e+01
1.188028066959625306e+01
1.188026612164522966e+01
1.188038923111542289e+01
1.188033388483217578e+01
1.188024243584922068e+01
1.188034957140705750e+01
1.188037998148828400e+01
1.188025584929589940e+01
1.188029601719766859e+01
1.188039698120219256e+01
1.188029957009443471e+01
1.188025427668772060e+01
1.188037711977281852e+01
1.188035241585453505e+01
1.188024404405498125e+01
1.188033031652441096e+01
1.188038920154474276e+01
1.188026972035341622e+01
1.188027909712522856e+01
1.188039279085952593e+01
1.188031865370804141e+01
1.188024765461351073e+01
1.188036200856010538e+01
1.188036749532270875e+01
1.188025043113179713e+01
1.188031181290346261e+01
1.188039339269413830e+01
1.188028560220894647e+01
1.188026592834398443e+01
1.188038461597652429e+01
1.188033631427041392e+01
1.188024563742575346e+01
1.188034572507467601e+01
1.188037881596049594e+01
1.188026002273000081e+01
1.188029511321886389e+01
1.188039352016276595e+01
1.188030204803152579e+01
1.188025630878259697e+01
1.188037389032696467e+01
1.188035205634735014e+01
1.188024714776730129e+01
1.188032922533036562e+01
1.188038690598969183e+01
1.188027171709773455e+01
1.188028025098540930e+01
1.188039054129696481e+01
1.188031860174194598e+01
1.188024961059439910e+01
1.188036127296008004e+01
1.188036613310017664e+01
1.188025153670126954e+01
1.188031255491110372e+01
1.188039226633396872e+01
1.188028530962398932e+01
1.188026690660728590e+01
1.188038468680495896e+01
1.188033545777525646e+01
1.188024564542839911e+01
1.188034660074375992e+01
1.188037870738568458e+01
1.188025900429844839e+01
1.188029549654599393e+01
1.188039466379535014e+01
1.188030116227113453e+01
1.188025525862648735e+01
1.188037541212299786e+01
1.188035263324728774e+01
1.188024508091471176e+01
1.188032953047807183e+01
1.188038914961582826e+01
1.188027026972808819e+01
1.188027841978242982e+01
1.188039308322511545e+01
1.188031937318997144e+01
1.188024640183162361e+01
1.188036204444755839e+01
1.188036925894607343e+01
1.188024910752674934e+01
1.188031040073056666e+01
1.188039598685624831e+01
1.188028572682405759e+01
1.188026271108591381e+01
1.188038638500582600e+01
1.188033904745765668e+01
1.188024201296825311e+01
1.188034466882494655e+01
1.188038351643242940e+01
1.188025857319225764e+01
1.188029068673938937e+01
1.188039757022566789e+01
1.188030468220643066e+01
1.188025044604120239e+01
1.188037422323380987e+01
1.188035821006913473e+01
1.188024346361339489e+01
1.188032462039679693e+01
1.188039330879305844e+01
1.188027318012314559e+01
1.188027269076538950e+01
1.188039302700677879e+01
1.188032523139715302e+01
1.188024348612099779e+01
1.188035758489343863e+01
1.188037446871380176e+01
1.188025097265414232e+01
1.188030420620421168e+01
1.188039724197440172e+01
1.188029131330871557e+01
1.188025863378451596e+01
1.188038285129239036e+01
1.188034489975779628e+01
1.188024259016639306e+01
1.188033855534305339e+01
1.188038601387117055e+01
1.188026338069937893e+01
1.188028580612790996e+01
1.188039526533287926e+01
1.188031064596161279e+01
1.188024973523266681e+01
1.188036872182384940e+01
1.188036164707873610e+01
1.188024713393538079e+01
1.188031944335562429e+01
1.188039230176586436e+01
1.188027870927826157e+01
1.188027093436416060e+01
1.188038854518733700e+01
1.188032913324348705e+01
1.188024588280955740e+01
1.188035266365044329e+01
1.188037458090367693e+01
1.188025561727907586e+01
1.188030183943183715e+01
1.188039398103288491e+01
1.188029513019309036e+01
1.188025986950959201e+01
1.188037867090051591e+01
1.188034574171901880e+01
1.188024608789538128e+01
1.188033611711882109e+01
1.188038392832066492e+01
1.188026660002200963e+01
1.188028621909057492e+01
1.188039214489445783e+01
1.188031169745176641e+01
1.188025206433692027e+01
1.188036674445961260e+01
1.188036045458526502e+01
1.188024938493601645e+01
1.188031952758280418e+01
1.188039032960989694e+01
1.188027942599516606e+01
1.188027231760168156e+01
1.188038744545346326e+01
1.188032837299215139e+01
1.188024701217770485e+01
1.188035296743220748e+01
1.188037359697778150e+01
1.188025554249766991e+01
1.188030269788620075e+01
1.188039397488117643e+01
1.188029425775385128e+01
1.188025997249492072e+01
1.188037968414621659e+01
1.188034537080037367e+01
1.188024494616655247e+01
1.188033698346806588e+01
1.188038498671029508e+01
1.188026509931071040e+01
1.188028561974729413e+01
1.188039419844959355e+01
1.188031142638606674e+01
1.188024981808080582e+01
1.188036815341466124e+01
1.188036230944900851e+01
1.188024687436994498e+01
1.188031871218755420e+01
1.188039352712768704e+01
1.188027870916602424e+01
1.188026917501924018e+01
1.188038982377556962e+01
1.188033057212251009e+01
1.188024332331286281e+01
1.188035248469478589e+01
1.188037779327950894e+01
1.188025391395348862e+01
1.188029907057231682e+01
1.188039755347427828e+01
1.188029625738080242e+01
1.188025518506126943e+01
1.188038003262635023e+01
1.188035020114837437e+01
1.188024211546884956e+01
1.188033340239903168e+01
1.188038975276916176e+01
1.188026637543164910e+01
1.188028004591686582e+01
1.188039572421122791e+01
1.188031638067897333e+01
1.188024573026677011e+01
1.188036516049828961e+01
1.188036800845141805e+01
1.188024703005593175e+01
1.188031283329440058e+01
1.188039635256888360e+01
1.188028323587708179e+01
1.188026402241081669e+01
1.188038786115088108e+01
1.188033675925867350e+01
1.188024217003810001e+01
1.188034685335108520e+01
1.188038179169932462e+01
1.188025753254959760e+01
1.188029325401327263e+01
1.188039687320760152e+01
1.188030238790160631e+01
1.188025278141656393e+01
1.188037516025648976e+01
1.188035502225647733e+01
1.188024451431432915e+01
1.188032744984593769e+01
1.188039036542032711e+01
1.188027191543707950e+01
1.188027668578580531e+01
1.188039197700755700e+01
1.188032152183240697e+01
1.188024682998613102e+01
1.188035961961470655e+01
1.188036968103133972e+01
1.188025156506422064e+01
1.188030898590965556e+01
1.188039387714947281e+01
1.188028814447435622e+01
1.188026399175149450e+01
1.188038318787234182e+01
1.188033906299521014e+01
1.188024548913043077e+01
1.188034306749247193e+01
1.188038048567193172e+01
1.188026171863758407e+01
1.188029247496642249e+01
1.188039333907005179e+01
1.188030478604068563e+01
1.188025491974788572e+01
1.188037195218862152e+01
1.188035455570700982e+01
1.188024765037342689e+01
1.188032643916324815e+01
1.188038800260739514e+01
1.188027387311589145e+01
1.188027791676823242e+01
1.188038972508197411e+01
1.188032140533967507e+01
1.188024881748091488e+01
1.188035892277861905e+01
1.188036827638157433e+01
1.188025265877802283e+01
1.188030976466867017e+01
1.188039274463355710e+01
1.188028782973625752e+01
1.188026498083165272e+01
1.188038326721119553e+01
1.188033820219610703e+01
1.188024549339773372e+01
1.188034393716259629e+01
1.188038038759310666e+01
1.188026071112394000e+01
1.188029283328584285e+01
1.188039447890645661e+01
1.188030393897125769e+01
1.188025385324370298e+01
1.188037343221550302e+01
1.188035517649691286e+01
1.188024561096169229e+01
1.188032667619329708e+01
1.188039025084285072e+01
1.188027250288270764e+01
1.188027603848731140e+01
1.188039220437775967e+01
1.188032226367087141e+01
1.188024563228544750e+01
1.188035958509598622e+01
1.188037143446572408e+01
1.188025033214287518e+01
1.188030752090343434e+01
1.188039640143904485e+01
1.188028837728953668e+01
1.188026078494426052e+01
1.188038482617885983e+01
1.188034186553088034e+01
1.188024197000996196e+01
1.188034187014311449e+01
1.188038515243709625e+01
1.188026044508241874e+01
1.188028798357359861e+01
1.188039723372319223e+01
1.188030757948247995e+01
1.188024913542506944e+01
1.188037206910205867e+01
1.188036074582768187e+01
1.188024417721875459e+01
1.188032167872028388e+01
1.188039426679400634e+01
1.188027557686594804e+01
1.188027037138548181e+01
1.188039194931640985e+01
1.188032816137016567e+01
1.188024289825229829e+01
1.188035499201727063e+01
1.188037652900836427e+01
1.188025239132046273e+01
1.188030134298148432e+01
1.188039745276409320e+01
1.188029405148578554e+01
1.188025686706074602e+01
1.188038112319894246e+01
1.188034764506216412e+01
1.188024275307978250e+01
1.188033572413050010e+01
1.188038746196025386e+01
1.188026538046045211e+01
1.188028322389145508e+01
1.188039474114023974e+01
1.188031351927314816e+01
1.188024862137326210e+01
1.188036649161986169e+01
1.188036402854376661e+01
1.188024799985434754e+01
1.188031657534591901e+01
1.188039307437119874e+01
1.188028112781091039e+01
1.188026878365753092e+01
1.188038736175137799e+01
1.188033195359509619e+01
1.188024545152990186e+01
1.188035009764008443e+01
1.188037647799285246e+01
1.188025709167276389e+01
1.188029910365968078e+01
1.188039407571085349e+01
1.188029780553424253e+01
1.188025824314832057e+01
1.188037693246063142e+01
1.188034836102720604e+01
1.188024632231399558e+01
1.188033336749308333e+01
1.188038527073039674e+01
1.188026857649496471e+01
1.188028374433736722e+01
1.188039158988427957e+01
1.188031448906214216e+01
1.188025101697912511e+01
1.188036455476653863e+01
1.188036275884081405e+01
1.188025025202412266e+01
1.188031672476990153e+01
1.188039107138264328e+01
1.188028180484082341e+01
1.188027020924649513e+01
1.188038627467136266e+01
1.188033115619356828e+01
1.188024658668522804e+01
1.188035042408425745e+01
1.188037548319347891e+01
1.188025700805371798e+01
1.188029996672532462e+01
1.188039407328336772e+01
1.188029693877805038e+01
1.188025833602616466e+01
1.188037793478530979e+01
1.188034801458874412e+01
1.188024518484833614e+01
1.188033419546428782e+01
1.188038634466057886e+01
1.188026711769490085e+01
1.188028310201837634e+01
1.188039361524233328e+01
1.188031428548487511e+01
1.188024876740195701e+01
1.188036588652329861e+01
1.188036465936391295e+01
1.188024780496914801e+01
1.188031582358455118e+01
1.188039424374323261e+01
1.188028119684648942e+01
1.188026703638555226e+01
1.188038854971236091e+01
1.188033344319895335e+01
1.188024296327739826e+01
1.188034981187404071e+01
1.188037967753403734e+01
1.188025551904205734e+01
1.188029626809428763e+01
1.188039754121507130e+01
1.188029907189407197e+01
1.188025359534227654e+01
1.188037811851278036e+01
1.188035288203178297e+01
1.188024250691394812e+01
1.188033049614837466e+01
1.188039101352132576e+01
1.188026856690526145e+01
1.188027753880950499e+01
1.188039495694191139e+01
1.188031932423524140e+01
1.188024482486052236e+01
1.188036273195240611e+01
1.188037029335354156e+01
1.188024815913077425e+01
1.188030990856687374e+01
1.188039688609943845e+01
1.188028585441647955e+01
1.188026200181270653e+01
1.188038639425850107e+01
1.188033961027916519e+01
1.188024201433890426e+01
1.188034409602469310e+01
1.188038351431370820e+01
1.188025930485250292e+01
1.188029052759342363e+01
1.188039665540458856e+01
1.188030523152446172e+01
1.188025138103285805e+01
1.188037312094661502e+01
1.188035757942172133e+01
1.188024509223805047e+01
1.188032457094862870e+01
1.188039142884352550e+01
1.188027417997066770e+01
1.188027433506393571e+01
1.188039105930269201e+01
1.188032438872318330e+01
1.188024610966757066e+01
1.188035717237117339e+01
1.188037179595568738e+01
1.188025279757672870e+01
1.188030617323484073e+01
1.188039425506580926e+01
1.188029073333188457e+01
1.188026213484053528e+01
1.188038166771615778e+01
1.188034178483651893e+01
1.188024544809179872e+01
1.188034037537908638e+01
1.188038206806880481e+01
1.188026349900167311e+01
1.188028987554674032e+01
1.188039305139657742e+01
1.188030754630929664e+01
1.188025362442762578e+01
1.188036993811592978e+01
1.188035700494228664e+01
1.188024825759326930e+01
1.188032364312704914e+01
1.188038900030742617e+01
1.188027609571589061e+01
1.188027564328442764e+01
1.188038880745148163e+01
1.188032420634903730e+01
1.188024812730784241e+01
1.188035651614789678e+01
1.188037034902709621e+01
1.188025387786213471e+01
1.188030698949630803e+01
1.188039311717613877e+01
1.188029039540563225e+01
1.188026313483525520e+01
1.188038175625030135e+01
1.188034091909038992e+01
1.188024544866963339e+01
1.188034123965702626e+01
1.188038197973473942e+01
1.188026250240046089e+01
1.188029020989438322e+01
1.188039418654980395e+01
1.188030673725706876e+01
1.188025254321305191e+01
1.188037137609067884e+01
1.188035766779041502e+01
1.188024624713340849e+01
1.188032381328241094e+01
1.188039125062430656e+01
1.188027480268534219e+01
1.188027372078368415e+01
1.188039122238373224e+01
1.188032514934153561e+01
1.188024496887132386e+01
1.188035706996069152e+01
1.188037353546492803e+01
1.188025165519470150e+01
1.188030465958499704e+01
1.188039670682892357e+01
1.188029107148671848e+01
1.188025894326142406e+01
1.188038317539605870e+01
1.188034465141576845e+01
1.188024203749077579e+01
1.188033904077845548e+01
1.188038669533356462e+01
1.188026240071621586e+01
1.188028532593359188e+01
1.188039678747974826e+01
1.188031049366162151e+01
1.188024792500429427e+01
1.188036984104151017e+01
1.188036322341471163e+01
1.188024499786810395e+01
1.188031873432807473e+01
1.188039511929648562e+01
1.188027803633207924e+01
1.188026812179769109e+01
1.188039076923510429e+01
1.188033107982512249e+01
1.188024241925291768e+01
1.188035234873097146e+01
1.188037850920968985e+01
1.188025390589763930e+01
1.188029850519923691e+01
1.188039755329901936e+01
1.188029682698330802e+01
1.188025518918565737e+01
1.188037930729152514e+01
1.188035035164772779e+01
1.188024302568127410e+01
1.188033286912250297e+01
1.188038881413026182e+01
1.188026745858694788e+01
1.188028069273455145e+01
1.188039410965901332e+01
1.188031640274969369e+01
1.188024760876169239e+01
1.188036419356314610e+01
1.188036634768537603e+01
1.188024896900598826e+01
1.188031371062579034e+01
1.188039374211354904e+01
1.188028360290624263e+01
1.188026670527831463e+01
1.188038608058737822e+01
1.188033475759986146e+01
1.188024512709765723e+01
1.188034748688563802e+01
1.188037829403611667e+01
1.188025865705402673e+01
1.188029639674086901e+01
1.188039406306946333e+01
1.188030051347473126e+01
1.188025670526938349e+01
1.188037511082591990e+01
1.188035093961349276e+01
1.188024666313514643e+01
1.188033059759636600e+01
1.188038651846598803e+01
1.188027062746457929e+01
1.188028132149058536e+01
1.188039093067745178e+01
1.188031728852044466e+01
1.188025006928072713e+01
1.188036230008688321e+01
1.188036500070756318e+01
1.188025121988110833e+01
1.188031392657091168e+01
1.188039170970212410e+01
1.188028423840230552e+01
1.188026817303425631e+01
1.188038500775268425e+01
1.188033392231752927e+01
1.188024626722908295e+01
1.188034783702757125e+01
1.188037728829228179e+01
1.188025856389199042e+01
1.188029726505209283e+01
1.188039406434632284e+01
1.188029965178316516e+01
1.188025678877377800e+01
1.188037610226017726e+01
1.188035061661998526e+01
1.188024553078959222e+01
1.188033138788555831e+01
1.188038760631738100e+01
1.188026921081974230e+01
1.188028063803432488e+01
1.188039292636599420e+01
1.188031715115746678e+01
1.188024781888571013e+01
1.188036355462966043e+01
1.188036694402927473e+01
1.188024883801267784e+01
1.188031294185488917e+01
1.188039485375163018e+01
1.188028373851505393e+01
1.188026497377402180e+01
1.188038717815404866e+01
1.188033629372666056e+01
1.188024271265608078e+01
1.188034709723894977e+01
1.188038147601466221e+01
1.188025721491586140e+01
1.188029349978974558e+01
1.188039741855612696e+01
1.188030191508109645e+01
1.188025209983666386e+01
1.188037612203672921e+01
1.188035551549689828e+01
1.188024300779507314e+01
1.188032757506301884e+01
1.188039217320439178e+01
1.188027083073639645e+01
1.188027509164245998e+01
1.188039408319260026e+01
1.188032226841795591e+01
1.188024402557720904e+01
1.188036024241751853e+01
1.188037250685148472e+01
1.188024938978046663e+01
1.188030699743376317e+01
1.188039731039354940e+01
1.188028852150094750e+01
1.188026006273552149e+01
1.188038483250648447e+01
1.188034243383439659e+01
1.188024196899666229e+01
1.188034130334292016e+01
1.188038514685747771e+01
1.188026116370354757e+01
1.188028784183296160e+01
1.188039632807219625e+01
1.188030809691515799e+01
1.188025007756410290e+01
1.188037100472905649e+01
1.188036008368166030e+01
1.188024577703629880e+01
1.188032168394472521e+01
1.188039239025821203e+01
1.188027651073689483e+01
1.188027204834780193e+01
1.188039003902338919e+01
1.188032725026911152e+01
1.188024549472796032e+01
1.188035467032223025e+01
1.188037383703363581e+01
1.188025412693152738e+01
1.188030337892812938e+01
1.188039452586490263e+01
1.188029336506975575e+01
1.188026036030960597e+01
1.188038005767129235e+01
1.188034447586327147e+01
1.188024551439758270e+01
1.188033765260986385e+01
1.188038356084676828e+01
1.188026536127004995e+01
1.188028731872197774e+01
1.188039265753871199e+01
1.188031032485189442e+01
1.188025242470743947e+01
1.188036785101172477e+01
1.188035940050653494e+01
1.188024896855668189e+01
1.188032084126538379e+01
1.188038989764340947e+01
1.188027838168337702e+01
1.188027343382186451e+01
1.188038778973627885e+01
1.188032700071907755e+01
1.188024754106512759e+01
1.188035405655330656e+01
1.188037234804914632e+01
1.188025519217782389e+01
1.188030423340137887e+01
1.188039338344289142e+01
1.188029300291816348e+01
1.188026137126525406e+01
1.188038015612403342e+01
1.188034360454643057e+01
1.188024551127989170e+01
1.188033851212379410e+01
1.188038348154325341e+01
1.188026437552342074e+01
1.188028763013379141e+01
1.188039378718077188e+01
1.188030955309926995e+01
1.188025133038405379e+01
1.188036924672690553e+01
1.188036010357109795e+01
1.188024698848015603e+01
1.188032094585190634e+01
1.188039214756383544e+01
1.188027716581996884e+01
1.188027146996567751e+01
1.188039013868298532e+01
1.188032802607912153e+01
1.188024441250149366e+01
1.188035450265099868e+01
1.188037555896908870e+01
1.188025307476474168e+01
1.188030182084908937e+01
1.188039690262181658e+01
1.188029380556604941e+01
1.188025718863782210e+01
1.188038143502939015e+01
1.188034740115599952e+01
1.188024221529129321e+01
1.188033618475987829e+01
1.188038814294518097e+01
1.188026443730122139e+01
1.188028271758885879e+01
1.188039623214250540e+01
1.188031342060327056e+01
1.188024681648958314e+01
1.188036754222037494e+01
1.188036563931482803e+01
1.188024592439414384e+01
1.188031579140052685e+01
1.188039586508788048e+01
1.188028055503199454e+01
1.188026594520076173e+01
1.188038948843039933e+01
1.188033398261543816e+01
1.188024204981660858e+01
1.188034965878348004e+01
1.188038040649046501e+01
1.188025551424946258e+01
1.188029569689814124e+01
1.188039754341273202e+01
1.188029963585998594e+01
1.188025360256966678e+01
1.188037740613368598e+01
1.188035301564748281e+01
1.188024340761363895e+01
1.188032999438359205e+01
1.188039006842229917e+01
1.188026961213719979e+01
1.188027821628908498e+01
1.188039337175575128e+01
1.188031929227187611e+01
1.188024669888161533e+01
1.188036183091942100e+01
1.188036860116011795e+01
1.188025004003796248e+01
1.188031085330393744e+01
1.188039430399806129e+01
1.188028613103109699e+01
1.188026470223658393e+01
1.188038470350325504e+01
1.188033754122059094e+01
1.188024491001430505e+01
1.188034483513078676e+01
1.188038002639346935e+01
1.188026031119420622e+01
1.188029372258541194e+01
1.188039394309831565e+01
1.188030325011600397e+01
1.188025525811323391e+01
1.188037320860827073e+01
1.188035347374546369e+01
1.188024710988580779e+01
1.188032781142824312e+01
1.188038766971038385e+01
1.188027274997461724e+01
1.188027895405897461e+01
1.188039016821917038e+01
1.188032009177801918e+01
1.188024922261595506e+01
1.188035998368128965e+01
1.188036717694334676e+01
1.188025228710366754e+01
1.188031113703264197e+01
1.188039224365327939e+01
1.188028672315547318e+01
1.188026621189986720e+01
1.188038364654208578e+01
1.188033666736999905e+01
1.188024605425147939e+01
1.188034521000665400e+01
1.188037900968622296e+01
1.188026020774624136e+01
1.188029459675589194e+01
1.188039394811150018e+01
1.188030239285058087e+01
1.188025533294024427e+01
1.188037418923440924e+01
1.188035317316313133e+01
1.188024598345796079e+01
1.188032856477401289e+01
1.188038876990088433e+01
1.188027137565414648e+01
1.188027823131218419e+01
1.188039213284568874e+01
1.188032001929398618e+01
1.188024697385475470e+01
1.188036116109526752e+01
1.188036916019870937e+01
1.188024997198771615e+01
1.188031007111524140e+01
1.188039535631705768e+01
1.188028633052498684e+01
1.188026299010402198e+01
1.188038571108712205e+01
1.188033911964766531e+01
1.188024257177474752e+01
1.188034434466784539e+01
1.188038318618280087e+01
1.188025899913891159e+01
1.188029076958960317e+01
1.188039718569541670e+01
1.188030478289360659e+01
1.188025070065341637e+01
1.188037404604861536e+01
1.188035809780883945e+01
1.188024361738732892e+01
1.188032464329322657e+01
1.188039323017989624e+01
1.188027316370604680e+01
1.188027270788773926e+01
1.188039310420614747e+01
1.188032520904706857e+01
1.188024333355372342e+01
1.188035769542602615e+01
1.188037464579773506e+01
1.188025072026548656e+01
1.188030410403139214e+01
1.188039762483529493e+01
1.188029123334747617e+01
1.188025820794816489e+01
1.188038317809839128e+01
1.188034522590362130e+01
1.188024203409922741e+01
1.188033847927190756e+01
1.188038668698459510e+01
1.188026310647774153e+01
1.188028520056958115e+01
1.188039589164582566e+01
1.188031097999385821e+01
1.188024887289989096e+01
1.188036881460029193e+01
1.188036253144236376e+01
1.188024656776619992e+01
1.188031879295919246e+01
1.188039324825381726e+01
1.188027890442275769e+01
1.188026982893486938e+01
1.188038891759546090e+01
1.188033010236544840e+01
1.188024498608662682e+01
1.188035211704019289e+01
1.188037580130824011e+01
1.188025555125125265e+01
1.188030060701327884e+01
1.188039468912231733e+01
1.188029603591363426e+01
1.188025867073932673e+01
1.188037836003092984e+01
1.188034713218788596e+01
1.188024568798093483e+01
1.188033490310509244e+01
1.188038496183018289e+01
1.188026730277204557e+01
1.188028480819345845e+01
