1.188024147592624047e+01
1.188024490000990951e+01
1.188024987602894811e+01
1.188025504761946038e+01
1.188026591225985840e+01
1.188027802941234512e+01
1.188028763491863593e+01
1.188030006392168936e+01
1.188031255821929300e+01
1.188031974047465766e+01
1.188032659817698899e+01
1.188033276036941999e+01
1.188033221472066536e+01
1.188032935780838883e+01
1.188032647990833546e+01
1.188031775532123646e+01
1.188030652575810464e+01
1.188029742021872082e+01
1.188028527547627533e+01
1.188027173736183784e+01
1.188026292345962709e+01
1.188025451899885709e+01
1.188024589008863785e+01
1.188024355345890193e+01
1.188024416286719642e+01
1.188024457525310851e+01
1.188025074849261387e+01
1.188026056301146305e+01
1.188026869419975462e+01
1.188027996642370709e+01
1.188029391534644219e+01
1.188030390521807789e+01
1.188031344002733647e+01
1.188032414599349984e+01
1.188032923248903394e+01
1.188033088397053660e+01
1.188033298874893262e+01
1.188032965896005777e+01
1.188032171378643653e+01
1.188031498189402058e+01
1.188030513348377148e+01
1.188029142437827623e+01
1.188028076784672393e+01
1.188027057956543331e+01
1.188025828707039189e+01
1.188025071211254513e+01
1.188024690114508708e+01
1.188024235189026001e+01
1.188024267886168062e+01
1.188024839479057349e+01
1.188025337406383741e+01
1.188026131073834613e+01
1.188027414267961213e+01
1.188028492882779474e+01
1.188029525634514982e+01
1.188030856721211848e+01
1.188031825349905546e+01
1.188032401295151885e+01
1.188033081270345370e+01
1.188033350731269167e+01
1.188033026924086322e+01
1.188032730675295667e+01
1.188032168189448434e+01
1.188031032113996588e+01
1.188029994382683441e+01
1.188029000245237299e+01
1.188027629258360918e+01
1.188026496944370791e+01
1.188025757039238073e+01
1.188024882733673415e+01
1.188024323402475702e+01
1.188024386754746153e+01
1.188024465240367711e+01
1.188024767294105111e+01
1.188025703942764189e+01
1.188026649528404555e+01
1.188027553993095609e+01
1.188028900738654947e+01
1.188030141921494121e+01
1.188031006657520017e+01
1.188032034690743011e+01
1.188032858034807937e+01
1.188033055049650955e+01
1.188033199283258590e+01
1.188033174665102365e+01
1.188032480169360561e+01
1.188031672941062489e+01
1.188030905123867598e+01
1.188029645907880294e+01
1.188028355436523498e+01
1.188027411180717685e+01
1.188026277997980529e+01
1.188025228898653474e+01
1.188024784192569960e+01
1.188024423719662614e+01
1.188024167075179172e+01
1.188024588201751897e+01
1.188025218214323786e+01
1.188025808879029910e+01
1.188026921092831678e+01
1.188028199436856980e+01
1.188029174009135325e+01
1.188030358082817628e+01
1.188031584133850416e+01
1.188032251944453499e+01
1.188032811042656434e+01
1.188033339363913754e+01
1.188033209826055803e+01
1.188032786685996278e+01
1.188032405147176718e+01
1.188031492705626491e+01
1.188030286845045680e+01
1.188029332537206884e+01
1.188028154860721131e+01
1.188026808964758274e+01
1.188025953217827180e+01
1.188025223364610028e+01
1.188024446051450411e+01
1.188024279538012173e+01
1.188024476767616555e+01
1.188024627445529369e+01
1.188025296514002704e+01
1.188026373501584487e+01
1.188027258174729539e+01
1.188028371862339228e+01
1.188029774934944349e+01
1.188030774663893929e+01
1.188031638488182828e+01
1.188032630065659134e+01
1.188033083149100477e+01
1.188033119360766143e+01
1.188033209924119582e+01
1.188032816515088541e+01
1.188031918167711787e+01
1.188031148819973382e+01
1.188030154146303374e+01
1.188028759207194440e+01
1.188027666029976892e+01
1.188026712046327837e+01
1.188025551441164929e+01
1.188024834691237608e+01
1.188024569274735676e+01
1.188024239111330083e+01
1.188024337416377030e+01
1.188025016298993464e+01
1.188025630676595057e+01
1.188026456534850794e+01
1.188027778480034868e+01
1.188028910551901518e+01
1.188029905993781021e+01
1.188031182015961740e+01
1.188032127261704041e+01
1.188032606121418766e+01
1.188033162258197528e+01
1.188033364687577276e+01
1.188032935230995335e+01
1.188032507471926991e+01
1.188031892496175956e+01
1.188030704892673484e+01
1.188029589845276490e+01
1.188028604033243951e+01
1.188027272083747121e+01
1.188026144088767744e+01
1.188025478150796843e+01
1.188024721112324222e+01
1.188024226443155307e+01
1.188024388680444687e+01
1.188024607823384748e+01
1.188024979679164339e+01
1.188025977959966362e+01
1.188027021505579306e+01
1.188027946751865471e+01
1.188029272060616393e+01
1.188030528748484471e+01
1.188031346132679644e+01
1.188032268727712371e+01
1.188033033412877160e+01
1.188033143205313991e+01
1.188033143954278970e+01
1.188033035981351304e+01
1.188032273010732709e+01
1.188031351395954083e+01
1.188030534895599821e+01
1.188029278877220918e+01
1.188027953314720087e+01
1.188027027495150811e+01
1.188025983289762166e+01
1.188024983568994131e+01
1.188024609992896607e+01
1.188024389390493241e+01
1.188024225321693983e+01
1.188024718082688835e+01
1.188025473871903159e+01
1.188026138658320718e+01
1.188027265597239790e+01
1.188028597375421391e+01
1.188029583423271696e+01
1.188030698773884630e+01
1.188031887474634196e+01
1.188032503989856714e+01
1.188032933094856602e+01
1.188033364306516759e+01
1.188033163889061683e+01
1.188032609206179480e+01
1.188032131709163508e+01
1.188031187858310389e+01
1.188029912421551160e+01
1.188028917091162739e+01
1.188027785091336774e+01
1.188026462443670539e+01
1.188025635299138472e+01
1.188025019758402046e+01
1.188024339282571518e+01
1.188024238956465339e+01
1.188024567535183884e+01
1.188024831445457963e+01
1.188025546525812537e+01
1.188026706161932289e+01
1.188027659694567006e+01
1.188028752424176560e+01
1.188030147637452849e+01
1.188031143284747948e+01
1.188031913552759100e+01
1.188032813253193076e+01
1.188033208597685331e+01
1.188033119670039284e+01
1.188033085032850877e+01
1.188032633816194306e+01
1.188031643542772464e+01
1.188030780484178983e+01
1.188029781560197407e+01
1.188028378655054240e+01
1.188027264350393075e+01
1.188026379047604841e+01
1.188025301014357815e+01
1.188024630186532526e+01
1.188024477903497456e+01
1.188024279110364567e+01
1.188024443647085349e+01
1.188025219385352038e+01
1.188025948198842663e+01
1.188026802819481098e+01
1.188028148113770399e+01
1.188029326024481236e+01
1.188030280638297675e+01
1.188031487184171553e+01
1.188032401127102666e+01
1.188032784161000066e+01
1.188033208774399263e+01
1.188033340306095909e+01
1.188032813753868311e+01
1.188032255915057966e+01
1.188031589499975205e+01
1.188030364456865051e+01
1.188029180539287744e+01
1.188028206001374443e+01
1.188026927368351693e+01
1.188025813980615730e+01
1.188025222004272763e+01
1.188024590683746062e+01
1.188024167640306317e+01
1.188024422407049840e+01
1.188024781466132396e+01
1.188025224573331684e+01
1.188026272305556574e+01
1.188027404953343336e+01
1.188028348835111991e+01
1.188029639181991826e+01
1.188030899190707146e+01
1.188031668072420999e+01
1.188032476375768454e+01
1.188033172620641587e+01
1.188033199135226425e+01
1.188033056396965215e+01
1.188032861108028726e+01
1.188032039426217246e+01
1.188031012276956488e+01
1.188030148236766514e+01
1.188028907589243843e+01
1.188027560467713606e+01
1.188026655236595630e+01
1.188025708865077412e+01
1.188024770718211087e+01
1.188024466839689985e+01
1.188024386853945202e+01
1.188024321732028454e+01
1.188024879183759985e+01
1.188025752302841553e+01
1.188026491224709957e+01
1.188027622614904288e+01
1.188028993545224665e+01
1.188029988115332181e+01
1.188031026301081106e+01
1.188032163552214016e+01
1.188032727704991487e+01
1.188033025381822050e+01
1.188033350916282771e+01
1.188033083463927397e+01
1.188032404916830842e+01
1.188031830193235194e+01
1.188030862835672963e+01
1.188029532233259467e+01
1.188028499401472260e+01
1.188027420689648395e+01
1.188026136698902491e+01
1.188025341600491913e+01
1.188024842390171543e+01
1.188024269197140015e+01
1.188024234456535311e+01
1.188024687784402289e+01
1.188025067482488595e+01
1.188025823417901705e+01
1.188027051780317578e+01
1.188028070334851094e+01
1.188029135719243889e+01
1.188030507008514647e+01
1.188031492978357839e+01
1.188032167240058712e+01
1.188032963151118082e+01
1.188033298112661029e+01
1.188033089322135183e+01
1.188032925679031315e+01
1.188032418806835366e+01
1.188031349456173658e+01
1.188030396585867621e+01
1.188029398223421040e+01
1.188028003389430864e+01
1.188026875391621218e+01
1.188026061465548544e+01
1.188025078896261633e+01
1.188024459743279948e+01
1.188024416811164663e+01
1.188024354335212962e+01
1.188024586087000145e+01
1.188025447433847859e+01
1.188026286965683731e+01
1.188027167402919382e+01
1.188028520720499337e+01
1.188029735582872348e+01
1.188030646637735899e+01
1.188031770378107055e+01
1.188032644426826501e+01
1.188032933833477500e+01
1.188033221011638751e+01
1.188033277531559406e+01
1.188032663080199569e+01
1.188031978479382289e+01
1.188031261490924706e+01
1.188030012968531857e+01
1.188028770082417296e+01
1.188027809362720078e+01
1.188026597237985627e+01
1.188025509497012067e+01
1.188024990876827047e+01
1.188024491912334035e+01
1.188024147597718638e+01
1.188024488099202536e+01
1.188024984337435619e+01
1.188025500034054716e+01
1.188026585218834796e+01
1.188027796521975610e+01
1.188028756901248606e+01
1.188029999813026194e+01
1.188031250147487583e+01
1.188031969608366367e+01
1.188032656546486621e+01
1.188033274532382855e+01
1.188033221922564131e+01
1.188032937718852011e+01
1.188032651546285479e+01
1.188031780679457938e+01
1.188030658509603832e+01
1.188029748458763279e+01
1.188028534375329848e+01
1.188027180072903910e+01
1.188026297731783032e+01
1.188025456373365429e+01
1.188024591939940677e+01
1.188024356366388545e+01
1.188024415772038189e+01
1.188024455316862849e+01
1.188025070810451211e+01
1.188026051142866812e+01
1.188026863452507698e+01
1.188027989896972691e+01
1.188029384844567815e+01
1.188030384454119748e+01
1.188031338543486015e+01
1.188032410383827653e+01
1.188032920809542148e+01
1.188033087462270387e+01
1.188033299627100092e+01
1.188032968631594777e+01
1.188032175509563970e+01
1.188031503394400623e+01
1.188030519684421726e+01
1.188029149155493691e+01
1.188028083236031307e+01
1.188027064136657174e+01
1.188025834002649006e+01
1.188025074948215654e+01
1.188024692453778997e+01
1.188024235931559147e+01
1.188024266585152056e+01
1.188024836576772003e+01
1.188025333219894009e+01
1.188026125454556237e+01
1.188027407849361516e+01
1.188028486364714809e+01
1.188029519033995207e+01
1.188030850602157429e+01
1.188031820499817748e+01
1.188032397665297424e+01
1.188033079067192332e+01
1.188033350536126598e+01
1.188033028456791129e+01
1.188032733636779348e+01
1.188032172819201016e+01
1.188031037921808242e+01
1.188030000647271756e+01
1.188029006944823607e+01
1.188027635904310664e+01
1.188026502669025142e+01
1.188025761782420986e+01
1.188024886292220117e+01
1.188024325082733412e+01
1.188024386665368226e+01
1.188024463650638118e+01
1.188024763878811463e+01
1.188025699027319959e+01
1.188026643824974471e+01
1.188027547521088145e+01
1.188028893887795157e+01
1.188030135603234427e+01
1.188031001033020573e+01
1.188032029947993173e+01
1.188032854952571427e+01
1.188033053692734953e+01
1.188033199421394670e+01
1.188033176699848958e+01
1.188032483954654062e+01
1.188031677803178354e+01
1.188030911052358007e+01
1.188029652631807664e+01
1.188028362038772023e+01
1.188027417411181474e+01
1.188026283695966967e+01
1.188025233231759792e+01
1.188024786927919507e+01
1.188024425041992060e+01
1.188024166520198932e+01
1.188024585729077920e+01
1.188025214432345145e+01
1.188025803783948575e+01
1.188026914821411495e+01
1.188028192873690969e+01
1.188029167478019055e+01
1.188030351705192800e+01
1.188031578761549945e+01
1.188032247966061661e+01
1.188032808322384604e+01
1.188033338411644380e+01
1.188033210867823541e+01
1.188032789201968420e+01
1.188032409159226788e+01
1.188031498221044302e+01
1.188030293048322861e+01
1.188029339048722122e+01
1.188028161609088329e+01
1.188026815114303680e+01
1.188025958243091651e+01
1.188025227351829471e+01
1.188024448465354510e+01
1.188024279975633490e+01
1.188024475641370081e+01
1.188024624713680666e+01
1.188025292021329449e+01
1.188026367960981844e+01
1.188027252002394540e+01
1.188028365070439385e+01
1.188029768307534084e+01
1.188030768839142226e+01
1.188031633427122280e+01
1.188032626306597628e+01
1.188033081255776935e+01
1.188033119041719132e+01
1.188033211240712994e+01
1.188032819768031345e+01
1.188031922775565796e+01
1.188031154349915397e+01
1.188030160652145106e+01
1.188028765990154589e+01
1.188027672367822873e+01
1.188026717935385079e+01
1.188025556363617419e+01
1.188024837945724244e+01
1.188024571023719567e+01
1.188024239276243144e+01
1.188024335559971689e+01
1.188025012848014583e+01
1.188025626061034146e+01
1.188026450631089936e+01
1.188027771870999594e+01
1.188028904012354481e+01
1.188029899563386849e+01
1.188031176168281178e+01
1.188032122806827395e+01
1.188032603028030287e+01
1.188033160617566431e+01
1.188033365058487512e+01
1.188032937357787056e+01
1.188032510945657272e+01
1.188031897510853874e+01
1.188030711007099249e+01
1.188029596265404919e+01
1.188028610691520726e+01
1.188027278573557766e+01
1.188026149524981889e+01
1.188025482437090652e+01
1.188024724150968936e+01
1.188024227574635816e+01
1.188024387980202867e+01
1.188024605663163058e+01
1.188024975797672056e+01
1.188025972636415517e+01
1.188027015519953267e+01
1.188027940190751330e+01
1.188029265242898269e+01
1.188030522597530236e+01
1.188031340863596341e+01
1.188032264436879615e+01
1.188033030835001469e+01
1.188033142446563240e+01
1.188033144693456755e+01
1.188033038540417685e+01
1.188032277285931571e+01
1.188031356653407222e+01
1.188030541038862609e+01
1.188029285692696391e+01
1.188027959879300255e+01
1.188027033488655526e+01
1.188025988625791562e+01
1.188024987467152727e+01
1.188024612171695082e+01
1.188024390110346928e+01
1.188024224210254332e+01
1.188024715062069170e+01
1.188025469600420081e+01
1.188026133233653248e+01
1.188027259114049627e+01
1.188028590718067967e+01
1.188029576999404568e+01
1.188030692650746545e+01
1.188031882446239962e+01
1.188032500499454081e+01
1.188032930949374766e+01
1.188033363915305785e+01
1.188033165510155698e+01
1.188032612282304790e+01
1.188032136149196027e+01
1.188031193695314514e+01
1.188029918846683586e+01
1.188028923630123046e+01
1.188027791704890035e+01
1.188026468357534604e+01
1.188025639928653199e+01
1.188025023226232335e+01
1.188024341158551422e+01
1.188024238811649091e+01
1.188024565805067922e+01
1.188024828208392236e+01
1.188025541617573388e+01
1.188026700282212822e+01
1.188027653361606895e+01
1.188028745641117290e+01
1.188030141125608630e+01
1.188031137744251176e+01
1.188031908930718572e+01
1.188032809982351701e+01
1.188033207261413615e+01
1.188033119969538731e+01
1.188033086907023517e+01
1.188032637558194793e+01
1.188031648590880351e+01
1.188030786299983532e+01
1.188029788183278157e+01
1.188028385448568791e+01
1.188027270529369517e+01
1.188026384599031005e+01
1.188025305522385366e+01
1.188024632936684100e+01
1.188024479049011184e+01
1.188024278692692093e+01
1.188024441252263941e+01
1.188025215414063318e+01
1.188025943186150002e+01
1.188026796678487429e+01
1.188028141368251767e+01
1.188029319510559390e+01
1.188030274428092525e+01
1.188031481656691035e+01
1.188032397099013693e+01
1.188032781626985468e+01
1.188033207712856765e+01
1.188033341238188889e+01
1.188032816456013663e+01
1.188032259877867247e+01
1.188031594859912232e+01
1.188030370827321214e+01
1.188029187068460857e+01
1.188028212567227726e+01
1.188026933647957151e+01
1.188025819088693780e+01
1.188025225802183549e+01
1.188024593175056332e+01
1.188024168215578769e+01
1.188024421104156048e+01
1.188024778748613919e+01
1.188025220255803305e+01
1.188026266618707538e+01
1.188027398729072637e+01
1.188028342234552781e+01
1.188029632454156470e+01
1.188030893252890330e+01
1.188031663197264720e+01
1.188032472573887510e+01
1.188033170566469821e+01
1.188033198977297822e+01
1.188033057734673470e+01
1.188032864172227221e+01
1.188032044154405575e+01
1.188031017891318264e+01
1.188030154549037221e+01
1.188028914439544970e+01
1.188027566944927571e+01
1.188026660949534730e+01
1.188025713794248617e+01
1.188024774151120866e+01
1.188024468448601212e+01
1.188024386962965195e+01
1.188024320071394691e+01
1.188024875642487999e+01
1.188025747573241198e+01
1.188026485510055252e+01
1.188027615973955342e+01
1.188028986844800627e+01
1.188029981845233074e+01
1.188031020483075473e+01
1.188032158907507885e+01
1.188032724725872669e+01
1.188033023830001866e+01
1.188033351091167411e+01
1.188033085647933795e+01
1.188032408530326478e+01
1.188031835029794969e+01
1.188030868945527274e+01
1.188029538830213916e+01
1.188028505920777356e+01
1.188027427114408141e+01
1.188026142329747259e+01
1.188025345802209287e+01
1.188024845310107303e+01
1.188024270518065073e+01
1.188024233734088497e+01
1.188024685463463825e+01
1.188025063761926425e+01
1.188025818135248102e+01
1.188027045607992882e+01
1.188028063886581975e+01
1.188029128999757766e+01
1.188030500664849143e+01
1.188031487761280225e+01
1.188032163093819094e+01
1.188032960396936843e+01
1.188033297340405348e+01
1.188033090237512823e+01
1.188032928099920760e+01
1.188032423006273852e+01
1.188031354903793968e+01
1.188030402646286099e+01
1.188029404910884068e+01
1.188028010138137347e+01
1.188026881367431464e+01
1.188026066636063227e+01
1.188025082951443245e+01
1.188024461970765344e+01
1.188024417345372541e+01
1.188024353334360050e+01
1.188024583174355620e+01
1.188025442975262713e+01
1.188026281590958178e+01
1.188027161073124205e+01
1.188028513893959293e+01
1.188029729141778645e+01
1.188030640695393636e+01
1.188031765217418823e+01
1.188032640854272159e+01
1.188032931876773546e+01
1.188033220541280954e+01
1.188033279016231525e+01
1.188032666333981702e+01
1.188031982904105632e+01
1.188031267154461190e+01
1.188030019542100568e+01
1.188028776672893727e+01
1.188027815786418095e+01
1.188026603254822966e+01
1.188025514239241431e+01
1.188024994159224157e+01
1.188024493833227702e+01
1.188024147613001880e+01
1.188024486206972696e+01
1.188024981080456932e+01
1.188025495313348223e+01
1.188026579216546885e+01
1.188027790104958648e+01
1.188028750310586545e+01
1.188029993231118908e+01
1.188031244467612169e+01
1.188031965162094217e+01
1.188032653266569838e+01
1.188033273017884817e+01
1.188033222363130825e+01
1.188032939647514219e+01
1.188032655093174483e+01
1.188031785820097852e+01
1.188030664439103568e+01
1.188029754893531020e+01
1.188028541203590294e+01
1.188027186413065550e+01
1.188026303123132443e+01
1.188025460854276716e+01
1.188024594880223184e+01
1.188024357396705533e+01
1.188024415267122258e+01
1.188024453117941093e+01
1.188025066779839634e+01
1.188026045990722324e+01
1.188026857489231425e+01
1.188027983153251199e+01
1.188029378153207105e+01
1.188030378382817176e+01
1.188031333078443019e+01
1.188032406160276899e+01
1.188032918360952905e+01
1.188033086517787851e+01
1.188033300369280099e+01
1.188032971357878864e+01
1.188032179632811314e+01
1.188031508593342522e+01
1.188030526016634703e+01
1.188029155872227527e+01
1.188028089688913624e+01
1.188027070320644007e+01
1.188025839304719078e+01
1.188025078693363845e+01
1.188024694802207470e+01
1.188024236684132617e+01
1.188024265294094661e+01
1.188024833683321013e+01
1.188025329041032485e+01
1.188026119841080863e+01
1.188027401433862451e+01
1.188028479847292829e+01
1.188029512431715062e+01
1.188030844478522319e+01
1.188031815642982103e+01
1.188032394027274918e+01
1.188033076854473968e+01
1.188033350330855242e+01
1.188033029979933808e+01
1.188032736589435423e+01
1.188032177441461457e+01
1.188031043724503988e+01
1.188030006909084690e+01
1.188029013643968312e+01
1.188027642552738250e+01
1.188026508398660397e+01
1.188025766532378924e+01
1.188024889859392630e+01
1.188024326772796790e+01
1.188024386585812309e+01
1.188024462070505471e+01
1.188024760472336183e+01
1.188025694118755915e+01
1.188026638126317636e+01
1.188027541051705072e+01
1.188028887036678150e+01
1.188030129282001468e+01
1.188030995403470769e+01
1.188032025197978214e+01
1.188032851861325767e+01
1.188033052326219874e+01
1.188033199549634134e+01
1.188033178724875860e+01
1.188032487731642384e+01
1.188031682658757227e+01
1.188030916976165585e+01
1.188029659353757594e+01
1.188028368641843535e+01
1.188027423644721914e+01
1.188026289399503277e+01
1.188025237572639980e+01
1.188024789672176418e+01
1.188024426374034270e+01
1.188024165975367374e+01
1.188024583265730172e+01
1.188025210658346076e+01
1.188025798695382385e+01
1.188026908554104288e+01
1.188028186311890444e+01
1.188029160945953144e+01
1.188030345324004422e+01
1.188031573383085693e+01
1.188032243979892577e+01
1.188032805593057795e+01
1.188033337449290450e+01
1.188033211899700348e+01
1.188032791708910452e+01
1.188032413163243817e+01
1.188031503730411664e+01
1.188030299248116251e+01
1.188029345559012029e+01
1.188028168358857428e+01
1.188026821268105238e+01
1.188025963274625418e+01
1.188025231347000599e+01
1.188024450888790184e+01
1.188024280423228340e+01
1.188024474524761587e+01
1.188024621990993346e+01
1.188025287536347641e+01
1.188026362425809701e+01
1.188027245833400336e+01
1.188028358279368391e+01
1.188029761677981888e+01
1.188030763009936486e+01
1.188031628359602898e+01
1.188032622539017424e+01
1.188033079352883981e+01
1.188033118712899494e+01
1.188033212547462725e+01
1.188032823012013139e+01
1.188031927376311891e+01
1.188031159874561027e+01
1.188030167154964012e+01
1.188028772773043329e+01
1.188027678708089674e+01
1.188026723829091935e+01
1.188025561293161303e+01
1.188024841208910232e+01
1.188024572782131827e+01
1.188024239451203812e+01
1.188024333713360470e+01
1.188025009405473043e+01
1.188025621452466041e+01
1.188026444732400222e+01
1.188027765264244984e+01
1.188028897472535839e+01
1.188029893130383385e+01
1.188031170315283092e+01
1.188032118344543342e+01
1.188032599926020083e+01
1.188033158967172120e+01
1.188033365419246579e+01
1.188032939475227323e+01
1.188032514411039386e+01
1.188031902518656935e+01
1.188030717117148072e+01
1.188029602683642239e+01
1.188028617350237681e+01
1.188027285066656447e+01
1.188026154966951253e+01
1.188025486730775526e+01
1.188024727198616404e+01
1.188024228716132669e+01
1.188024387289769024e+01
1.188024603512237576e+01
1.188024971924525630e+01
1.188025967319121712e+01
1.188027009538286727e+01
1.188027933631391519e+01
1.188029258424080936e+01
1.188030516442750795e+01
1.188031335588715187e+01
1.188032260138244389e+01
1.188033028247729384e+01
1.188033141678028670e+01
1.188033145422844683e+01
1.188033041090071151e+01
1.188032281553299185e+01
1.188031361905027516e+01
1.188030547178259333e+01
1.188029292507027712e+01
1.188027966445591588e+01
1.188027039486079239e+01
1.188025993968042826e+01
1.188024991373631067e+01
1.188024614359774489e+01
1.188024390840003974e+01
1.188024223108838662e+01
1.188024712050472331e+01
1.188025465336356312e+01
1.188026127814777944e+01
1.188027252634190312e+01
1.188028584061198600e+01
1.188029570573690208e+01
1.188030686523272195e+01
1.188031877411004800e+01
1.188032497000726728e+01
1.188032928794555509e+01
1.188033363513946128e+01
1.188033167121476197e+01
1.188032615349788657e+01
1.188032140581791829e+01
1.188031199526962212e+01
1.188029925269163378e+01
1.188028930168768404e+01
1.188027798320680439e+01
1.188026474276430555e+01
1.188025644565129291e+01
1.188025026702477227e+01
1.188024343044312658e+01
1.188024238676881872e+01
1.188024564084392409e+01
1.188024824980047889e+01
1.188025536716456010e+01
1.188026694407181161e+01
1.188027647031110234e+01
1.188028738858030309e+01
1.188030134610784572e+01
1.188031132198496032e+01
1.188031904301600150e+01
1.188032806702571342e+01
1.188033205915307278e+01
1.188033120259263420e+01
1.188033088771614310e+01
1.188032641291652070e+01
1.188031653632494589e+01
1.188030792111295497e+01
1.188029794804172212e+01
1.188028392242868136e+01
1.188027276711646429e+01
1.188026390155850542e+01
1.188025310038075055e+01
1.188024635695977871e+01
1.188024480204154720e+01
1.188024278284995283e+01
1.188024438866990273e+01
1.188025211450753460e+01
1.188025938179760388e+01
1.188026790541790589e+01
1.188028134624179444e+01
1.188029312995456621e+01
1.188030268214444796e+01
1.188031476123197727e+01
1.188032393062918857e+01
1.188032779083957813e+01
1.188033206641430262e+01
1.188033342160190031e+01
1.188032819149086095e+01
1.188032263832871216e+01
1.188031600213649597e+01
1.188030377194171727e+01
1.188029193596641164e+01
1.188028219134403329e+01
1.188026939931634196e+01
1.188025824203253578e+01
1.188025229608047617e+01
1.188024595675676309e+01
1.188024168800995817e+01
1.188024419810983900e+01
1.188024776040020214e+01
1.188025215946078816e+01
1.188026260937446210e+01
1.188027392507919444e+01
1.188028335634859900e+01
1.188029625724388438e+01
1.188030887310430117e+01
1.188031658315604666e+01
1.188032468763725369e+01
1.188033168502593107e+01
1.188033198809473845e+01
1.188033059062773766e+01
1.188032867227396139e+01
1.188032048875297875e+01
1.188031023500592198e+01
1.188030160858292916e+01
1.188028921289544115e+01
1.188027573424722760e+01
1.188026666667209064e+01
1.188025718730266611e+01
1.188024777592827874e+01
1.188024470067098015e+01
1.188024387081807198e+01
1.188024318420579384e+01
1.188024872109864916e+01
1.188025742850448374e+01
1.188026479800420709e+01
1.188027609335528645e+01
1.188028980143979396e+01
1.188029975572399977e+01
1.188031014659991591e+01
1.188032154255341233e+01
1.188032721737946318e+01
1.188033022268628791e+01
1.188033351255921488e+01
1.188033087822359946e+01
1.188032412135630267e+01
1.188031839859574745e+01
1.188030875050760038e+01
1.188029545425364297e+01
1.188028512440681617e+01
1.188027433542226596e+01
1.188026147966356483e+01
1.188025350011526449e+01
1.188024848238859121e+01
1.188024271848940217e+01
1.188024233021686449e+01
1.188024683151699890e+01
1.188025060049576354e+01
1.188025812859090813e+01
1.188027039439582744e+01
1.188028057439879603e+01
1.188029122279383820e+01
1.188030494317393782e+01
1.188031482538181116e+01
1.188032158939933147e+01
1.188032957633468456e+01
1.188033296558128349e+01
1.188033091143185160e+01
1.188032930511565866e+01
1.188032427197656382e+01
1.188031360345582677e+01
1.188030408703048479e+01
1.188029411597017848e+01
1.188028016888475591e+01
1.188026887347393412e+01
1.188026071812678097e+01
1.188025087014797521e+01
1.188024464207761888e+01
1.188024417889342033e+01
1.188024352343332701e+01
1.188024580270937136e+01
1.188025438524139332e+01
1.188026276221797417e+01
1.188027154746812819e+01
1.188028507068023920e+01
1.188029722698604829e+01
1.188030634748796821e+01
1.188031760050070851e+01
1.188032637273178338e+01
1.188032929910730573e+01
1.188033220060994744e+01
1.188033280490955690e+01
1.188032669579037659e+01
1.188031987321626914e+01
1.188031272812526318e+01
1.188030026112859794e+01
1.188028783263279387e+01
1.188027822212314533e+01
1.188026609276481871e+01
1.188025518988623475e+01
1.188024997450079390e+01
1.188024495763667154e+01
1.188024147638473949e+01
1.188024484324305874e+01
1.188024977831965145e+01
1.188025490599837397e+01
1.188026573219135251e+01
1.188027783690196948e+01
1.188028743719891622e+01
1.188029986646460401e+01
1.188031238782316024e+01
1.188031960708659085e+01
1.188032649977956368e+01
1.188033271493451792e+01
1.188033222793764665e+01
1.188032941566820178e+01
1.188032658631492744e+01
1.188031790954032907e+01
1.188030670364295638e+01
1.188029761326162159e+01
1.188028548032395193e+01
1.188027192756654848e+01
1.188026308519998686e+01
1.188025465342611220e+01
1.188024597829706330e+01
1.188024358436839734e+01
1.188024414771972737e+01
1.188024450928550202e+01
1.188025062757436601e+01
1.188026040844724029e+01
1.188026851530159966e+01
1.188027976411221154e+01
1.188029371460576833e+01
1.188030372307913929e+01
1.188031327607616561e+01
1.188032401928707316e+01
1.188032915903141884e+01
1.188033085563607294e+01
1.188033301101431327e+01
1.188032974074851644e+01
1.188032183748375736e+01
1.188031513786215676e+01
1.188030532345001333e+01
1.188029162588014565e+01
1.188028096143303891e+01
1.188027076508491753e+01
1.188025844613238036e+01
1.188025082446689851e+01
1.188024697159789334e+01
1.188024237446745701e+01
1.188024264012998898e+01
1.188024830798712195e+01
1.188025324869808230e+01
1.188026114233419328e+01
1.188027395021478583e+01
1.188028473330527746e+01
1.188029505827689114e+01
1.188030838350320550e+01
1.188031810779409270e+01
1.188032390381093428e+01
1.188033074632194008e+01
1.188033350115456166e+01
1.188033031493509739e+01
1.188032739533256965e+01
1.188032182056219810e+01
1.188031049522071037e+01
1.188030013168106613e+01
1.188029020342656494e+01
1.188027649203629643e+01
1.188026514133263944e+01
1.188025771289101939e+01
1.188024893435182783e+01
1.188024328472663527e+01
1.188024386516077513e+01
1.188024460499972790e+01
1.188024757074688154e+01
1.188025689217081471e+01
1.188026632432447194e+01
1.188027534584962197e+01
1.188028880185319736e+01
1.188030122957810342e+01
1.188030989768884105e+01
1.188032020440708791e+01
1.188032848761078952e+01
1.188033050950108560e+01
1.188033199667976447e+01
1.188033180740179340e+01
1.188032491500315579e+01
1.188031687507789158e+01
1.188030922895276476e+01
1.188029666073716228e+01
1.188028375245722046e+01
1.188027429881324437e+01
1.188026295108576846e+01
1.188025241921285513e+01
1.188024792425332876e+01
1.188024427715787112e+01
1.188024165440684143e+01
1.188024580811714159e+01
1.188025206892333863e+01
1.188025793613343772e+01
1.188026902290924625e+01
1.188028179751470326e+01
1.188029154412952693e+01
1.188030338939266706e+01
1.188031567998469562e+01
1.188032239985953709e+01
1.188032802854682402e+01
1.188033336476852853e+01
1.188033212921684623e+01
1.188032794206818110e+01
1.188032417159218568e+01
1.188031509233718097e+01
1.188030305444411105e+01
1.188029352068062394e+01
1.188028175110013507e+01
1.188026827426148557e+01
1.188025968312416936e+01
1.188025235350115416e+01
1.188024453321754415e+01
1.188024280880794414e+01
1.188024473417793736e+01
1.188024619277472560e+01
1.188025283059067583e+01
1.188026356896079605e+01
1.188027239667762025e+01
1.188028351489142942e+01
1.188029755046301261e+01
1.188030757176289853e+01
1.188031623285634453e+01
1.188032618762927584e+01
1.188033077440426766e+01
1.188033118374308117e+01
1.188033213844365399e+01
1.188032826247027529e+01
1.188031931969939059e+01
1.188031165393898725e+01
1.188030173654745525e+01
1.188028779555844139e+01
1.188027685050763971e+01
1.188026729727434549e+01
1.188025566229783969e+01
1.188024844480788467e+01
1.188024574549968548e+01
1.188024239636212798e+01
1.188024331876546213e+01
1.188025005971376302e+01
1.188025616850900157e+01
1.188026438838794263e+01
1.188027758659786670e+01
1.188028890932460691e+01
1.188029886694784842e+01
1.188031164456979383e+01
1.188032113874862539e+01
1.188032596815395792e+01
1.188033157307018328e+01
1.188033365769853944e+01
1.188032941583310631e+01
1.188032517868065696e+01
1.188031907519574304e+01
1.188030723222807694e+01
1.188029609099974593e+01
1.188028624009377943e+01
1.188027291563028776e+01
1.188026160414664112e+01
1.188025491031841874e+01
1.188024730255259520e+01
1.188024229867643378e+01
1.188024386609144933e+01
1.188024601370613098e+01
1.188024968059734121e+01
1.188025962008096315e+01
1.188027003560592831e+01
1.188027927073801493e+01
1.188029251604180736e+01
1.188030510284159647e+01
1.188031330308048084e+01
1.188032255831815753e+01
1.188033025651067476e+01
1.188033140899712059e+01
1.188033146142442575e+01
1.188033043630305485e+01
1.188032285812827027e+01
1.188031367150803064e+01
1.188030553313775606e+01
1.188029299320200138e+01
1.188027973013578809e+01
1.188027045487408628e+01
1.188025999316503523e+01
1.188024995288421160e+01
1.188024616557130031e+01
1.188024391579462602e+01
1.188024222017449638e+01
1.188024709047904182e+01
1.188025461079721978e+01
1.188026122401706175e+01
1.188027246157677297e+01
1.188028577404827502e+01
1.188029564146141936e+01
1.188030680391475791e+01
1.188031872368938302e+01
1.188032493493683184e+01
1.188032926630403452e+01
1.188033363102438322e+01
1.188033168723018740e+01
1.188032618408623264e+01
1.188032145006940254e+01
1.188031205353239805e+01
1.188029931688977214e+01
1.188028936707083361e+01
1.188027804938693954e+01
1.188026480200345247e+01
1.188025649208556445e+01
1.188025030187128550e+01
1.188024344939850785e+01
1.188024238552163148e+01
1.188024562373160720e+01
1.188024821760431848e+01
1.188025531822472836e+01
1.188026688536851694e+01
1.188027640703092302e+01
1.188028732074931426e+01
1.188030128092995419e+01
1.188031126647494951e+01
1.188031899665414315e+01
1.188032803413859639e+01
1.188033204559369160e+01
1.188033120539212462e+01
1.188033090626619170e+01
1.188032645016558320e+01
1.188031658667605228e+01
1.188030797918101200e+01
1.188029801422865006e+01
1.188028399037936644e+01
1.188027282897209069e+01
1.188026395718051020e+01
1.188025314561416934e+01
1.188024638464407623e+01
1.188024481368925755e+01
1.188024277887275737e+01
1.188024436491271274e+01
1.188025207495430635e+01
1.188025933179684301e+01
1.188026784409403014e+01
1.188028127881569063e+01
1.188029306479186253e+01
1.188030261997368342e+01
1.188031470583702642e+01
1.188032389018826862e+01
1.188032776531923318e+01
1.188033205560121530e+01
1.188033343072098269e+01
1.188032821833080632e+01
1.188032267780061524e+01
1.188031605561175397e+01
1.188030383557401848e+01
1.188029200123813034e+01
1.188028225702885265e+01
1.188026946219368796e+01
1.188025829324283578e+01
1.188025233421856619e+01
1.188024598185600667e+01
1.188024169396556040e+01
1.188024418527536596e+01
1.188024773340357498e+01
1.188025211644166745e+01
1.188026255261785025e+01
1.188027386289898324e+01
1.188028329036048447e+01
1.188029618992704251e+01
1.188030881363339475e+01
1.188031653427451673e+01
1.188032464945290556e+01
1.188033166429014642e+01
1.188033198631755205e+01
1.188033060381263084e+01
1.188032870273528729e+01
1.188032053588883308e+01
1.188031029104765679e+01
1.188030167164519213e+01
1.188028928139226359e+01
1.188027579907085496e+01
1.188026672389605665e+01
1.188025723673121270e+01
1.188024781043322520e+01
1.188024471695176842e+01
1.188024387210469612e+01
1.188024316779585376e+01
1.188024868585898730e+01
1.188025738134472853e+01
1.188026474095817520e+01
1.188027602699638585e+01
1.188028973442776604e+01
1.188029969296847099e+01
1.188031008831843316e+01
1.188032149595723119e+01
1.188032718741220073e+01
1.188033020697707087e+01
1.188033351410545357e+01
1.188033089987200874e+01
1.188032415732734925e+01
1.188031844682563332e+01
1.188030881151358820e+01
1.188029552018695334e+01
1.188028518961169588e+01
1.188027439973088839e+01
1.188026153608718793e+01
1.188025354228434338e+01
1.188024851176419716e+01
1.188024273189762781e+01
1.188024232319331297e+01
1.188024680849114567e+01
1.188025056345446728e+01
1.188025807589439786e+01
1.188027033275101729e+01
1.188028050994758367e+01
1.188029115558136795e+01
1.188030487966162951e+01
1.188031477309071171e+01
1.188032154778411176e+01
1.188032954860719315e+01
1.188033295765831276e+01
1.188033092039149352e+01
1.188032932913960948e+01
1.188032431380974074e+01
1.188031365781527526e+01
1.188030414756142328e+01
1.188029418281807992e+01
1.188028023640431208e+01
1.188026893331492850e+01
1.188026076995381430e+01
1.188025091086315044e+01
1.188024466454264605e+01
1.188024418443071895e+01
1.188024351362134290e+01
1.188024577376750912e+01
1.188025434080487308e+01
1.188026270858214239e+01
1.188027148424000146e+01
1.188028500242706897e+01
1.188029716253365642e+01
1.188030628797958776e+01
1.188031754876074153e+01
1.188032633683553918e+01
1.188032927935353378e+01
1.188033219570780830e+01
1.188033281955727283e+01
1.188032672815360868e+01
1.188031991731934944e+01
1.188031278465107299e+01
1.188030032680796033e+01
1.188028789853558820e+01
1.188027828640395001e+01
1.188026615302952038e+01
1.188025523745148249e+01
1.188025000749385818e+01
1.188024497703649018e+01
1.188024147674134312e+01
1.188024482451205799e+01
1.188024974591968075e+01
1.188025485893531119e+01
1.188026567226612862e+01
1.188027777277705255e+01
1.188028737129179468e+01
1.188029980059065593e+01
1.188031233091610872e+01
1.188031956248070564e+01
1.188032646680652427e+01
1.188033269959086979e+01
1.188033223214466183e+01
1.188032943476765269e+01
1.188032662161231912e+01
1.188031796081251201e+01
1.188030676285167253e+01
1.188029767756640709e+01
1.188028554861727493e+01
1.188027199103657239e+01
1.188026313922369859e+01
1.188025469838357395e+01
1.188024600788382656e+01
1.188024359486787773e+01
1.188024414286590513e+01
1.188024448748696038e+01
1.188025058743249929e+01
1.188026035704883832e+01
1.188026845575306822e+01
1.188027969670897299e+01
1.188029364766692098e+01
1.188030366229422796e+01
1.188031322131018541e+01
1.188032397689129027e+01
1.188032913436114058e+01
1.188033084599731737e+01
1.188033301823552179e+01
1.188032976782507255e+01
1.188032187856249067e+01
1.188031518973008005e+01
1.188030538669508829e+01
1.188029169302838106e+01
1.188028102599188784e+01
1.188027082700185311e+01
1.188025849928194688e+01
1.188025086208186387e+01
1.188024699526519257e+01
1.188024238219395379e+01
1.188024262741867254e+01
1.188024827922950166e+01
1.188025320706230481e+01
1.188026108631585132e+01
1.188027388612224833e+01
1.188028466814434481e+01
1.188029499221932106e+01
1.188030832217565447e+01
1.188031805909110972e+01
1.188032386726761125e+01
1.188033072400357604e+01
1.188033349889929724e+01
1.188033032997516614e+01
1.188032742468238645e+01
1.188032186663465239e+01
1.188031055314495887e+01
1.188030019424324202e+01
1.188029027040873409e+01
1.188027655856970277e+01
1.188026519872822639e+01
1.188025776052579019e+01
1.188024897019583292e+01
1.188024330182328647e+01
1.188024386456165082e+01
1.188024458939043804e+01
1.188024753685874657e+01
1.188025684322309417e+01
1.188026626743376468e+01
1.188027528120872134e+01
1.188028873333735191e+01
1.188030116630674016e+01
1.188030984129271950e+01
1.188032015676195385e+01
1.188032845651836844e+01
1.188033049564404564e+01
1.188033199776420901e+01
1.188033182745754246e+01
1.188032495260666366e+01
1.188031692350262247e+01
1.188030928809678777e+01
1.188029672791668823e+01
1.188028381850393700e+01
1.188027436120974656e+01
1.188026300823175418e+01
1.188025246277685198e+01
1.188024795187383731e+01
1.188024429067247745e+01
1.188024164916152792e+01
1.188024578367034856e+01
1.188025203134317564e+01
1.188025788537843219e+01
1.188026896031885826e+01
1.188028173192445536e+01
1.188029147879031555e+01
1.188030332550993862e+01
1.188031562607713276e+01
1.188032235984255003e+01
1.188032800107265174e+01
1.188033335494334963e+01
1.188033213933773347e+01
1.188032796695683757e+01
1.188032421147142870e+01
1.188031514730950100e+01
1.188030311637194103e+01
1.188029358575857763e+01
1.188028181862541643e+01
1.188026833588420139e+01
1.188025973356455012e+01
1.188025239361164154e+01
1.188024455764239917e+01
1.188024281348331535e+01
1.188024472320468305e+01
1.188024616573124881e+01
1.188025278589499933e+01
1.188026351371805234e+01
1.188027233505492930e+01
1.188028344699776895e+01
1.188029748412507658e+01
1.188030751338215829e+01
1.188031618205229378e+01
1.188032614978336099e+01
1.188033075518408843e+01
1.188033118025945356e+01
1.188033215131418174e+01
1.188032829473067764e+01
1.188031936556436996e+01
1.188031170907915524e+01
1.188030180151475079e+01
1.188028786338542453e+01
1.188027691395831020e+01
1.188026735630401021e+01
1.188025571173474937e+01
1.188024847761351666e+01
1.188024576327226001e+01
1.188024239831269036e+01
1.188024330049533717e+01
1.188025002545732001e+01
1.188025612256347863e+01
1.188026432950285916e+01
1.188027752057638331e+01
1.188028884392143425e+01
1.188029880256605075e+01
1.188031158593382841e+01
1.188032109397794578e+01
1.188032593696164696e+01
1.188033155637108607e+01
1.188033366110308364e+01
1.188032943682032894e+01
1.188032521316728740e+01
1.188031912513594257e+01
1.188030729324063195e+01
1.188029615514387061e+01
1.188028630668928720e+01
1.188027298062661785e+01
1.188026165868108208e+01
1.188025495340279569e+01
1.188024733320891535e+01
1.188024231029165634e+01
1.188024385938332017e+01
1.188024599238293533e+01
1.188024964203305522e+01
1.188025956703351405e+01
1.188026997586885436e+01
1.188027920517995639e+01
1.188029244783210459e+01
1.188030504121771358e+01
1.188031325021607465e+01
1.188032251517603299e+01
1.188033023045020720e+01
1.188033140111615182e+01
1.188033146852246880e+01
1.188033046161115536e+01
1.188032290064504792e+01
1.188031372390721607e+01
1.188030559445398815e+01
1.188029306132198570e+01
1.188027979583247706e+01
1.188027051492630726e+01
1.188026004671163172e+01
1.188024999211513943e+01
1.188024618763756557e+01
1.188024392328722101e+01
1.188024220936089570e+01
1.188024706054371471e+01
1.188025456830525783e+01
1.188026116994450376e+01
1.188027239684524083e+01
1.188028570748970481e+01
1.188029557716774498e+01
1.188030674255370478e+01
1.188031867320053614e+01
1.188032489978330375e+01
1.188032924456922679e+01
1.188033362680783434e+01
1.188033170314781373e+01
1.188032621458802573e+01
1.188032149424632067e+01
1.188031211174134505e+01
1.188029938106109462e+01
1.188028943245053881e+01
1.188027811558914593e+01
1.188026486129265891e+01
1.188025653858923647e+01
1.188025033680179021e+01
1.188024346845162249e+01
1.188024238437494162e+01
1.188024560671376406e+01
1.188024818549552286e+01
1.188025526935633636e+01
1.188026682671236145e+01
1.188027634377566777e+01
1.188028725291835030e+01
1.188030121572255204e+01
1.188031121091259656e+01
1.188031895022171014e+01
1.188032800116223520e+01
1.188033203193602461e+01
1.188033120809385679e+01
1.188033092472032948e+01
1.188032648732904661e+01
1.188031663696199836e+01
1.188030803720388207e+01
1.188029808039341972e+01
1.188028405833760281e+01
1.188027289086043758e+01
1.188026401285620537e+01
1.188025319092401055e+01
1.188024641241968027e+01
1.188024482543321625e+01
1.188024277499534875e+01
1.188024434125111206e+01
1.188025203548104258e+01
1.188025928185934177e+01
1.188026778281339624e+01
1.188028121140435012e+01
1.188029299961764984e+01
1.188030255776876309e+01
1.188031465038219636e+01
1.188032384966746768e+01
1.188032773970887490e+01
1.188033204468933590e+01
1.188033343973911293e+01
1.188032824507991414e+01
1.188032271719429644e+01
1.188031610902477730e+01
1.188030389916999141e+01
1.188029206649962255e+01
1.188028232272659857e+01
1.188026952511148160e+01
1.188025834451772056e+01
1.188025237243602383e+01
1.188024600704824074e+01
1.188024170002258018e+01
1.188024417253816267e+01
1.188024770649632345e+01
1.188025207350077217e+01
1.188026249591736594e+01
1.188027380075022243e+01
1.188028322438133699e+01
1.188029612259116341e+01
1.188030875411632614e+01
1.188031648532816931e+01
1.188032461118591243e+01
1.188033164345740289e+01
1.188033198444141725e+01
1.188033061690137515e+01
1.188032873310618598e+01
1.188032058295151572e+01
1.188031034703826272e+01
1.188030173467702255e+01
1.188028934988576246e+01
1.188027586392000678e+01
1.188026678116711210e+01
1.188025728622801225e+01
1.188024784502599118e+01
1.188024473332833608e+01
1.188024387348952615e+01
1.188024315148416932e+01
1.188024865070596903e+01
1.188025733425325114e+01
1.188026468396259361e+01
1.188027596066300262e+01
1.188028966741207171e+01
1.188029963018587942e+01
1.188031002998643437e+01
1.188032144928664735e+01
1.188032715735699085e+01
1.188033019117239597e+01
1.188033351555038486e+01
1.188033092142452496e+01
1.188032419321631750e+01
1.188031849498750248e+01
1.188030887247309764e+01
1.188029558610192638e+01
1.188028525482226883e+01
1.188027446406981724e+01
1.188026159256820158e+01
1.188025358452922120e+01
1.188024854122783402e+01
1.188024274540529923e+01
1.188024231627024108e+01
1.188024678555713542e+01
1.188025052649545188e+01
1.188025802326308167e+01
1.188027027114562983e+01
1.188028044551231943e+01
1.188029108836031789e+01
1.188030481611169620e+01
1.188031472073963535e+01
1.188032150609261706e+01
1.188032952078694926e+01
1.188033294963515907e+01
1.188033092925404333e+01
1.188032935307101035e+01
1.188032435556217159e+01
1.188031371211616261e+01
1.188030420805552900e+01
1.188029424965239222e+01
1.188028030393988210e+01
1.188026899319716634e+01
1.188026082184162746e+01
1.188025095165987111e+01
1.188024468710268522e+01
1.188024419006560173e+01
1.188024350390765882e+01
1.188024574491803165e+01
1.188025429644316588e+01
1.188026265500220013e+01
1.188027142104698441e+01
1.188028493418023857e+01
1.188029709806076184e+01
1.188030622842893358e+01
1.188031749695440631e+01
1.188032630085406538e+01
1.188032925950646757e+01
1.188033219070640101e+01
1.188033283410544705e+01
1.188032676042943869e+01
1.188031996135020840e+01
1.188031284112191344e+01
1.188030039245894720e+01
1.188028796443717106e+01
1.188027835070644933e+01
1.188026621334218369e+01
1.188025528508805095e+01
1.188025004057134737e+01
1.188024499653168853e+01
1.188024147719984036e+01
1.188024480587676912e+01
1.188024971360473536e+01
1.188025481194442179e+01
1.188026561238992684e+01
1.188027770867498134e+01
1.188028730538464117e+01
1.188029973468949230e+01
1.188031227395510747e+01
1.188031951780339668e+01
1.188032643374666364e+01
1.188033268414793753e+01
1.188033223625233070e+01
1.188032945377345584e+01
1.188032665682384170e+01
1.188031801201741189e+01
1.188030682201704913e+01
1.188029774184952991e+01
1.188028561691573870e+01
1.188027205454058333e+01
1.188026319330234060e+01
1.188025474341506715e+01
1.188024603756245767e+01
1.188024360546547520e+01
1.188024413810976831e+01
1.188024446578382154e+01
1.188025054737289210e+01
1.188026030571212921e+01
1.188026839624684783e+01
1.188027962932295445e+01
1.188029358071567110e+01
1.188030360147358877e+01
1.188031316648661750e+01
1.188032393441550205e+01
1.188032910959875110e+01
1.188033083626162245e+01
1.188033302535640345e+01
1.188032979480840190e+01
1.188032191956421002e+01
1.188031524153708851e+01
1.188030544990142623e+01
1.188029176016685184e+01
1.188028109056553916e+01
1.188027088895711714e+01
1.188025855249576601e+01
1.188025089977844040e+01
1.188024701902391023e+01
1.188024239002081472e+01
1.188024261480702393e+01
1.188024825056042744e+01
1.188025316550309363e+01
1.188026103035589998e+01
1.188027382206114702e+01
1.188028460299027600e+01
1.188029492614457716e+01
1.188030826080271574e+01
1.188031801032097690e+01
1.188032383064285646e+01
1.188033070158970261e+01
1.188033349654276449e+01
1.188033034491951057e+01
1.188032745394371581e+01
1.188032191263188153e+01
1.188031061101765573e+01
1.188030025677723778e+01
1.188029033738604312e+01
1.188027662512744342e+01
1.188026525617323159e+01
1.188025780822798794e+01
1.188024900612585455e+01
1.188024331901788955e+01
1.188024386406074306e+01
1.188024457387722066e+01
1.188024750305902799e+01
1.188025679434448989e+01
1.188026621059117005e+01
1.188027521659449981e+01
1.188028866481939083e+01
1.188030110300607411e+01
1.188030978484647804e+01
1.188032010904448832e+01
1.188032842533607081e+01
1.188033048169111083e+01
1.188033199874967671e+01
1.188033184741596493e+01
1.188032499012686216e+01
1.188031697186166724e+01
1.188030934719357390e+01
1.188029679507600456e+01
1.188028388455843753e+01
1.188027442363659070e+01
1.188026306543286381e+01
1.188025250641831043e+01
1.188024797958322409e+01
1.188024430428412614e+01
1.188024164401772609e+01
1.188024575931697946e+01
1.188025199384304997e+01
1.188025783468892627e+01
1.188026889777002282e+01
1.188028166634829574e+01
1.188029141344204831e+01
1.188030326159200101e+01
1.188031557210828559e+01
1.188032231974805697e+01
1.188032797350810910e+01
1.188033334501737848e+01
1.188033214935965098e+01
1.188032799175503662e+01
1.188032425127006775e+01
1.188031520222096127e+01
1.188030317826451032e+01
1.188029365082385524e+01
1.188028188616427094e+01
1.188026839754906128e+01
1.188025978406727745e+01
1.188025243380138818e+01
1.188024458216243318e+01
1.188024281825837569e+01
1.188024471232787427e+01
1.188024613877956526e+01
1.188025274127652864e+01
1.188026345852997778e+01
1.188027227346606196e+01
1.188028337911285526e+01
1.188029741776615467e+01
1.188030745495727381e+01
1.188031613118398511e+01
1.188032611185251497e+01
1.188033073586834654e+01
1.188033117667812277e+01
1.188033216408618387e+01
1.188032832690126561e+01
1.188031941135796110e+01
1.188031176416600054e+01
1.188030186645138642e+01
1.188028793121124593e+01
1.188027697743276612e+01
1.188026741537976783e+01
1.188025576124224436e+01
1.188024851050591835e+01
1.188024578113899388e+01
1.188024240036372348e+01
1.188024328232326532e+01
1.188024999128547421e+01
1.188025607668818751e+01
1.188026427066887969e+01
1.188027745457815243e+01
1.188028877851598253e+01
1.188029873815859538e+01
1.188031152724506967e+01
1.188032104913349762e+01
1.188032590568332836e+01
1.188033153957446508e+01
1.188033366440608951e+01
1.188032945771390025e+01
1.188032524757019814e+01
1.188031917500705958e+01
1.188030735420901784e+01
1.188029621926865076e+01
1.188028637328874737e+01
1.188027304565539133e+01
1.188026171327269864e+01
1.188025499656079376e+01
1.188024736395506586e+01
1.188024232200696595e+01
1.188024385277330630e+01
1.188024597115285097e+01
1.188024960355249426e+01
1.188025951404899239e+01
1.188026991617176975e+01
1.188027913963988524e+01
1.188029237961187690e+01
1.188030497955598719e+01
1.188031319729404522e+01
1.188032247195616620e+01
1.188033020429595865e+01
1.188033139313739639e+01
1.188033147552257951e+01
1.188033048682494908e+01
1.188032294308323245e+01
1.188031377624772666e+01
1.188030565573114039e+01
1.188029312943007021e+01
1.188027986154583715e+01
1.188027057501731676e+01
1.188026010032008450e+01
1.188025003142900893e+01
1.188024620979648915e+01
1.188024393087780517e+01
1.188024219864761299e+01
1.188024703069881483e+01
1.188025452588778208e+01
1.188026111593023160e+01
1.188027233214745060e+01
1.188028564093641748e+01
1.188029551285602992e+01
1.188030668114969579e+01
1.188031862264361038e+01
1.188032486454677539e+01
1.188032922274118697e+01
1.188033362248982527e+01
1.188033171896759654e+01
1.188032624500320011e+01
1.188032153834856786e+01
1.188031216989633521e+01
1.188029944520547154e+01
1.188028949782665045e+01
1.188027818181329209e+01
1.188026492063179163e+01
1.188025658516221306e+01
1.188025037181620469e+01
1.188024348760242077e+01
1.188024238332874027e+01
1.188024558979043732e+01
1.188024815347415952e+01
1.188025522055950489e+01
1.188026676810348725e+01
1.188027628054547336e+01
1.188028718508757464e+01
1.188030115048578850e+01
1.188031115529803117e+01
1.188031890371881438e+01
1.188032796809670266e+01
1.188033201818011086e+01
1.188033121069782716e+01
