1.188024147592623869e+01
1.188025407524485644e+01
1.188028931259863263e+01
1.188034004814753608e+01
1.188039605121676701e+01
1.188044609679419672e+01
1.188048024702129624e+01
1.188049185704241495e+01
1.188047887098714028e+01
1.188044414272866689e+01
1.188039476761799840e+01
1.188034060319779783e+01
1.188029227620481620e+01
1.188025907927857361e+01
1.188024720089275199e+01
1.188025862598718874e+01
1.188029086175361648e+01
1.188033749981721066e+01
1.188038950456351550e+01
1.188043696596276000e+01
1.188047095347283211e+01
1.188048513618088009e+01
1.188047691865992839e+01
1.188044790163953301e+01
1.188040356854562418e+01
1.188035226386564602e+01
1.188030367049455016e+01
1.188026704147948465e+01
1.188024946714089936e+01
1.188025450007438089e+01
1.188028142633956463e+01
1.188032532587930312e+01
1.188037791487485606e+01
1.188042905785694003e+01
1.188046870973884772e+01
1.188048890626548904e+01
1.188048538535992726e+01
1.188045851684988996e+01
1.188041334449246555e+01
1.188035867621108821e+01
1.188030535883034489e+01
1.188026409560534091e+01
1.188024326869032699e+01
1.188024720003271284e+01
1.188027521199442837e+01
1.188032172470935066e+01
1.188037739327363873e+01
1.188043102424854958e+01
1.188047185797723237e+01
1.188049176234527948e+01
1.188048688534505004e+01
1.188045839788372149e+01
1.188041218059294302e+01
1.188035756864711523e+01
1.188030543715785115e+01
1.188026600690806767e+01
1.188024682278164867e+01
1.188025133277356105e+01
1.188027832543988538e+01
1.188032227440122313e+01
1.188037449108153432e+01
1.188042486032064993e+01
1.188046380017378922e+01
1.188048404460874785e+01
1.188048193939406261e+01
1.188045806160723572e+01
1.188041706202726644e+01
1.188036675464414493e+01
1.188031664462583947e+01
1.188027618480282754e+01
1.188025304924152259e+01
1.188025170197033908e+01
1.188027253444447062e+01
1.188031175508184667e+01
1.188036204552711794e+01
1.188041386740123606e+01
1.188045722461758835e+01
1.188048358457706577e+01
1.188048757260586363e+01
1.188046808686750033e+01
1.188042861594694344e+01
1.188037667370091022e+01
1.188032240030133835e+01
1.188027657133556403e+01
1.188024843119906393e+01
1.188024380099140664e+01
1.188026383506447203e+01
1.188030470063437960e+01
1.188035829904924334e+01
1.188041389877989218e+01
1.188046031952714188e+01
1.188048821150640677e+01
1.188049197750016006e+01
1.188047092793633652e+01
1.188042939805977838e+01
1.188037581488114469e+01
1.188032094909063296e+01
1.188027572039425905e+01
1.188024899200353524e+01
1.188024581840715932e+01
1.188026651822753976e+01
1.188030672250738817e+01
1.188035833058359536e+01
1.188041116545691267e+01
1.188045500158392542e+01
1.188048154070965445e+01
1.188048593754225912e+01
1.188046762553273972e+01
1.188043033905827706e+01
1.188038133894161597e+01
1.188032999177992366e+01
1.188028600086558839e+01
1.188025762855154532e+01
1.188025019761743195e+01
1.188026511353686310e+01
1.188029960011219188e+01
1.188034720730713190e+01
1.188039898039598796e+01
1.188044508391245380e+01
1.188047662838523522e+01
1.188048738035901941e+01
1.188047500629997977e+01
1.188044159448056014e+01
1.188039335529678020e+01
1.188033952464907195e+01
1.188029062113719725e+01
1.188025637750475738e+01
1.188024378009448156e+01
1.188025561646144013e+01
1.188028981960536790e+01
1.188033977895919868e+01
1.188039561206138472e+01
1.188044614799688503e+01
1.188048119412351866e+01
1.188049362383210017e+01
1.188048086786123214e+01
1.188044547375588067e+01
1.188039458318793962e+01
1.188033845077865358e+01
1.188028834299189818e+01
1.188025424521223528e+01
1.188024283682578996e+01
1.188025617132397649e+01
1.188029134183302737e+01
1.188034115730690132e+01
1.188039564515693769e+01
1.188044407360765931e+01
1.188047708826372251e+01
1.188048851094766079e+01
1.188047644638220390e+01
1.188044353593621949e+01
1.188039635773592373e+01
1.188034409537991110e+01
1.188029674270214286e+01
1.188026321931151230e+01
1.188024974887900775e+01
1.188025875286145983e+01
1.188028843527244582e+01
1.188033314515808669e+01
1.188038444386368653e+01
1.188043265576014207e+01
1.188046863252836260e+01
1.188048545269784029e+01
1.188047975056572980e+01
1.188045239823967414e+01
1.188040840414197241e+01
1.188035604882339236e+01
1.188030538216042942e+01
1.188026631394940047e+01
1.188024666228206883e+01
1.188025056911030930e+01
1.188027760029592450e+01
1.188032271471487533e+01
1.188037716020576262e+01
1.188043017094870990e+01
1.188047112379531534e+01
1.188049169549070783e+01
1.188048758837758001e+01
1.188045947181312378e+01
1.188041290322167853e+01
1.188035721092088437e+01
1.188030358740197912e+01
1.188026280786673539e+01
1.188024303040788965e+01
1.188024812730120772e+01
1.188027692043008443e+01
1.188032348311820385e+01
1.188037840279551460e+01
1.188043071450917409e+01
1.188047011955874233e+01
1.188048903639525200e+01
1.188048404553849480e+01
1.188045645431551733e+01
1.188041193011317631e+01
1.188035931229639353e+01
1.188030883727041953e+01
1.188027014026356909e+01
1.188025044835093347e+01
1.188025329020434206e+01
1.188027790990777532e+01
1.188031946990867027e+01
1.188037000924265563e+01
1.188041995816555740e+01
1.188045990317141865e+01
1.188048230163376218e+01
1.188048287468847874e+01
1.188046142156682627e+01
1.188042188209688099e+01
1.188037164047351624e+01
1.188032020223927709e+01
1.188027744845976308e+01
1.188025175221372542e+01
1.188024832674800990e+01
1.188026815110001522e+01
1.188030768324377817e+01
1.188035943292441488e+01
1.188041334164647544e+01
1.188045874160255089e+01
1.188048649185501660e+01
1.188049084478735828e+01
1.188047067310234617e+01
1.188042979325514992e+01
1.188037626473764163e+01
1.188032077904172468e+01
1.188027448927317486e+01
1.188024673763056072e+01
1.188024313171960777e+01
1.188026437493273413e+01
1.188030612858237767e+01
1.188035993441872584e+01
1.188041496775404049e+01
1.188046024552029500e+01
1.188048685138298843e+01
1.188048971380702135e+01
1.188046855288581227e+01
1.188042783069489694e+01
1.188037577359572339e+01
1.188032268537380176e+01
1.188027888429308554e+01
1.188025269327032873e+01
1.188024889630911929e+01
1.188026792432609113e+01
1.188030586796225485e+01
1.188035529578916893e+01
1.188040672033842782e+01
1.188045040543297581e+01
1.188047815795490081e+01
1.188048480753179703e+01
1.188046914233710893e+01
1.188043412441051849e+01
1.188038633398675437e+01
1.188033476339933081e+01
1.188028918388629762e+01
1.188025834251535784e+01
1.188024829420422357e+01
1.188026120352741088e+01
1.188029486571673310e+01
1.188034303589332019e+01
1.188039652812478231e+01
1.188044493345770825e+01
1.188047865224204358e+01
1.188049081982629396e+01
1.188047872878033751e+01
1.188044446717539593e+01
1.188039461345381476e+01
1.188033898848520309e+01
1.188028869706863766e+01
1.188025387981874559e+01
1.188024163783096299e+01
1.188025454270278836e+01
1.188029006266262222e+01
1.188034106446587046e+01
1.188039728325650835e+01
1.188044742457625880e+01
1.188048146475934885e+01
1.188049269141694531e+01
1.188047904642547081e+01
1.188044347681195489e+01
1.188039325553393510e+01
1.188033845950286427e+01
1.188028992058680444e+01
1.188025705818825983e+01
1.188024605092279096e+01
1.188025871798820710e+01
1.188029228123086156e+01
1.188033999958514464e+01
1.188039254119416555e+01
1.188043982072551685e+01
1.188047291674164541e+01
1.188048570001660487e+01
1.188047591497301703e+01
1.188044555117884293e+01
1.188040043228501119e+01
1.188034910242304676e+01
1.188030124328638060e+01
1.188026590847392150e+01
1.188024985414508805e+01
1.188025625547578912e+01
1.188028407251370133e+01
1.188032819530759454e+01
1.188038033433136853e+01
1.188043051912642589e+01
1.188046897698586513e+01
1.188048804425613092e+01
1.188048371180634000e+01
1.188045649169677276e+01
1.188041143176531200e+01
1.188035722990840526e+01
1.188030456437136984e+01
1.188026396614620595e+01
1.188024368567058886e+01
1.188024798428991247e+01
1.188027619533462165e+01
1.188032278730640634e+01
1.188037845902663037e+01
1.188043203272764181e+01
1.188047273108702839e+01
1.188049237888682086e+01
1.188048708439058387e+01
1.188045802523530803e+01
1.188041116100869488e+01
1.188035596788756543e+01
1.188030348995623520e+01
1.188026409920931492e+01
1.188024541781812005e+01
1.188025084796394815e+01
1.188027900012125215e+01
1.188032407771983756e+01
1.188037709738882342e+01
1.188042770092046396e+01
1.188046619164328277e+01
1.188048536839516167e+01
1.188048181535325654e+01
1.188045645924325378e+01
1.188041432265614183e+01
1.188036351891233267e+01
1.188031369391994829e+01
1.188027423510297531e+01
1.188025256340946356e+01
1.188025277597373552e+01
1.188027487924819070e+01
1.188031477543310288e+01
1.188036500130114170e+01
1.188041607223273388e+01
1.188045821651287071e+01
1.188048322252901379e+01
1.188048604669719666e+01
1.188046584550479601e+01
1.188042622779026836e+01
1.188037466895673155e+01
1.188032114674831163e+01
1.188027621437058912e+01
1.188024889727847899e+01
1.188024485577716760e+01
1.188026517842830998e+01
1.188030606029212244e+01
1.188035948518465545e+01
1.188041481239233121e+01
1.188046092981843671e+01
1.188048851617336865e+01
1.188049196181292189e+01
1.188047054956341064e+01
1.188042861324254318e+01
1.188037462899954555e+01
1.188031946174223030e+01
1.188027414726079201e+01
1.188024765086335499e+01
1.188024506585544060e+01
1.188026664507430930e+01
1.188030784710772636e+01
1.188036033177662709e+01
1.188041367518760083e+01
1.188045746539286007e+01
1.188048334611693058e+01
1.188048658132903057e+01
1.188046686309935573e+01
1.188042826773668814e+01
1.188037839553714292e+01
1.188032686055924714e+01
1.188028344375887357e+01
1.188025628218899499e+01
1.188025040341591421e+01
1.188026682901903541e+01
1.188030240747177047e+01
1.188035041849257389e+01
1.188040181889382119e+01
1.188044689007754151e+01
1.188047702209827783e+01
1.188048634055325792e+01
1.188047285804343822e+01
1.188043890860847540e+01
1.188039078470775678e+01
1.188033763049013736e+01
1.188028974573118290e+01
1.188025659002407508e+01
1.188024489435822950e+01
1.188025727230885842e+01
1.188029160346780699e+01
1.188034133748757171e+01
1.188039671976737210e+01
1.188044672246389233e+01
1.188048127082424443e+01
1.188049330240986379e+01
1.188048025103899796e+01
1.188044463197231693e+01
1.188039356117551648e+01
1.188033730027235890e+01
1.188028715796863111e+01
1.188025318572393196e+01
1.188024212539711577e+01
1.188025604524927559e+01
1.188029197010949112e+01
1.188034255898121572e+01
1.188039764254918929e+01
1.188044629532386054e+01
1.188047903140659045e+01
1.188048966246596549e+01
1.188047643182401458e+01
1.188044224181584951e+01
1.188039398837750227e+01
1.188034114998445645e+01
1.188029390964319632e+01
1.188026120283143960e+01
1.188024907745100478e+01
1.188025963272120755e+01
1.188029068889275308e+01
1.188033624590173964e+01
1.188038764408485548e+01
1.188043518236752760e+01
1.188046989058561032e+01
1.188048517287242944e+01
1.188047804651297135e+01
1.188044972755351480e+01
1.188040544031964885e+01
1.188035349611853242e+01
1.188030379367188694e+01
1.188026596873237928e+01
1.188024752349792301e+01
1.188025232236387829e+01
1.188027976172328870e+01
1.188032477623312033e+01
1.188037871897138942e+01
1.188043100432375709e+01
1.188047120432709214e+01
1.188049115519497612e+01
1.188048664477530636e+01
1.188045834413646773e+01
1.188041175736914568e+01
1.188035614922791083e+01
1.188030266923411205e+01
1.188026208313761956e+01
1.188024257304883413e+01
1.188024804736667939e+01
1.188027733518778994e+01
1.188032445630887146e+01
1.188037988490039432e+01
1.188043250965800013e+01
1.188047189143707527e+01
1.188049036532519764e+01
1.188048453657069281e+01
1.188045586313345758e+01
1.188041025818500351e+01
1.188035684100026224e+01
1.188030609018208850e+01
1.188026777057829086e+01
1.188024906996074748e+01
1.188025330440435212e+01
1.188027938588058241e+01
1.188032211015637785e+01
1.188037320768187932e+01
1.188042294604066740e+01
1.188046195049437159e+01
1.188048291075098817e+01
1.188048190652880365e+01
1.188045912755605293e+01
1.188041883796440601e+01
1.188036859294519587e+01
1.188031786870904938e+01
1.188027633488407986e+01
1.188025204153693970e+01
1.188024985557269986e+01
1.188027047309891948e+01
1.188031020495211010e+01
1.188036158030220335e+01
1.188041469951779128e+01
1.188045912928378200e+01
1.188048597049506228e+01
1.188048966397367501e+01
1.188046917243597278e+01
1.188042829569413250e+01
1.188037500446842643e+01
1.188031987909138287e+01
1.188027397713051947e+01
1.188024658535574218e+01
1.188024330558331165e+01
1.188026486678388061e+01
1.188030694693700084e+01
1.188036106449922258e+01
1.188041632836337946e+01
1.188046166185011998e+01
1.188048805637052041e+01
1.188049039402270601e+01
1.188046843860084145e+01
1.188042679693267090e+01
1.188037391043971880e+01
1.188032031503249719e+01
1.188027651531933770e+01
1.188025090829583341e+01
1.188024819483334937e+01
1.188026857298745398e+01
1.188030780903298478e+01
1.188035813715505817e+01
1.188040981256743578e+01
1.188045299882952932e+01
1.188047960147629212e+01
1.188048472493478869e+01
1.188046753303424907e+01
1.188043136860744831e+01
1.188038310054602142e+01
1.188033183592085607e+01
1.188028725293179200e+01
1.188025783134926705e+01
1.188024926486740540e+01
1.188026335671425926e+01
1.188029763169106978e+01
1.188034573636448954e+01
1.188039855861334360e+01
1.188044590573178105e+01
1.188047846357565263e+01
1.188048964567008348e+01
1.188047694607418592e+01
1.188044252967207548e+01
1.188039292440993400e+01
1.188033781588970683e+01
1.188028814519269716e+01
1.188025390773379897e+01
1.188024211380121997e+01
1.188025531477096486e+01
1.188029101075432159e+01
1.188034211055677325e+01
1.188039836843118202e+01
1.188044847548900051e+01
1.188048236414117476e+01
1.188049326818375739e+01
1.188047910564276677e+01
1.188044286888020906e+01
1.188039195290370564e+01
1.188033660686094883e+01
1.188028784186486142e+01
1.188025520982302474e+01
1.188024491680607397e+01
1.188025867004466996e+01
1.188029345617525401e+01
1.188034223396209654e+01
1.188039538153393160e+01
1.188044261369300614e+01
1.188047496980077078e+01
1.188048646972735156e+01
1.188047515994713521e+01
1.188044340552073841e+01
1.188039738477147012e+01
1.188034588175470851e+01
1.188029863005920639e+01
1.188026452842199454e+01
1.188025001915181456e+01
1.188025789226756146e+01
1.188028674863582879e+01
1.188033123760749810e+01
1.188038301282672649e+01
1.188043223805581938e+01
1.188046941277686663e+01
1.188048720164684369e+01
1.188048189586086956e+01
1.188045420429666521e+01
1.188040922149334300e+01
1.188035554843978225e+01
1.188030367493427875e+01
1.188026391600248743e+01
1.188024433537017899e+01
1.188024908266034529e+01
1.188027747358805541e+01
1.188032403115640712e+01
1.188037953496298371e+01
1.188043287645839285e+01
1.188047331554257369e+01
1.188049267460683822e+01
1.188048703305030962e+01
1.188045755071513199e+01
1.188041021703108413e+01
1.188035459339429245e+01
1.188030184577369752e+01
1.188026247267066182e+01
1.188024418192235920e+01
1.188025036953031943e+01
1.188027952239382223e+01
1.188032562395468972e+01
1.188037942861917173e+01
1.188043034038002688e+01
1.188046852120524477e+01
1.188048678514871703e+01
1.188048190226665390e+01
1.188045511131263154e+01
1.188041179323233720e+01
1.188036037578914872e+01
1.188031068714985850e+01
1.188027210260598565e+01
1.188025183361894221e+01
1.188025363023575665e+01
1.188027710630711908e+01
1.188031782432655170e+01
1.188036812506902784e+01
1.188041852759612738e+01
1.188045945556741856e+01
1.188048301898560233e+01
1.188048453297624363e+01
1.188046345973257267e+01
1.188042358239339791e+01
1.188037237843895788e+01
1.188031967385224874e+01
1.188027577854401606e+01
1.188024945533706855e+01
1.188024614894512609e+01
1.188026683223985103e+01
1.188030770236165168e+01
1.188036083449534175e+01
1.188041571691851317e+01
1.188046135935755920e+01
1.188048852361159469e+01
1.188049162671304870e+01
1.188046993162404164e+01
1.188042774352506825e+01
1.188037353762327974e+01
1.188031821712447744e+01
1.188027288708733664e+01
1.188024659192497623e+01
1.188024447509223691e+01
1.188026676545548810e+01
1.188030880424572366e+01
1.188036206208363765e+01
1.188041590058553076e+01
1.188045972511896942e+01
1.188048509237479422e+01
1.188048732463093771e+01
1.188046632003773695e+01
1.188042645919194307e+01
1.188037566845724413e+01
1.188032382560503741e+01
1.188028083225044895e+01
1.188025475361374816e+01
1.188025036497857911e+01
1.188026832368377228e+01
1.188030509534102563e+01
1.188035365527698950e+01
1.188040482029113143e+01
1.188044893957763115e+01
1.188047765512100895e+01
1.188048545256960509e+01
1.188047071816252043e+01
1.188043607924612566e+01
1.188038796378786266e+01
1.188033546264495044e+01
1.188028866544095408e+01
1.188025673714835584e+01
1.188024610982007623e+01
1.188025916848881458e+01
1.188029369090713772e+01
1.188034316403372515e+01
1.188039797235049022e+01
1.188044726994230871e+01
1.188048115351064560e+01
1.188049267889070570e+01
1.188047932006546858e+01
1.188044356452133954e+01
1.188039247299675338e+01
1.188033626339185744e+01
1.188028623069875422e+01
1.188025244621990950e+01
1.188024169352165771e+01
1.188025607007844542e+01
1.188029257616649481e+01
1.188034377638296313e+01
1.188039935509426925e+01
1.188044822498197561e+01
1.188048077028600957e+01
1.188049076094933199e+01
1.188047652675739485e+01
1.188044117839659286e+01
1.188039189185354161e+01
1.188033842745042001e+01
1.188029117525148060e+01
1.188025913123439103e+01
1.188024822120164359e+01
1.188026026462994444e+01
1.188029271772945705e+01
1.188033922361589489e+01
1.188039086644502795e+01
1.188043786764425569e+01
1.188047138702889249e+01
1.188048512771528564e+01
1.188047649102120928e+01
1.188044706444524046e+01
1.188040233609893725e+01
1.188035070084495359e+01
1.188030194277691720e+01
1.188026543080265895e+01
1.188024832958052812e+01
1.188025418245862674e+01
1.188028216205777099e+01
1.188032713204308521e+01
1.188038053053716858e+01
1.188043196514544242e+01
1.188047124225519724e+01
1.188049041098362224e+01
1.188048539808040793e+01
1.188045691105737944e+01
1.188041040203820309e+01
1.188035504084709082e+01
1.188030188294912826e+01
1.188026162876528780e+01
1.188024243914462375e+01
1.188024824050881811e+01
1.188027788670296125e+01
1.188032538934023208e+01
1.188038116517986964e+01
1.188043400696949980e+01
1.188047336603701076e+01
1.188049149318066711e+01
1.188048498421408183e+01
1.188045539457428390e+01
1.188040883047742646e+01
1.188035465327004303e+01
1.188030357155003713e+01
1.188026549976310342e+01
1.188024763270827577e+01
1.188025312774123421e+01
1.188028060702390398e+01
1.188032451949696444e+01
1.188037627875148061e+01
1.188042595314580829e+01
1.188046415411047185e+01
1.188048375625952247e+01
1.188048117183633501e+01
1.188045698199624667e+01
1.188041580295734256e+01
1.188036540932319163e+01
1.188031530011078907e+01
1.188027496834897434e+01
1.188025214734344637e+01
1.188025133607357020e+01
1.188027290420371607e+01
1.188031296140624526e+01
1.188036401127122410e+01
1.188041629527295839e+01
1.188045962884149276e+01
1.188048539391108172e+01
1.188048827302181110e+01
1.188046737137407050e+01
1.188042650429385105e+01
1.188037355221286262e+01
1.188031895159483575e+01
1.188027361325005415e+01
1.188024671285215739e+01
1.188024380249662215e+01
1.188026562161219424e+01
1.188030788527933446e+01
1.188036213522869389e+01
1.188041746995314263e+01
1.188046276938383805e+01
1.188048896212092309e+01
1.188049088002600051e+01
1.188046829395273996e+01
1.188042590149911426e+01
1.188037230626435026e+01
1.188031823853760649e+01
1.188027437842844058e+01
1.188024921945599210e+01
1.188024742735578698e+01
1.188026902141045760e+01
1.188030948582826873e+01
1.188036074028622124e+01
1.188041277336073520e+01
1.188045561011306184e+01
1.188048120157337095e+01
1.188048488009569681e+01
1.188046615932384320e+01
1.188042876371786960e+01
1.188037987923421746e+01
1.188032877680040400e+01
1.188028509307492264e+01
1.188025707400810660e+01
1.188025005784466437e+01
1.188026546501560787e+01
1.188030050616489142e+01
1.188034866556738400e+01
1.188040086168983045e+01
1.188044710234944468e+01
1.188047837388123718e+01
1.188048840709397780e+01
1.188047495067232617e+01
1.188044029765389098e+01
1.188039095498663400e+01
1.188033646901140017e+01
1.188028758353010339e+01
1.188025409756298600e+01
1.188024287527963274e+01
1.188025640563107466e+01
1.188029220862830471e+01
1.188034325811572955e+01
1.188039937486680486e+01
1.188044929163232055e+01
1.188048294668978144e+01
1.188049354748350872e+01
1.188047898115438095e+01
1.188044224652458070e+01
1.188039080604801434e+01
1.188033502811182451e+01
1.188028606571633716e+01
1.188025359434437966e+01
1.188024387267922499e+01
1.188025854552460636e+01
1.188029441860387792e+01
1.188034419291090416e+01
1.188039797619015658e+01
1.188044527248904281e+01
1.188047704183680864e+01
1.188048739949823407e+01
1.188047464747570459e+01
1.188044150045781500e+01
1.188039449237538214e+01
1.188034267664859911e+01
1.188029588871674491e+01
1.188026292336745016e+01
1.188024994154926617e+01
1.188025935378309228e+01
1.188028938034096882e+01
1.188033438569924805e+01
1.188038591323055826e+01
1.188043421938731115e+01
1.188047006167063380e+01
1.188048644831450673e+01
1.188048000983670072e+01
1.188045170496369174e+01
1.188040672497983330e+01
1.188035360087332393e+01
1.188030262803535919e+01
1.188026387153692909e+01
1.188024515730299768e+01
1.188025046843731403e+01
1.188027906288983715e+01
1.188032550929838749e+01
1.188038069312499623e+01
1.188043362294560268e+01
1.188047365189141225e+01
1.188049264901385627e+01
1.188048668987603840e+01
1.188045690628331030e+01
1.188040927674528824e+01
1.188035339285004177e+01
1.188030048942344408e+01
1.188026115490314893e+01
1.188024317629135140e+01
1.188024997137474870e+01
1.188027995436726769e+01
1.188032694321788441e+01
1.188038147260607680e+01
1.188043272769589720e+01
1.188047071612915317e+01
1.188048822504014268e+01
1.188048215615587111e+01
1.188045401388587052e+01
1.188040951154376756e+01
1.188035739272415725e+01
1.188030769873803827e+01
1.188026984361798810e+01
1.188025087976020089e+01
1.188025424200631619e+01
1.188027915736012652e+01
1.188032082698466319e+01
1.188037135078056750e+01
1.188042119834144472e+01
1.188046094867767799e+01
1.188048302028924041e+01
1.188048310227972593e+01
1.188046100154541129e+01
1.188042072850313424e+01
1.188036981134764858e+01
1.188031794883140080e+01
1.188027520019962857e+01
1.188025003154805503e+01
1.188024762102790710e+01
1.188026877170030104e+01
1.188030964492507913e+01
1.188036240130897525e+01
1.188041668479099755e+01
1.188046167503640049e+01
1.188048827277822994e+01
1.188049096969843710e+01
1.188046903113586161e+01
1.188042672032513458e+01
1.188037246929063251e+01
1.188031716426409012e+01
1.188027192665814624e+01
1.188024584466972122e+01
1.188024410825170563e+01
1.188026695300653124e+01
1.188030965480443157e+01
1.188036354973367281e+01
1.188041782739064622e+01
1.188046172826184588e+01
1.188048670653081729e+01
1.188048809865141386e+01
1.188046595419130824e+01
1.188042491165636072e+01
1.188037319742920417e+01
1.188032095530333621e+01
1.188027824025087398e+01
1.188025309747891889e+01
1.188025010004109205e+01
1.188026957264531980e+01
1.188030760392681273e+01
1.188035684262092317e+01
1.188040791970517063e+01
1.188045119929343052e+01
1.188047853651901953e+01
1.188048476454667579e+01
1.188046865839788957e+01
1.188043317793378684e+01
1.188038493960776698e+01
1.188033302817832570e+01
1.188028734561163624e+01
1.188025675401928716e+01
1.188024735250264818e+01
1.188026124665253214e+01
1.188029605909112085e+01
1.188034527862781253e+01
1.188039942544823013e+01
1.188044786329430913e+01
1.188048090844334048e+01
1.188049179058700666e+01
1.188047807042858039e+01
1.188044222692328056e+01
1.188039124951396985e+01
1.188033526908595050e+01
1.188028551155225365e+01
1.188025201545954346e+01
1.188024157248979229e+01
1.188025630880832217e+01
1.188029323337191023e+01
1.188034486920705923e+01
1.188040080915334329e+01
1.188044984626970368e+01
1.188048225102004096e+01
1.188049173333001285e+01
1.188047666343581632e+01
1.188044030531969142e+01
1.188039006853904311e+01
1.188033596937153291e+01
1.188028860870028325e+01
1.188025707779610940e+01
1.188024723310269515e+01
1.188026066417662108e+01
1.188029449477624233e+01
1.188034201706530446e+01
1.188039403580534170e+01
1.188044064799556487e+01
1.188047309080248937e+01
1.188048532847143335e+01
1.188047513402086786e+01
1.188044448147058674e+01
1.188039916241493721e+01
1.188034770829848874e+01
1.188029983437858128e+01
1.188026466360657096e+01
1.188024901445787052e+01
1.188025607533952055e+01
1.188028474418475078e+01
1.188032976133529672e+01
1.188038261688969754e+01
1.188043311039293748e+01
1.188047131089598629e+01
1.188048952843769612e+01
1.188048388389338328e+01
1.188045516605100360e+01
1.188040879126925908e+01
1.188035381605300600e+01
1.188030115787282170e+01
1.188026139648285806e+01
1.188024261943943927e+01
1.188024873977222384e+01
1.188027863878797064e+01
1.188032635533638803e+01
1.188038230217642877e+01
1.188043523094266618e+01
1.188047452503896650e+01
1.188049236480704884e+01
1.188048531536066754e+01
1.188045498193211458e+01
1.188040760840244303e+01
1.188035275160105186e+01
1.188030132474754197e+01
1.188026339763299433e+01
1.188024620914168494e+01
1.188025281150127022e+01
1.188028158679400725e+01
1.188032666883295541e+01
1.188037915988778259e+01
1.188042890440580557e+01
1.188046645180921423e+01
1.188048480918349803e+01
1.188048068403962532e+01
1.188045503658346647e+01
1.188041285032759475e+01
1.188036215978152832e+01
1.188031253988250491e+01
1.188027335157521769e+01
1.188025203115787498e+01
1.188025270097860719e+01
1.188027537038675518e+01
1.188031589684888623e+01
1.188036670709543330e+01
1.188041815286985425e+01
1.188046029863123820e+01
1.188048483587408022e+01
1.188048673675526423e+01
1.188046530373013532e+01
1.188042441051001674e+01
1.188037186052977745e+01
1.188031792619673510e+01
1.188027332731972407e+01
1.188024707325735463e+01
1.188024461520279473e+01
1.188026667417194027e+01
1.188030900821804536e+01
1.188036321952683672e+01
1.188041844993763618e+01
1.188046359075332781e+01
1.188048954835364235e+01
1.188049111548440351e+01
1.188046804583475513e+01
1.188042507870044950e+01
1.188037092422842456e+01
1.188031646047984857e+01
1.188027251867713119e+01
1.188024769707560857e+01
1.188024666563788045e+01
1.188026931921084817e+01
1.188031090968946657e+01
1.188036307403857350e+01
1.188041553895749303e+01
1.188045816442464186e+01
1.188048289748792641e+01
1.188048524612051615e+01
1.188046503681434807e+01
1.188042636315290501e+01
1.188037674385672915e+01
1.188032565530089180e+01
1.188028274583255772e+01
1.188025607101601722e+01
1.188025063272454496e+01
1.188026746000359957e+01
1.188030341527016631e+01
1.188035176922443270e+01
1.188040342073448485e+01
1.188044854925917448e+01
1.188047844291965482e+01
1.188048717829346579e+01
1.188047280653666071e+01
1.188043780306966823e+01
1.188038869460970837e+01
1.188033489890977989e+01
1.188028694105418381e+01
1.188025437936782858e+01
1.188024387686931682e+01
1.188025781004315462e+01
1.188029369271752955e+01
1.188034457255390741e+01
1.188040037532316795e+01
1.188044992929811272e+01
1.188048323315451071e+01
1.188049350711961161e+01
1.188047861552442086e+01
1.188044153664915825e+01
1.188038975024681143e+01
1.188033368814535606e+01
1.188028459880066023e+01
1.188025225839336407e+01
1.188024298926742439e+01
1.188025841537709582e+01
1.188029521648933873e+01
1.188034588567730943e+01
1.188040029203130921e+01
1.188044773229622741e+01
1.188047905833911422e+01
1.188048843006224686e+01
1.188047435273765551e+01
1.188043985376563150e+01
1.188039181014763734e+01
1.188033956130612623e+01
1.188029308747667301e+01
1.188026113286398555e+01
1.188024961965701465e+01
1.188026059767449105e+01
1.188029189812182551e+01
1.188033756602553481e+01
1.188038898285845235e+01
1.188043644865125614e+01
1.188047095162711031e+01
1.188048584543991559e+01
1.188047812828971850e+01
1.188044905667447360e+01
1.188040397223389277e+01
1.188035137459076651e+01
1.188030137320592772e+01
1.188026376102168946e+01
1.188024608194614373e+01
1.188025209776682090e+01
1.188028096003681355e+01
1.188032725982829163e+01
1.188038199975246378e+01
1.188043434482736416e+01
1.188047379528565983e+01
1.188049232095004015e+01
1.188048603079556642e+01
1.188045603345042522e+01
1.188040826704907538e+01
1.188035230247022689e+01
1.188029938752245762e+01
1.188026015460732765e+01
1.188024244905492566e+01
1.188024972454208417e+01
1.188028036618213434e+01
1.188032808187107214e+01
1.188038323651874606e+01
1.188043482782065219e+01
1.188047271068132282e+01
1.188048961401058712e+01
1.188048251925686394e+01
1.188045314419863629e+01
1.188040749750979153e+01
1.188035462631018824e+01
1.188030480312015058e+01
1.188026752520125129e+01
1.188024973940233231e+01
1.188025460739893902e+01
1.188028098814104005e+01
1.188032371292763756e+01
1.188037460534897960e+01
1.188042403347496112e+01
1.188046268354826296e+01
1.188048325642990477e+01
1.188048181720116681e+01
1.188045854576186855e+01
1.188041772797569706e+01
1.188036699568430521e+01
1.188031595700613430e+01
1.188027442730721539e+01
1.188025055347366887e+01
1.188024920299159426e+01
1.188027095458661719e+01
1.188031188683726391e+01
1.188036422538408310e+01
1.188041778311594676e+01
1.188046194939278166e+01
1.188048781764315542e+01
1.188049000767211716e+01
1.188046782218381558e+01
1.188042548412352062e+01
1.188037135085723328e+01
1.188031624028339550e+01
1.188027123432712173e+01
1.188024541981177862e+01
1.188024401486714687e+01
1.188026727904299484e+01
1.188031046814219138e+01
1.188036483950692457e+01
1.188041946071333754e+01
1.188046343793853765e+01
1.188048812206525184e+01
1.188048882985382093e+01
1.188046570928841383e+01
1.188042360440269896e+01
1.188037100448180006e+01
1.188031830767342356e+01
1.188027574227517746e+01
1.188025137961052380e+01
1.188024964418468343e+01
1.188027056981640506e+01
1.188030988708427671e+01
1.188035990920451290e+01
1.188041104467716025e+01
1.188045361999854066e+01
1.188047965618593338e+01
1.188048430851640092e+01
1.188046674272139924e+01
1.188043027962551257e+01
1.188038177276618335e+01
1.188033035302686713e+01
1.188028576948308057e+01
1.188025658701509002e+01
1.188024854927819085e+01
1.188026343835742793e+01
1.188029866752033925e+01
1.188034768220435211e+01
1.188040112049487540e+01
1.188044857053232839e+01
1.188048060805597395e+01
1.188049069021992565e+01
1.188047651705552710e+01
1.188044059144293740e+01
1.188038983017712447e+01
1.188033424412395966e+01
1.188028493854773515e+01
1.188025186355748275e+01
1.188024177500351364e+01
1.188025681230652530e+01
1.188029401329464818e+01
1.188034590606928553e+01
1.188040204794538113e+01
1.188045116225427300e+01
1.188048343497455051e+01
1.188049251241354654e+01
1.188047676888112925e+01
1.188043956777992705e+01
1.188038849972430810e+01
1.188033379984088711e+01
1.188028626930908693e+01
1.188025511697361303e+01
1.188024617769473323e+01
1.188026086496560474e+01
1.188029601175740879e+01
1.188034457828865520e+01
1.188039708015601725e+01
1.188044345173518757e+01
1.188047495450058122e+01
1.188048576722973060e+01
1.188047400958699029e+01
1.188044204391561642e+01
1.188039599420787340e+01
1.188034457769073526e+01
1.188029749230427612e+01
1.188026364828437842e+01
1.188024952289788239e+01
1.188025792724197416e+01
1.188028744037853457e+01
1.188033262542498569e+01
1.188038498106474350e+01
1.188043448319952766e+01
1.188047147919989222e+01
1.188048857985187290e+01
1.188048215359987481e+01
1.188045312202989834e+01
1.188040689551796980e+01
1.188035241324349478e+01
1.188030042064697689e+01
1.188026132521849831e+01
1.188024308584527233e+01
1.188024955982413822e+01
1.188027964359602606e+01
1.188032742612995030e+01
1.188038336380573412e+01
1.188043622324127924e+01
1.188047536948030292e+01
1.188049293990186150e+01
1.188048546222691115e+01
1.188045455279223184e+01
1.188040653858808504e+01
1.188035111928442333e+01
1.188029937587744378e+01
1.188026152467902286e+01
1.188024487354865144e+01
1.188025241892081318e+01
1.188028235683869127e+01
1.188032854772003155e+01
1.188038180139646904e+01
1.188043172727896568e+01
1.188046877279924907e+01
1.188048602396729159e+01
1.188048043742148963e+01
1.188045332742241911e+01
1.188041004658188271e+01
1.188035891908496744e+01
1.188030964573484027e+01
1.188027150625035411e+01
1.188025167200448173e+01
1.188025389344534766e+01
1.188027779733386247e+01
1.188031894441181890e+01
1.188036963098820564e+01
1.188042027746612739e+01
1.188046118351326008e+01
1.188048436628638882e+01
1.188048512726174266e+01
1.188046301945279026e+01
1.188042202520192703e+01
1.188036989806441213e+01
1.188031674020804296e+01
1.188027304582634613e+01
1.188024760644910671e+01
1.188024571745777536e+01
1.188026804107799528e+01
1.188031036916573235e+01
1.188036438952097384e+01
1.188041933556699448e+01
1.188046416605580546e+01
1.188048981408676141e+01
1.188049105850249987e+01
1.188046762592987093e+01
1.188042425666491475e+01
1.188036971236100392e+01
1.188031496613920268e+01
1.188027096411635775e+01
1.188024640269504140e+01
1.188024598371838714e+01
1.188026952832796468e+01
1.188031211033204215e+01
1.188036512582639403e+01
1.188041805803134920e+01
1.188046058884546774e+01
1.188048461941703060e+01
1.188048577931203020e+01
1.188046416197472510e+01
1.188042420501595231e+01
1.188037376202161788e+01
1.188032254584866010e+01
1.188028026732258269e+01
1.188025484190327141e+01
1.188025096640443223e+01
1.188026928324945075e+01
1.188030628426139756e+01
1.188035498147073810e+01
1.188040620093008215e+01
1.188045025375954111e+01
1.188047871730442928e+01
1.188048603011079862e+01
1.188047058544817247e+01
1.188043509432191236e+01
1.188038615204878212e+01
1.188033307240717562e+01
1.188028615394948773e+01
1.188025467947587543e+01
1.188024505946442488e+01
1.188025950366033001e+01
1.188029548157332904e+01
1.188034610853917350e+01
1.188040144226434691e+01
1.188045045508836139e+01
1.188048326203639959e+01
1.188049314409854595e+01
1.188047796532708311e+01
1.188044067042821261e+01
1.188038871413421127e+01
1.188033253636823616e+01
1.188028342838040885e+01
1.188025123190361576e+01
1.188024232905291377e+01
1.188025835334651958e+01
1.188029591050018929e+01
1.188034734006781612e+01
1.188040231436474059e+01
1.188044994026902934e+01
1.188048094615277961e+01
1.188048949266615928e+01
1.188047423388511170e+01
1.188043846408613469e+01
1.188038937814065932e+01
1.188033660429814375e+01
1.188029030027392707e+01
1.188025921137107055e+01
1.188024907084248127e+01
1.188026159871021648e+01
1.188029424201512896e+01
1.188034070355281990e+01
1.188039215699010498e+01
1.188043889305571987e+01
1.188047209210226107e+01
1.188048544140787044e+01
1.188047632295898026e+01
1.188044633077678114e+01
1.188040101000289184e+01
1.188034887623943092e+01
1.188029987542433830e+01
1.188026351948042247e+01
1.188024703549371353e+01
1.188025391264994823e+01
1.188028314263542207e+01
1.188032930323042180e+01
1.188038351078354360e+01
1.188043511494694293e+01
1.188047381167211292e+01
1.188049172727363967e+01
1.188048505080836570e+01
1.188045488730602095e+01
1.188040711860462117e+01
1.188035125135174219e+01
1.188029849084677636e+01
1.188025946102818864e+01
1.188024203196442485e+01
1.188024969237086914e+01
1.188028083127575307e+01
1.188032909934870673e+01
1.188038474627309427e+01
1.188043662399566358e+01
1.188047445061468466e+01
1.188049087878717458e+01
1.188048292389528093e+01
1.188045246223177287e+01
1.188040575192762027e+01
1.188035211848101014e+01
1.188030206968092628e+01
1.188026522066640567e+01
1.188024846530793077e+01
1.188025474162236605e+01
1.188028257129914600e+01
1.188032642073785006e+01
1.188037781361193801e+01
1.188042696954818211e+01
1.188046462945162673e+01
1.188048373903364130e+01
1.188048072789981724e+01
1.188045616494155077e+01
1.188041465158038612e+01
1.188036397643946351e+01
1.188031370287364119e+01
1.188027342297552202e+01
1.188025095495680361e+01
1.188025082095618679e+01
1.188027332411555292e+01
1.188031440771330338e+01
1.188036632914247370e+01
1.188041906913052870e+01
1.188046225568086101e+01
1.188048722346212571e+01
1.188048877578898832e+01
1.188046629776143881e+01
1.188042398855128212e+01
1.188037011244741770e+01
1.188031537470379639e+01
1.188027076225060696e+01
1.188024530858398897e+01
1.188024422844747008e+01
1.188026780770077551e+01
1.188031131740421387e+01
1.188036598964140289e+01
1.188042082458917825e+01
1.188046483537024045e+01
1.188048928344368527e+01
1.188048944493560199e+01
1.188046551873403445e+01
1.188042249921435811e+01
1.188036909254586071e+01
1.188031592644687429e+01
1.188027340837273016e+01
1.188024967258986209e+01
1.188024904846193408e+01
1.188027132825844845e+01
1.188031191536738440e+01
1.188036279226169434e+01
1.188041412008027109e+01
1.188045613962185065e+01
1.188048098548101095e+01
1.188048409828217444e+01
1.188046502304953655e+01
1.188042745759342722e+01
1.188037853329955951e+01
1.188032748033604946e+01
1.188028393937977256e+01
1.188025619734973404e+01
1.188024963281177193e+01
1.188026566974196108e+01
1.188030146074669524e+01
1.188035035643830284e+01
1.188040308186163507e+01
1.188044945022741850e+01
1.188048032602460857e+01
1.188048944228835602e+01
1.188047469332752115e+01
1.188043864906497582e+01
1.188038816716502666e+01
1.188033311805276604e+01
1.188028444160789654e+01
1.188025194408222518e+01
1.188024229429363565e+01
1.188025761578842321e+01
1.188029498083734659e+01
1.188034695985715494e+01
1.188040312854154656e+01
1.188045219509129247e+01
1.188048430139904177e+01
1.188049304148100482e+01
1.188047676981609158e+01
1.188043890023977411e+01
1.188038714896968528e+01
1.188033192389795190e+01
1.188028420251227146e+01
1.188025331934149165e+01
1.188024512675730548e+01
1.188026091634738535e+01
1.188029727960317139e+01
1.188034687578383242e+01
1.188039993550900064e+01
1.188044620392983575e+01
1.188047691750819368e+01
1.188048641744364176e+01
1.188047313370037905e+01
1.188043980541280398e+01
1.188039290532772441e+01
1.188034137817251334e+01
1.188029495778416944e+01
1.188026238497102227e+01
1.188024981420085524e+01
1.188025966968509728e+01
1.188029017691800071e+01
1.188033567032119109e+01
1.188038760684169937e+01
1.188043610990353827e+01
1.188047180710444550e+01
1.188048763930665963e+01
1.188048027084851199e+01
1.188045081052658070e+01
1.188040470375292834e+01
1.188035078313342474e+01
1.188029960019788867e+01
1.188026134529643052e+01
1.188024379339501735e+01
1.188025069590728222e+01
1.188028093801066021e+01
1.188032866738678806e+01
1.188038442274140216e+01
1.188043703978350862e+01
1.188047591962687122e+01
1.188049319579127072e+01
1.188048536699384528e+01
1.188045403392457366e+01
1.188040555651888752e+01
1.188034972163797143e+01
1.188029773206035067e+01
1.188025992793758334e+01
1.188024369690902127e+01
1.188025202093917443e+01
1.188028296482934820e+01
1.188033016497596250e+01
1.188038416977409284e+01
1.188043435669452030e+01
1.188047104248197172e+01
1.188048734150202002e+01
1.188048040752492795e+01
1.188045187266249947e+01
1.188040744700224671e+01
1.188035576150803863e+01
1.188030668579230564e+01
1.188026947163950453e+01
1.188025106781777573e+01
1.188025487085361576e+01
1.188028011548222018e+01
1.188032203065863435e+01
1.188037273053195264e+01
1.188042265498208039e+01
1.188046231181395207e+01
1.188048404647353173e+01
1.188048351897572275e+01
1.188046058122482052e+01
1.188041937797903103e+01
1.188036765175784204e+01
1.188031534285437907e+01
1.188027269703985667e+01
1.188024824318252826e+01
1.188024706582863210e+01
1.188026971960172595e+01
1.188031200665098197e+01
1.188036571165928557e+01
1.188042019934296079e+01
1.188046455004904267e+01
1.188048977767720515e+01
1.188049068452815327e+01
1.188046697538010221e+01
1.188042336220228279e+01
1.188036860712946208e+01
1.188031372258162932e+01
1.188026972391855907e+01
1.188024538485293569e+01
1.188024545288920564e+01
1.188026971885373229e+01
1.188031313377913634e+01
1.188036690237466075e+01
1.188042029514620879e+01
1.188046281736497534e+01
1.188048629321227700e+01
1.188048642208934247e+01
1.188046351242426013e+01
1.188042230960582124e+01
1.188037099056999324e+01
1.188031952298093863e+01
1.188027772452356068e+01
1.188025342394093187e+01
1.188025105461381514e+01
1.188027089022291527e+01
1.188030904258969755e+01
1.188035822931177954e+01
1.188040915153549548e+01
1.188045220393913581e+01
1.188047922737043294e+01
1.188048502526178218e+01
1.188046836211062107e+01
1.188043223299723117e+01
1.188038335492105801e+01
1.188033097440172625e+01
1.188028516991962036e+01
1.188025492548253403e+01
1.188024635431162501e+01
1.188026144466635259e+01
1.188029757451428381e+01
1.188034790623804859e+01
1.188040264295527315e+01
1.188045094136212576e+01
1.188048308690106758e+01
1.188049247484131676e+01
1.188047700417040176e+01
1.188043958799946331e+01
1.188038762453026465e+01
1.188033151019737055e+01
1.188028252327308110e+01
1.188025052606946197e+01
1.188024194198454531e+01
1.188025843097475942e+01
1.188029656989936100e+01
1.188034860048837160e+01
1.188040404784172388e+01
1.188045185911806456e+01
1.188048263846399877e+01
1.188049051369550035e+01
1.188047423486280607e+01
1.188043731109656775e+01
1.188038721877212289e+01
1.188033386391422042e+01
1.188028760174911724e+01
1.188025722462899658e+01
1.188024833037257721e+01
1.188026235041671796e+01
1.188029636561174662e+01
1.188034372686990991e+01
1.188039536323191214e+01
1.188044150362017426e+01
1.188047347337123583e+01
1.188048526857726017e+01
1.188047465792727841e+01
1.188044360212745154e+01
1.188039789864123819e+01
1.188034613138408702e+01
1.188029811752737253e+01
1.188026309306203210e+01
1.188024794487446023e+01
1.188025584491561126e+01
1.188028557057556789e+01
1.188033164089022087e+01
1.188038526803045336e+01
1.188043600142649403e+01
1.188047377327416854e+01
1.188049092030195908e+01
1.188048376436688258e+01
1.188045343964716238e+01
1.188040577055406644e+01
1.188035016628272089e+01
1.188029773774427156e+01
1.188025904475180106e+01
1.188024193820687913e+01
1.188024992614238684e+01
1.188028142141019927e+01
1.188033006412016235e+01
1.188038604468234993e+01
1.188043811881634504e+01
1.188047589687212913e+01
1.188049195187365648e+01
1.188048329704018791e+01
1.188045191343509188e+01
1.188040425651271192e+01
1.188034989373106853e+01
1.188029955803391502e+01
1.188026300461169527e+01
1.188024712191769439e+01
1.188025467794493295e+01
1.188028389816700425e+01
1.188032890218132387e+01
1.188038090344087294e+01
1.188042993491867172e+01
1.188046673922964658e+01
1.188048446057186780e+01
1.188047986876485318e+01
1.188045392448156967e+01
1.188041157418556359e+01
1.188036081260314880e+01
1.188031120989784739e+01
1.188027216796043284e+01
1.188025118056718021e+01
1.188025240122358994e+01
1.188027581281461842e+01
1.188031716923954662e+01
1.188036871605665645e+01
1.188042058631249631e+01
1.188046266291643782e+01
1.188048656230092170e+01
1.188048732504016414e+01
1.188046447031693020e+01
1.188042220361176149e+01
1.188036869219389047e+01
1.188031449423779939e+01
1.188027044971047275e+01
1.188024548337103070e+01
1.188024476414582153e+01
1.188026859153510806e+01
1.188031227457281602e+01
1.188036706785539032e+01
1.188042196025102371e+01
1.188046592111261113e+01
1.188049014992769159e+01
1.188048987581541738e+01
1.188046531009756102e+01
1.188042154301525954e+01
1.188036744535685685e+01
1.188031383814234943e+01
1.188027129935068871e+01
1.188024805085009916e+01
1.188024837598371519e+01
1.188027187925797179e+01
1.188031367793161941e+01
1.188036544181018606e+01
1.188041707322547680e+01
1.188045868740361399e+01
1.188048247910688815e+01
1.188048412851368596e+01
1.188046353579459158e+01
1.188042477846618894e+01
1.188037529592992136e+01
1.188032446761188687e+01
1.188028187662948376e+01
1.188025556367999869e+01
1.188025054608552544e+01
1.188026786655519373e+01
1.188030437213096846e+01
1.188035326489761800e+01
1.188040531512830000e+01
1.188045054754998731e+01
1.188048013228085154e+01
1.188048811864593546e+01
1.188047264881477361e+01
1.188043641019677388e+01
1.188038622869187577e+01
1.188033182796512222e+01
1.188028394733551885e+01
1.188025219727848381e+01
1.188024310458436972e+01
1.188025873635112362e+01
1.188029618979308921e+01
1.188034810279712339e+01
1.188040411794782081e+01
1.188045298442963293e+01
1.188048484882328815e+01
1.188049327819380885e+01
1.188047659764262143e+01
1.188043823085764394e+01
1.188038596463998786e+01
1.188033032728361604e+01
1.188028243679153917e+01
1.188025174677317608e+01
1.188024415446576931e+01
1.188026088010064640e+01
1.188029832764108384e+01
1.188034889655396142e+01
1.188040255022973923e+01
1.188044883148803521e+01
1.188047891005328793e+01
1.188048723569276000e+01
1.188047250322415849e+01
1.188043780437350705e+01
1.188038996352406151e+01
1.188033818415596521e+01
1.188029228674023230e+01
1.188026089283578912e+01
1.188024986491047841e+01
1.188026124407749151e+01
1.188029287910607934e+01
1.188033883036172789e+01
1.188039045974498720e+01
1.188043799821137014e+01
1.188047234150089082e+01
1.188048677764857430e+01
1.188047830719359155e+01
1.188044827958529659e+01
1.188040222430527848e+01
1.188034889214011258e+01
1.188029863253930429e+01
1.188026138319527014e+01
1.188024468335176209e+01
1.188025212413408838e+01
1.188028254105690351e+01
1.188033013412465166e+01
1.188038555149302766e+01
1.188043774688819099e+01
1.188047621352220595e+01
1.188049312899052623e+01
1.188048498579290424e+01
1.188045335625153953e+01
1.188040459091068968e+01
1.188034850843980550e+01
1.188029638103284746e+01
1.188025863778681845e+01
1.188024274204686037e+01
1.188025169141482351e+01
1.188028347123193385e+01
1.188033154799326141e+01
1.188038624990402425e+01
1.188043673947633216e+01
1.188047318751174330e+01
1.188048869307715805e+01
1.188048055280382265e+01
1.188045067134950372e+01
1.188040509195619698e+01
1.188035275578833527e+01
1.188030373399922546e+01
1.188026730200515502e+01
1.188025023559839255e+01
1.188025560762758559e+01
1.188028226470785320e+01
1.188032508058063286e+01
1.188037594118455154e+01
1.188042525295951712e+01
1.188046369338392161e+01
1.188048392507007733e+01
1.188048198362812968e+01
1.188045806018502049e+01
1.188041651525159992e+01
1.188036512783232013e+01
1.188031369873818655e+01
1.188027221585709903e+01
1.188024890982529413e+01
1.188024860267731597e+01
1.188027168779682441e+01
1.188031394161842869e+01
1.188036724219202966e+01
1.188042111410198842e+01
1.188046480836815277e+01
1.188048947552454315e+01
1.188048998807057011e+01
1.188046604884124768e+01
1.188042232576281698e+01
1.188036753776517784e+01
1.188031268098357174e+01
1.188026878781189666e+01
1.188024467575583287e+01
1.188024513682897876e+01
1.188026996430452797e+01
1.188031403921734785e+01
1.188036842916156033e+01
1.188042223310563728e+01
1.188046479538392042e+01
1.188048784540243830e+01
1.188048710684487652e+01
1.188046304847474666e+01
1.188042067813512581e+01
1.188036847176370081e+01
1.188031665627636357e+01
1.188027519077035699e+01
1.188025186968336655e+01
1.188025091218483453e+01
1.188027225323314084e+01
1.188031162866821688e+01
1.188036143758143837e+01
1.188041220926128183e+01
1.188045436940211275e+01
1.188047998512719161e+01
1.188048421413434141e+01
1.188046620907599049e+01
1.188042928968074285e+01
1.188038034789930997e+01
1.188032860897807552e+01
1.188028395172753804e+01
1.188025505114081781e+01
1.188024768771345663e+01
1.188026357662294963e+01
1.188029995158905905e+01
1.188034998851489199e+01
1.188040403490292185e+01
1.188045146132006025e+01
1.188048277267613173e+01
1.188049153404995550e+01
1.188047572456262202e+01
1.188043824257832348e+01
1.188038641139533169e+01
1.188033053933836491e+01
1.188028183605605292e+01
1.188025013261187723e+01
1.188024186203238486e+01
1.188025871272432710e+01
1.188029726786594864e+01
1.188034972488434526e+01
1.188040551604029460e+01
1.188045346961312987e+01
1.188048407936878270e+01
1.188049141965452371e+01
1.188047428917728787e+01
1.188043635694233835e+01
1.188038533540099984e+01
1.188033138423133295e+01
1.188028506217052893e+01
1.188025524524670118e+01
1.188024744907098551e+01
1.188026286546590882e+01
1.188029823912398797e+01
1.188034657302425501e+01
1.188039852642406657e+01
1.188044421842174891e+01
1.188047506712902113e+01
1.188048534112662402e+01
1.188047318532728802e+01
1.188044094400329520e+01
1.188039470802917208e+01
1.188034318286750413e+01
1.188029610143798642e+01
1.188026244266351128e+01
1.188024874269054010e+01
1.188025782088072191e+01
1.188028818873332071e+01
1.188033425490238670e+01
1.188038729628570245e+01
1.188043706306341285e+01
1.188047375367701974e+01
1.188048996420170234e+01
1.188048220441077163e+01
1.188045168098214432e+01
1.188040417468721621e+01
1.188034897669827039e+01
1.188029705836455641e+01
1.188025885977917717e+01
1.188024216150211920e+01
1.188025046153290631e+01
1.188028220178943783e+01
1.188033104905508353e+01
1.188038718848423336e+01
1.188043933396582297e+01
1.188047702823966212e+01
1.188049277617120580e+01
1.188048356523987437e+01
1.188045143241541979e+01
1.188040297521793853e+01
1.188034795754119877e+01
1.188029731397833721e+01
1.188026094784958886e+01
1.188024578102918660e+01
1.188025446545976394e+01
1.188028497927030180e+01
1.188033112540712644e+01
1.188038381063777926e+01
1.188043285459475129e+01
1.188046895241496870e+01
1.188048539484342747e+01
1.188047925614742617e+01
1.188045187822758919e+01
1.188040856966751413e+01
1.188035757319692642e+01
1.188030851901504903e+01
1.188027066200417359e+01
1.188025118931329160e+01
1.188025387526506549e+01
1.188027834712573849e+01
1.188032011772662955e+01
1.188037137031307822e+01
1.188042236139791896e+01
1.188046323122220116e+01
1.188048590812385008e+01
1.188048571874934112e+01
1.188046237095609925e+01
1.188042011780979834e+01
1.188036704045614833e+01
1.188031352775208482e+01
1.188027022729046323e+01
1.188024589964070188e+01
1.188024561769089793e+01
1.188026966788289585e+01
1.188031340557926363e+01
1.188036814675045783e+01
1.188042292324984217e+01
1.188046671494944029e+01
1.188049069837070526e+01
1.188049006429348253e+01
1.188046501000614796e+01
1.188042067148153969e+01
1.188036602865274460e+01
1.188031205033465199e+01
1.188026946262930394e+01
1.188024658561844227e+01
1.188024769768456501e+01
1.188027227019509269e+01
1.188031518317412250e+01
1.188036782398549462e+01
1.188041983880578556e+01
1.188046118866920864e+01
1.188048407811257512e+01
1.188048437511366373e+01
1.188046229947555155e+01
1.188042229774528913e+01
1.188037213498553157e+01
1.188032138287156059e+01
