1.188024147592622626e+01
1.188029761089274317e+01
1.188039975569112272e+01
1.188042771206567494e+01
1.188034976153898725e+01
1.188025982238939626e+01
1.188026537894560164e+01
1.188035953178822268e+01
1.188042930299547884e+01
1.188039028822903376e+01
1.188028749456521282e+01
1.188024233904572569e+01
1.188030862257449449e+01
1.188040854373386424e+01
1.188042481085942725e+01
1.188033951172745439e+01
1.188025489367295684e+01
1.188027153875410491e+01
1.188036882357551072e+01
1.188042972969948430e+01
1.188038041114207033e+01
1.188027847621700595e+01
1.188024488372392717e+01
1.188032026055330270e+01
1.188041636839883530e+01
1.188042048698146225e+01
1.188032883723111155e+01
1.188025067414280755e+01
1.188027832659581939e+01
1.188037767355453589e+01
1.188042914411862050e+01
1.188037035448277834e+01
1.188027067907875889e+01
1.188024898166312582e+01
1.188033221166845621e+01
1.188042296101037643e+01
1.188041468661488054e+01
1.188031786102249932e+01
1.188024729856159745e+01
1.188028579978310084e+01
1.188038612861588916e+01
1.188042767781954367e+01
1.188036029056843645e+01
1.188026414512739137e+01
1.188025443728975716e+01
1.188034414714451081e+01
1.188042809711868841e+01
1.188040743262896370e+01
1.188030677580306893e+01
1.188024494138849896e+01
1.188029402460935202e+01
1.188039421980651511e+01
1.188042542127723245e+01
1.188035032606828523e+01
1.188025884434092561e+01
1.188026101217422870e+01
1.188035575306482627e+01
1.188043162059235769e+01
1.188039883289387078e+01
1.188029583457003113e+01
1.188024379464734537e+01
1.188030304985763408e+01
1.188040193970444136e+01
1.188042241185015335e+01
1.188034050508525930e+01
1.188025469337334883e+01
1.188026845378531426e+01
1.188036675834643496e+01
1.188043345922954330e+01
1.188038907730527960e+01
1.188028533124455599e+01
1.188024404067900086e+01
1.188031288162238575e+01
1.188040922693111234e+01
1.188041863223164007e+01
1.188033082245031302e+01
1.188025158053853758e+01
1.188027652421226676e+01
1.188037695613775213e+01
1.188043362955774818e+01
1.188037842376205155e+01
1.188027557405612811e+01
1.188024582392286987e+01
1.188032346354314051e+01
1.188041596039549752e+01
1.188041401954382792e+01
1.188032124489528485e+01
1.188024939307693550e+01
1.188028502455559554e+01
1.188038621560957253e+01
1.188043223016760130e+01
1.188036717505973705e+01
1.188026685554546980e+01
1.188024922609280054e+01
1.188033466576709429e+01
1.188042196438061460e+01
1.188040848360533808e+01
1.188031173658780126e+01
1.188024804239175936e+01
1.188029381142052898e+01
1.188039448262472852e+01
1.188042942470139529e+01
1.188035565008004824e+01
1.188025942361824328e+01
1.188025424865313084e+01
1.188034628465331899e+01
1.188042702391720340e+01
1.188040193148770385e+01
1.188030228486609374e+01
1.188024748331026892e+01
1.188030280321468979e+01
1.188040176950088878e+01
1.188042541720119871e+01
1.188034415353597595e+01
1.188025345795198362e+01
1.188026080541889407e+01
1.188035805359288233e+01
1.188043090828655579e+01
1.188039429448562068e+01
1.188029292198939935e+01
1.188024772438081911e+01
1.188031197554597362e+01
1.188040813574771803e+01
1.188042042366141438e+01
1.188033294873204326e+01
1.188024905524281394e+01
1.188026872656127075e+01
1.188036966359557667e+01
1.188043339919808261e+01
1.188038555321036149e+01
1.188028373932078807e+01
1.188024882760691270e+01
1.188032134669075290e+01
1.188041366300853241e+01
1.188041464415488413e+01
1.188032223729362435e+01
1.188024622540844888e+01
1.188027777353917003e+01
1.188038079075578679e+01
1.188043431940361927e+01
1.188037575674644764e+01
1.188027489149889249e+01
1.188025089764143516e+01
1.188033095561097063e+01
1.188041842827227690e+01
1.188040823974327687e+01
1.188031214869982044e+01
1.188024489916319482e+01
1.188028766278362980e+01
1.188039112660808883e+01
1.188043355737445061e+01
1.188036503266755872e+01
1.188026658967404359e+01
1.188025406208451251e+01
1.188034083612509306e+01
1.188042247963440978e+01
1.188040131758318552e+01
1.188030274091009630e+01
1.188024494562669631e+01
1.188029809460992148e+01
1.188040040690321320e+01
1.188043108421706506e+01
1.188035358607543834e+01
1.188025908456586066e+01
1.188025844591359004e+01
1.188035099142571838e+01
1.188042581845526513e+01
1.188039392633587710e+01
1.188029401165573518e+01
1.188024619710314411e+01
1.188030878304300231e+01
1.188040843456352569e+01
1.188042696016746191e+01
1.188034168750515285e+01
1.188025264169348816e+01
1.188026414401859121e+01
1.188036137309957496e+01
1.188042839076404356e+01
1.188038606238574957e+01
1.188028591834198266e+01
1.188024847710908816e+01
1.188031948214026734e+01
1.188041509348209601e+01
1.188042132960375241e+01
1.188032965127241702e+01
1.188024751238800647e+01
1.188027119616774741e+01
1.188037186814482560e+01
1.188043008933361655e+01
1.188037768571261488e+01
1.188027840322001083e+01
1.188025162729344508e+01
1.188033000498922753e+01
1.188042035126205853e+01
1.188041440529512727e+01
1.188031780734355536e+01
1.188024390491083793e+01
1.188027956842167221e+01
1.188038229628312514e+01
1.188043076621246996e+01
1.188036874278830091e+01
1.188027141972455425e+01
1.188025552913379279e+01
1.188034023273955242e+01
1.188042425071585662e+01
1.188040644427062276e+01
1.188030647083689573e+01
1.188024196004411870e+01
1.188028914407578362e+01
1.188039241829926596e+01
1.188043025388377316e+01
1.188035919279197294e+01
1.188026495573423347e+01
1.188026011715489716e+01
1.188035011259862905e+01
1.188042689167370902e+01
1.188039771897019747e+01
1.188029591364144544e+01
1.188024173486899215e+01
1.188029972577516702e+01
1.188040195443918101e+01
1.188042839186521782e+01
1.188034903291469568e+01
1.188025905000675841e+01
1.188026538175324731e+01
1.188035964542510214e+01
1.188042840611288575e+01
1.188038848802978009e+01
1.188028634230231972e+01
1.188024319720169331e+01
1.188031104873012289e+01
1.188041061031672818e+01
1.188042505467408283e+01
1.188033831863046608e+01
1.188025379909156598e+01
1.188027136131841921e+01
1.188036886513419255e+01
1.188042893059144589e+01
1.188037897105109231e+01
1.188027788533038454e+01
1.188024623151282633e+01
1.188032280323519707e+01
1.188041810657201935e+01
1.188042017680420415e+01
1.188032717554044737e+01
1.188024935347586997e+01
1.188027812498221891e+01
1.188037781335184917e+01
1.188042858031792548e+01
1.188036933103010639e+01
1.188027059161275645e+01
1.188025065537993719e+01
1.188033466323864396e+01
1.188042420788876541e+01
1.188041377075350091e+01
1.188031580065276493e+01
1.188024590336969410e+01
1.188028574876421395e+01
1.188038651345143037e+01
1.188042742887506975e+01
1.188035966688720180e+01
1.188026443987531522e+01
1.188025624390471791e+01
1.188034631676303299e+01
1.188042874703060825e+01
1.188040593515941978e+01
1.188030445256628020e+01
1.188024365614345612e+01
1.188029428891195671e+01
1.188039494818327668e+01
1.188042549670323567e+01
1.188035001695844173e+01
1.188025935745456785e+01
1.188026275832545409e+01
1.188035749369828409e+01
1.188043164029955179e+01
1.188039685159953684e+01
1.188029343174512675e+01
1.188024280875780825e+01
1.188030375670194694e+01
1.188040304455672924e+01
1.188042275008124982e+01
1.188034037261810028e+01
1.188025524523854948e+01
1.188026997445870947e+01
1.188036798692082030e+01
1.188043289214121678e+01
1.188038677036326263e+01
1.188028305363319426e+01
1.188024351935957945e+01
1.188031409879489431e+01
1.188041066853413064e+01
1.188041911072433088e+01
1.188033069966228261e+01
1.188025200474248777e+01
1.188027770669715011e+01
1.188037766376153748e+01
1.188043258830599136e+01
1.188037598721672872e+01
1.188027361850972952e+01
1.188024588241682800e+01
1.188032518643778168e+01
1.188041763060245160e+01
1.188041447448611443e+01
1.188032096391506975e+01
1.188024956301796564e+01
1.188028582404080424e+01
1.188038646636813667e+01
1.188043087874626202e+01
1.188036481458312821e+01
1.188026538253262387e+01
1.188024991128117058e+01
1.188033681548255238e+01
1.188042370161625350e+01
1.188040873624219174e+01
1.188031115688811035e+01
1.188024789147915961e+01
1.188029425591551025e+01
1.188039440123333357e+01
1.188042795299722698e+01
1.188035355141470006e+01
1.188025853425738809e+01
1.188025553095999598e+01
1.188034871754015143e+01
1.188042863670299987e+01
1.188040181705279785e+01
1.188030131731637518e+01
1.188024701569473862e+01
1.188030298712605237e+01
1.188040151981370407e+01
1.188042401190525865e+01
1.188034245620389839e+01
1.188025318007815123e+01
1.188026258232159904e+01
1.188036058086065339e+01
1.188043220373301878e+01
1.188039368930162176e+01
1.188029154500853757e+01
1.188024701459086430e+01
1.188031204295957721e+01
1.188040789349425808e+01
1.188041924006662420e+01
1.188033172705068452e+01
1.188024934064927329e+01
1.188027083719036270e+01
1.188037207799972350e+01
1.188043421208937822e+01
1.188038439575698746e+01
1.188028200460315986e+01
1.188024800913486878e+01
1.188032146695241842e+01
1.188041358697059025e+01
1.188041378315958774e+01
1.188032149156724948e+01
1.188024695864018554e+01
1.188028002210295497e+01
1.188038289624781640e+01
1.188043453736021071e+01
1.188037405937868840e+01
1.188027291835311594e+01
1.188025014218851183e+01
1.188033129494834483e+01
1.188041863431552514e+01
1.188040773353896462e+01
1.188031180785199048e+01
1.188024591642960281e+01
1.188028984716387981e+01
1.188039276634535213e+01
1.188043313815245838e+01
1.188036288208059510e+01
1.188026454874897198e+01
1.188025355259965110e+01
1.188034152965011714e+01
1.188042302155355578e+01
1.188040112615184718e+01
1.188030267605039647e+01
1.188024606083792989e+01
1.188030003567640591e+01
1.188040148526416218e+01
1.188043006241340294e+01
1.188035113235159201e+01
1.188025717338625853e+01
1.188025834753443277e+01
1.188035211981483208e+01
1.188042667855523504e+01
1.188039394523032577e+01
1.188029405840832275e+01
1.188024723096183521e+01
1.188031035015089287e+01
1.188040892976498597e+01
1.188042544226097341e+01
1.188033912337147235e+01
1.188025105572949691e+01
1.188026457738773267e+01
1.188036294756629552e+01
1.188042948163303869e+01
1.188038614056215536e+01
1.188028590445347987e+01
1.188024928476399822e+01
1.188032061090895830e+01
1.188041505888799243e+01
1.188041947810426535e+01
1.188032718475267124e+01
1.188024641612030230e+01
1.188027221727984895e+01
1.188037382608463233e+01
1.188043126657760595e+01
1.188037765067443097e+01
1.188027817719526169e+01
1.188025212033100964e+01
1.188033070469703389e+01
1.188041990525750791e+01
1.188041241448933683e+01
1.188031563204474139e+01
1.188024340739272589e+01
1.188028115818713637e+01
1.188038450835602333e+01
1.188043185025672166e+01
1.188036842920023695e+01
1.188027087611022026e+01
1.188025568858704162e+01
1.188034058229499657e+01
1.188042355680149953e+01
1.188040451136247455e+01
1.188030473848742474e+01
1.188024209878193105e+01
1.188029120929920168e+01
1.188039470595676228e+01
1.188043105754914386e+01
1.188035847018776536e+01
1.188026405318903933e+01
1.188025999559411972e+01
1.188035024580393895e+01
1.188042613192916264e+01
1.188039601510534560e+01
1.188029471313368468e+01
1.188024247054420357e+01
1.188030211146931414e+01
1.188040411526831441e+01
1.188042874950837735e+01
1.188034782823397428e+01
1.188025781938226721e+01
1.188026509417717413e+01
1.188035972786386907e+01
1.188042775215996016e+01
1.188038713366960231e+01
1.188028568845066246e+01
1.188024442005088055e+01
1.188031355990086624e+01
1.188041244732528057e+01
1.188042484839298396e+01
1.188033663007147567e+01
1.188025234024429366e+01
1.188027106624832285e+01
1.188036906626028966e+01
1.188042851652417653e+01
1.188037801944297023e+01
1.188027771901493779e+01
1.188024777834486656e+01
1.188032523277114727e+01
1.188041945688541112e+01
1.188041935561527396e+01
1.188032507551082340e+01
1.188024782123058998e+01
1.188027799863586864e+01
1.188037827805983504e+01
1.188042848172530874e+01
1.188036876223731575e+01
1.188027079119428286e+01
1.188025233454449925e+01
1.188033682157150750e+01
1.188042496639063117e+01
1.188041235970290366e+01
1.188031342725977346e+01
1.188024448471202277e+01
1.188028595624306405e+01
1.188038733747734810e+01
1.188042765113079469e+01
1.188035939320467982e+01
1.188026484202644717e+01
1.188025786430139696e+01
1.188034805869242660e+01
1.188042888125849750e+01
1.188040403288601254e+01
1.188030199086560579e+01
1.188024254208964514e+01
1.188029495681531245e+01
1.188039616111214691e+01
1.188042597428409763e+01
1.188034989880442893e+01
1.188025978412619565e+01
1.188026415794919011e+01
1.188035873824101429e+01
1.188043119428450112e+01
1.188039461667945496e+01
1.188029108758383678e+01
1.188024216521266396e+01
1.188030495140408860e+01
1.188040460307809809e+01
1.188042335701095809e+01
1.188034024241548181e+01
1.188025553257908484e+01
1.188027104409637680e+01
1.188036872716645576e+01
1.188043197862828038e+01
1.188038439854043737e+01
1.188028102411217901e+01
1.188024346147898846e+01
1.188031581379463120e+01
1.188041246104782900e+01
1.188041968056233522e+01
1.188033039003263980e+01
1.188025202953251735e+01
1.188027840518404687e+01
1.188037796529886414e+01
1.188043137062194177e+01
1.188037368306409469e+01
1.188027206364821176e+01
1.188024645648719080e+01
1.188032734082330322e+01
1.188041949255286589e+01
1.188041482683286709e+01
1.188032033586983616e+01
1.188024926259441472e+01
1.188028618281313342e+01
1.188038645462865617e+01
1.188042954518896899e+01
1.188036276200750585e+01
1.188026440254231986e+01
1.188025108697931742e+01
1.188033926384623307e+01
1.188042543927849160e+01
1.188040870572426044e+01
1.188031012369940065e+01
1.188024727412533821e+01
1.188029437223961793e+01
1.188039423979345699e+01
1.188042668775484145e+01
1.188035188757539728e+01
1.188025815594991030e+01
1.188025720523821249e+01
1.188035126988988743e+01
1.188043005581254086e+01
1.188040128033784804e+01
1.188029986038656816e+01
1.188024615991293942e+01
1.188030300709774068e+01
1.188040138305192883e+01
1.188042296700487910e+01
1.188034125284650422e+01
1.188025335448306308e+01
1.188026459433301163e+01
1.188036302949177347e+01
1.188043313855720839e+01
1.188039258594930914e+01
1.188028971924582677e+01
1.188024605734507233e+01
1.188031213689957255e+01
1.188040793782229798e+01
1.188041851264434889e+01
1.188033098206856941e+01
1.188024995215144664e+01
1.188027299192901154e+01
1.188037422717570024e+01
1.188043455042473973e+01
1.188038273961742775e+01
1.188027993238888946e+01
1.188024712481675493e+01
1.188032180096245582e+01
1.188041392504166716e+01
1.188041340148833314e+01
1.188032113199625428e+01
1.188024784414452029e+01
1.188028211906593867e+01
1.188038459007931458e+01
1.188043423754105277e+01
1.188037193868483499e+01
1.188027077293031830e+01
1.188024951548102059e+01
1.188033200297672742e+01
1.188041931614516145e+01
1.188040765389157727e+01
1.188031170373731094e+01
1.188024689151762914e+01
1.188029170957312353e+01
1.188039391053792571e+01
1.188043223539192539e+01
1.188036044813367198e+01
1.188026252950972150e+01
1.188025334937561794e+01
1.188034269035929569e+01
1.188042402544152232e+01
1.188040124092593786e+01
1.188030266297329796e+01
1.188024694883315391e+01
1.188030153574336190e+01
1.188040205938159133e+01
1.188042866347485216e+01
1.188034857849359405e+01
1.188025547682648231e+01
1.188025868827513776e+01
1.188035374184464743e+01
1.188042791322349601e+01
1.188039410106213722e+01
1.188029396516740732e+01
1.188024789041974039e+01
1.188031142652552141e+01
1.188040898816285207e+01
1.188042370930075720e+01
1.188033665748219292e+01
1.188024984655641170e+01
1.188026551726593638e+01
1.188036496553571375e+01
1.188043079930351986e+01
1.188038616365502520e+01
1.188028558164361925e+01
1.188024963119128508e+01
1.188032127570309981e+01
1.188041472025724588e+01
1.188041760423080007e+01
1.188032499954062438e+01
1.188024580300865374e+01
1.188027373605732073e+01
1.188037610804604505e+01
1.188043248504882499e+01
1.188037737547692885e+01
1.188027752231357148e+01
1.188025213885378051e+01
1.188033103909982380e+01
1.188041933248655724e+01
1.188041059486781137e+01
1.188031387774788428e+01
1.188024342717685933e+01
1.188028316156887065e+01
1.188038687365022561e+01
1.188043278064540331e+01
1.188036772604665359e+01
1.188026985134986191e+01
1.188025543567714948e+01
1.188034072154500187e+01
1.188042293033867836e+01
1.188040291435762796e+01
1.188030350220509312e+01
1.188024271154944422e+01
1.188029354159815831e+01
1.188039695078511215e+01
1.188043153345685354e+01
1.188035726764064748e+01
1.188026269317713002e+01
1.188025958961707751e+01
1.188035035588585764e+01
1.188042562078610231e+01
1.188039475790380628e+01
1.188029400794729895e+01
1.188024356637815693e+01
1.188030457765220760e+01
1.188040604206395834e+01
1.188042865310503871e+01
1.188034612663771661e+01
1.188025622762444478e+01
1.188026469620513303e+01
1.188035997752779771e+01
1.188042748701183093e+01
1.188038626608540227e+01
1.188028545393900615e+01
1.188024583633352194e+01
1.188031595359982262e+01
1.188041389337590381e+01
1.188042412933945968e+01
1.188033450414009629e+01
1.188025067474413810e+01
1.188027085405039607e+01
1.188036959865030084e+01
1.188042856900575650e+01
1.188037751831678612e+01
1.188027783298808338e+01
1.188024932488661634e+01
1.188032736590460559e+01
1.188042031775137986e+01
1.188041803982872047e+01
1.188032266544712456e+01
1.188024627141229672e+01
1.188027813780540498e+01
1.188037918629379064e+01
1.188042885306020935e+01
1.188036853720301878e+01
1.188027109074271870e+01
1.188025382260212481e+01
1.188033855097658531e+01
1.188042521047086275e+01
1.188041054654355833e+01
1.188031091968753117e+01
1.188024324313846414e+01
1.188028657288834644e+01
1.188038864793395000e+01
1.188042827181317485e+01
1.188035930286769037e+01
1.188026515057576304e+01
1.188025913498385933e+01
1.188034930566556469e+01
1.188042855325460323e+01
1.188040188116495699e+01
1.188029959246758693e+01
1.188024177531559111e+01
1.188029611604409475e+01
1.188039782703335412e+01
1.188042671486554802e+01
1.188034977481135357e+01
1.188025994030769716e+01
1.188026510565292071e+01
1.188035949802478974e+01
1.188043040706988407e+01
1.188039232165468206e+01
1.188028899550991291e+01
1.188024198829467259e+01
1.188030664498484512e+01
1.188040650954459743e+01
1.188042404836968657e+01
1.188033991771681386e+01
1.188025541649025385e+01
1.188027163142221987e+01
1.188036906700981277e+01
1.188043089485092807e+01
1.188038216348933673e+01
1.188027939775148312e+01
1.188024392013165986e+01
1.188031795899070531e+01
1.188041444065357766e+01
1.188042014058849283e+01
1.188032972701478407e+01
1.188025158238685108e+01
1.188027866712211811e+01
1.188037801149403982e+01
1.188043017695893866e+01
1.188037168986006620e+01
1.188027100215309062e+01
1.188024751970102422e+01
1.188032979067378392e+01
1.188042134944916484e+01
1.188041488946567270e+01
1.188031925004457534e+01
1.188024849677181649e+01
1.188028621962538978e+01
1.188038637060881086e+01
1.188042842327901738e+01
1.188036114525527864e+01
1.188026393158078164e+01
1.188025265127935981e+01
1.188034182737589717e+01
1.188042697793493829e+01
1.188040824787827177e+01
1.188030859928948146e+01
1.188024627208054618e+01
1.188029433217579722e+01
1.188039419871146940e+01
1.188042578630114754e+01
1.188035071626605621e+01
1.188025822570000756e+01
1.188025910992929468e+01
1.188035373915700355e+01
1.188043111006710895e+01
1.188040024253224658e+01
1.188029795534927047e+01
1.188024506207387532e+01
1.188030306160410277e+01
1.188040153906493401e+01
1.188042237931247946e+01
1.188034052228935167e+01
1.188025384911044391e+01
1.188026664534659105e+01
1.188036520928836204e+01
1.188043359643965502e+01
1.188039098338272481e+01
1.188028755886815446e+01
1.188024504079912802e+01
1.188031245210754072e+01
1.188040840047529301e+01
1.188041826298727699e+01
1.188033061724619088e+01
1.188025070922053139e+01
1.188027499054211233e+01
1.188037596276543439e+01
1.188043437086786902e+01
1.188038066188660125e+01
1.188027769234031794e+01
1.188024637600012134e+01
1.188032250981670224e+01
1.188041474066281111e+01
1.188041344233769792e+01
1.188032100172955552e+01
1.188024868089001806e+01
1.188028389102186999e+01
1.188038578867021222e+01
1.188043345635510661e+01
1.188036953811131902e+01
1.188026865430672530e+01
1.188024920103824833e+01
1.188033318229085644e+01
1.188042045910836997e+01
1.188040787438488266e+01
1.188031164340934787e+01
1.188024763387991634e+01
1.188029313010817134e+01
1.188039455318848070e+01
1.188043095956833817e+01
1.188035791845840805e+01
1.188026072968152747e+01
1.188025358968567069e+01
1.188034434637177306e+01
1.188042540067013064e+01
1.188040148526328998e+01
1.188030250228444729e+01
1.188024745878338528e+01
1.188030254670403174e+01
1.188040220156010918e+01
1.188042705472908445e+01
1.188034612722915639e+01
1.188025416059793749e+01
1.188025953777589905e+01
1.188035580657922985e+01
1.188042936961205065e+01
1.188039419402071140e+01
1.188029355665900511e+01
1.188024808740730087e+01
1.188031204302111554e+01
1.188040874896419119e+01
1.188042195945308599e+01
1.188033447621912941e+01
1.188024912212491913e+01
1.188026695468950145e+01
1.188036730462754775e+01
1.188043215206897329e+01
1.188038593933221421e+01
1.188028482562790344e+01
1.188024950447226402e+01
1.188032158136672933e+01
1.188041426203721684e+01
1.188041590628382238e+01
1.188032323682017122e+01
1.188024570647445444e+01
1.188027566616047537e+01
1.188037853892156903e+01
1.188043354363466797e+01
1.188037670486298580e+01
1.188027638439169920e+01
1.188025174885350843e+01
1.188033117077022638e+01
1.188041883412699917e+01
1.188040911427390256e+01
1.188031261868933619e+01
1.188024391800980339e+01
1.188028542814461197e+01
1.188038919132076643e+01
1.188043337790942289e+01
1.188036653917070140e+01
1.188026836980648326e+01
1.188025490419420471e+01
1.188034084577192573e+01
1.188042255829268434e+01
1.188040176489301203e+01
1.188030275799102320e+01
1.188024367969051731e+01
1.188029594977433590e+01
1.188039895729460405e+01
1.188043155162589315e+01
1.188035556682231686e+01
1.188026097505636436e+01
1.188025908035376332e+01
1.188035064087820736e+01
1.188042550234825079e+01
1.188039398580992412e+01
1.188029371670898904e+01
1.188024484982347673e+01
1.188030692201473215e+01
1.188040757502712985e+01
1.188042804243660910e+01
1.188034398870998665e+01
1.188025443400520587e+01
1.188026438857314737e+01
1.188036056483875491e+01
1.188042768988656483e+01
1.188038584483662063e+01
1.188028549280606327e+01
1.188024724641613794e+01
1.188031804776371558e+01
1.188041484916510448e+01
1.188042291653738403e+01
1.188033207119824830e+01
1.188024899739483153e+01
1.188027091423857406e+01
1.188037057893518345e+01
1.188042909027521077e+01
1.188037735473669798e+01
1.188027803935220383e+01
1.188025067529703982e+01
1.188032906894569862e+01
1.188042066572736744e+01
1.188041632485431265e+01
1.188032012546904781e+01
1.188024490436196956e+01
1.188027869154924154e+01
1.188038058287695620e+01
1.188042961922925400e+01
1.188036848792938294e+01
1.188027128939883070e+01
1.188025495765018391e+01
1.188033978665900037e+01
1.188042499607092495e+01
1.188040848829168183e+01
1.188030847997521633e+01
1.188024235353251257e+01
1.188028768416561576e+01
1.188039041075932367e+01
1.188042914994031207e+01
1.188035919861143874e+01
1.188026518254388542e+01
1.188025995277105729e+01
1.188035007155888856e+01
1.188042788951375961e+01
1.188039967423438270e+01
1.188029745001150417e+01
1.188024147808101816e+01
1.188029777505136764e+01
1.188039983801051491e+01
1.188042753311336241e+01
1.188034944868965859e+01
1.188025968892045370e+01
1.188026557265015271e+01
1.188035986319990300e+01
1.188042945596479960e+01
1.188039016784207824e+01
1.188028730887937101e+01
1.188024232857973317e+01
1.188030876734249830e+01
1.188040859856273457e+01
1.188042462287013379e+01
1.188033923332725372e+01
1.188025482676975386e+01
1.188027178628802183e+01
1.188036915877174948e+01
1.188042984142591507e+01
1.188038024244684721e+01
1.188027826487638627e+01
1.188024486628474286e+01
1.188032039638797599e+01
1.188041640987983527e+01
1.188042030452995235e+01
1.188032860194350704e+01
1.188025067075599850e+01
1.188027861323891621e+01
1.188037799327689470e+01
1.188042920027663918e+01
1.188037013345376280e+01
1.188027044742546323e+01
1.188024896790146911e+01
1.188033235137116606e+01
1.188042300221407288e+01
1.188041451992644149e+01
1.188031767116666870e+01
1.188024734959805429e+01
1.188028610753127268e+01
1.188038641447636046e+01
1.188042766867992839e+01
1.188036001954432486e+01
1.188026390422511369e+01
1.188025444109671547e+01
1.188034430341931547e+01
1.188042814775224443e+01
1.188040728622928377e+01
1.188030662743888755e+01
1.188024503322876413e+01
1.188029433458488704e+01
1.188039445669404870e+01
1.188042534320846499e+01
1.188035001380480971e+01
1.188025860958729574e+01
1.188026104836826491e+01
1.188035593608649521e+01
1.188043168527441296e+01
1.188039870518425900e+01
1.188029571854129962e+01
1.188024391131271607e+01
1.188030334482640882e+01
1.188040211771683907e+01
1.188042226793778511e+01
1.188034016584111896e+01
1.188025448241061888e+01
1.188026853561352958e+01
1.188036697372474038e+01
1.188043353660588863e+01
1.188038896113025977e+01
1.188028523501854572e+01
1.188024416631771807e+01
1.188031314823928852e+01
1.188040934254363989e+01
1.188041843192289981e+01
1.188033047424473487e+01
1.188025141078421143e+01
1.188027666105707425e+01
1.188037720360090610e+01
1.188043371239864499e+01
1.188037830787918381e+01
1.188027548407139022e+01
1.188024594523258948e+01
1.188032369398548482e+01
1.188041601669093872e+01
1.188041377737066284e+01
1.188032090719951483e+01
1.188024927925107121e+01
1.188028522020271538e+01
1.188038648861447655e+01
1.188043230643133796e+01
1.188036704627765339e+01
1.188026675969744872e+01
1.188024933430308039e+01
1.188033485850660043e+01
1.188042197030608271e+01
1.188040821717664031e+01
1.188031142779622229e+01
1.188024799441501145e+01
1.188029406315461678e+01
1.188039476895491298e+01
1.188042947939546146e+01
1.188035549572412819e+01
1.188025931348860986e+01
1.188025434075760423e+01
1.188034644424772246e+01
1.188042699268011582e+01
1.188040165905148982e+01
1.188030201992457791e+01
1.188024750488844816e+01
1.188030310188012351e+01
1.188040205275926020e+01
1.188042543474783841e+01
1.188034396384954761e+01
1.188025333042715737e+01
1.188026088446293826e+01
1.188035818952969613e+01
1.188043085513463559e+01
1.188039403242783365e+01
1.188029271053497027e+01
1.188024781248739892e+01
1.188031230656323523e+01
1.188040839751457156e+01
1.188042039039764930e+01
1.188033271883282715e+01
1.188024891326415755e+01
1.188026880093983628e+01
1.188036978836912638e+01
1.188043333892525943e+01
1.188038531386918528e+01
1.188028358461112077e+01
1.188024897294062399e+01
1.188032169187565401e+01
1.188041388533589426e+01
1.188041455057957307e+01
1.188032196837744792e+01
1.188024607773489549e+01
1.188027785541640746e+01
1.188038091748085634e+01
1.188043426396933810e+01
1.188037554687591779e+01
1.188027479029293332e+01
1.188025108599081747e+01
1.188033129552447420e+01
1.188041859613768025e+01
1.188040808216600119e+01
1.188031184830336962e+01
1.188024475918365219e+01
1.188028776588578594e+01
1.188039126654858357e+01
1.188043351400944125e+01
1.188036485278741416e+01
1.188026653308217462e+01
1.188025427639527187e+01
1.188034115260323453e+01
1.188042258298539267e+01
1.188040109892391705e+01
1.188030242219191734e+01
1.188024482940902438e+01
1.188029823174219324e+01
1.188040056730904936e+01
1.188043105431455437e+01
1.188035343080836270e+01
1.188025905973996821e+01
1.188025866874786729e+01
1.188035126991152346e+01
1.188042585353879765e+01
1.188039365595454910e+01
1.188029369180600625e+01
1.188024612098445054e+01
1.188030896372358924e+01
1.188040861716033625e+01
1.188042693913584635e+01
1.188034154684864419e+01
1.188025263409647714e+01
1.188026436003322139e+01
1.188036160442755751e+01
1.188042836054220608e+01
1.188038575496759286e+01
1.188028561636333080e+01
1.188024845520077477e+01
1.188031971072416937e+01
1.188041529385410300e+01
1.188042130770416627e+01
1.188032951260420234e+01
1.188024750828962794e+01
1.188027139423249601e+01
1.188037204950890846e+01
1.188043000292328699e+01
1.188037735937610506e+01
1.188027813741499195e+01
1.188025166928416532e+01
1.188033027957498966e+01
1.188042055922582563e+01
1.188041436933040274e+01
1.188031765784221960e+01
1.188024389371829770e+01
1.188027974305072476e+01
1.188038243124104376e+01
1.188043063743299754e+01
1.188036841669842403e+01
1.188027120526715308e+01
1.188025563872458434e+01
1.188034054502809056e+01
1.188042445162614591e+01
1.188040637985711712e+01
1.188030629993233234e+01
1.188024193609949997e+01
1.188028929594976191e+01
1.188039251581273881e+01
1.188043009913133830e+01
1.188035888463548240e+01
1.188026480268847251e+01
1.188026029136261918e+01
1.188035044872561308e+01
1.188042706845741669e+01
1.188039761303286745e+01
1.188029571510503324e+01
1.188024169842853972e+01
1.188029986127201632e+01
1.188040202709791338e+01
1.188042822763625495e+01
1.188034875661557344e+01
1.188025896208802479e+01
1.188026561118642377e+01
1.188035998763996126e+01
1.188042854171620277e+01
1.188038833112820392e+01
1.188028611564485004e+01
1.188024315444119061e+01
1.188031117853907404e+01
1.188041067202266632e+01
1.188042489511661870e+01
1.188033808264983016e+01
1.188025377335560151e+01
1.188027163138426090e+01
1.188036919407218761e+01
1.188042901046490485e+01
1.188037875917342134e+01
1.188027763628658917e+01
1.188024619355827305e+01
1.188032294027376068e+01
1.188041817004717871e+01
1.188042003167489113e+01
1.188032698201900494e+01
1.188024938098231686e+01
1.188027841784467498e+01
1.188037811055827575e+01
1.188042859456151845e+01
1.188036906657749725e+01
1.188027033163610291e+01
1.188025063651725155e+01
1.188033482020402687e+01
1.188042428240029125e+01
1.188041364409856548e+01
1.188031564552722941e+01
1.188024597072047506e+01
1.188028604576080127e+01
1.188038676378060998e+01
1.188042737371966240e+01
1.188035935869782911e+01
1.188026418472172629e+01
1.188025625925151907e+01
1.188034650370771139e+01
1.188042883669423944e+01
1.188040582492668662e+01
1.188030432664207048e+01
1.188024374766284197e+01
1.188029457306704018e+01
1.188039514171414268e+01
1.188042537510598606e+01
1.188034967936745190e+01
1.188025912507413473e+01
1.188026282133073863e+01
1.188035771601503932e+01
1.188043174323182960e+01
1.188039675024284136e+01
1.188029332255812776e+01
1.188024290898030699e+01
1.188030401495749899e+01
1.188040317773850418e+01
1.188042257134599566e+01
1.188034002369567688e+01
1.188025505329858511e+01
1.188027009462065919e+01
1.188036824405616620e+01
1.188043300059539220e+01
1.188038666634315810e+01
1.188028294780812821e+01
1.188024361544127494e+01
1.188031432361961492e+01
1.188041074438992695e+01
1.188041888920370326e+01
1.188033035889434963e+01
1.188025186815845302e+01
1.188027788785180405e+01
1.188037794885975451e+01
1.188043268977014755e+01
1.188037586715836724e+01
1.188027350424209949e+01
1.188024596609424144e+01
1.188032537656797061e+01
1.188041765796002380e+01
1.188041422755940246e+01
1.188032064967362622e+01
1.188024949186485735e+01
1.188028606348380833e+01
1.188038676690139894e+01
1.188043095782991010e+01
1.188036466574770600e+01
1.188026525180006487e+01
1.188024998007010247e+01
1.188033697568034874e+01
1.188042369348269744e+01
1.188040848187230836e+01
1.188031088406869706e+01
1.188024788959627465e+01
1.188029454448990307e+01
1.188039470052033231e+01
1.188042799381001302e+01
1.188035336409193832e+01
1.188025838440854365e+01
1.188025558840504381e+01
1.188034885740687763e+01
1.188042860803231449e+01
1.188040157129079510e+01
1.188030109549579372e+01
1.188024708019212916e+01
1.188030331026264896e+01
1.188040179919405759e+01
1.188042400055707404e+01
1.188034222564756526e+01
1.188025301454634430e+01
1.188026263725685006e+01
1.188036071289182694e+01
1.188043216893163034e+01
1.188039346411798824e+01
1.188029137739908236e+01
1.188024713633105911e+01
1.188031238251373978e+01
1.188040813482850311e+01
1.188041916690307431e+01
1.188033145465317730e+01
1.188024916867762215e+01
1.188027090212894166e+01
1.188037221518916020e+01
1.188043418264859419e+01
1.188038419753212516e+01
1.188028188796145734e+01
1.188024817411809764e+01
1.188032180356297474e+01
1.188041377508892360e+01
1.188041364439069270e+01
1.188032118509041979e+01
1.188024679406133721e+01
1.188028011101151904e+01
1.188038304962149105e+01
1.188043451998766997e+01
1.188037388828616336e+01
1.188027284385767857e+01
1.188025033363390293e+01
1.188033161056651466e+01
1.188041875904821509e+01
1.188040753201387822e+01
1.188031148067835829e+01
1.188024577569153983e+01
1.188028997297525002e+01
1.188039294281750280e+01
1.188043313369829512e+01
1.188036273245954710e+01
1.188026450371218345e+01
1.188025375340846246e+01
1.188034180986047339e+01
1.188042307903955042e+01
1.188040087116286436e+01
1.188030234556954134e+01
1.188024596058314941e+01
1.188030020793333108e+01
1.188040168615717107e+01
1.188043006576184268e+01
1.188035099400966210e+01
1.188025714353586437e+01
1.188025854276060400e+01
1.188035235559954295e+01
1.188042667163332666e+01
1.188039365137574954e+01
1.188029374378350767e+01
1.188024718553375081e+01
1.188031057315088113e+01
1.188040915022818211e+01
1.188042544320459726e+01
1.188033898361188889e+01
1.188025102770341945e+01
1.188026475633659196e+01
1.188036313624603757e+01
1.188042941925708007e+01
1.188038582583808811e+01
1.188028562410532452e+01
1.188024930402201740e+01
1.188032088263906694e+01
1.188041528830721738e+01
1.188041946306169372e+01
1.188032703080320118e+01
1.188024637978210762e+01
1.188027237491006005e+01
1.188037397129281914e+01
1.188043116234341134e+01
1.188037733408057939e+01
1.188027794637967283e+01
1.188025220810575888e+01
1.188033101672274761e+01
1.188042012859115815e+01
1.188041236879365137e+01
1.188031545350158424e+01
1.188024335760151828e+01
1.188028129559705270e+01
1.188038461905028953e+01
1.188043172026317151e+01
1.188036812821773225e+01
1.188027070495231463e+01
1.188025584200794427e+01
1.188034092061992197e+01
1.188042375663505901e+01
1.188040442175901568e+01
1.188030452938525450e+01
1.188024203633550435e+01
1.188029133322139685e+01
1.188039479462081083e+01
1.188043091791892536e+01
1.188035819850773223e+01
1.188026394546635345e+01
1.188026020538987915e+01
1.188035059256971593e+01
1.188042629093133762e+01
1.188039587206723269e+01
1.188029447331353694e+01
1.188024240214551241e+01
1.188030223285335474e+01
1.188040419558491756e+01
1.188042861394893634e+01
1.188034759407991281e+01
1.188025777223931279e+01
1.188026534590416539e+01
1.188036006363427433e+01
1.188042785556506686e+01
1.188038693317105654e+01
1.188028542400974885e+01
1.188024435730300787e+01
1.188031369180954577e+01
1.188041253168665001e+01
1.188042472617548739e+01
1.188033643537113448e+01
1.188025234488151050e+01
1.188027134226372716e+01
1.188036937254743819e+01
1.188042855426458999e+01
1.188037776391703559e+01
1.188027744176768152e+01
1.188024773593377681e+01
1.188032538792496950e+01
1.188041955413502215e+01
1.188041925028738888e+01
1.188032491604486296e+01
1.188024786446398551e+01
1.188027828052065615e+01
1.188037853971522928e+01
1.188042844989291602e+01
1.188036846057172014e+01
1.188027051722838934e+01
1.188025232789611962e+01
1.188033700993211994e+01
1.188042508015566590e+01
1.188041226873818168e+01
1.188031329376441114e+01
1.188024455116615030e+01
1.188028622731088113e+01
1.188038754459063640e+01
1.188042755254860872e+01
1.188035905977660889e+01
1.188026458957638809e+01
1.188025790708013751e+01
1.188034828546834554e+01
1.188042900913851341e+01
1.188040394832535718e+01
1.188030187091677803e+01
1.188024261668693349e+01
1.188029520432776387e+01
1.188039631013321085e+01
1.188042581810248599e+01
1.188034955169969820e+01
1.188025957108926534e+01
1.188026425978685907e+01
1.188035900263066580e+01
1.188043132802563839e+01
1.188039452666263252e+01
1.188029096796599404e+01
1.188024223557302328e+01
1.188030516815467053e+01
1.188040469699362944e+01
1.188042315738892718e+01
1.188033990109905069e+01
1.188025537405035692e+01
1.188027120890131449e+01
1.188036902203531575e+01
1.188043210525534477e+01
1.188038428948347125e+01
1.188028089329619874e+01
1.188024351985435523e+01
1.188031599881768940e+01
1.188041250858552367e+01
1.188041945463114857e+01
1.188033007281860876e+01
1.188025193572966742e+01
1.188027863028843178e+01
1.188037827784089018e+01
1.188043147434972191e+01
1.188037354213612140e+01
1.188027191398446547e+01
1.188024650092647860e+01
1.188032749911811692e+01
1.188041950653444800e+01
1.188041459224813501e+01
1.188032005756861764e+01
1.188024923748284145e+01
1.188028645908725700e+01
1.188038676790988113e+01
1.188042960981346852e+01
1.188036257951438479e+01
1.188026423181981883e+01
1.188025112153938245e+01
1.188033940515957809e+01
1.188042543437490473e+01
1.188040847817674361e+01
1.188030989379409874e+01
1.188024731494863495e+01
1.188029468515558662e+01
1.188039453494207009e+01
1.188042669915312644e+01
1.188035165887440137e+01
1.188025796807365175e+01
1.188025723920743992e+01
1.188035140674890044e+01
1.188043004604940656e+01
1.188040107140248658e+01
1.188029968201270670e+01
1.188024625769890186e+01
1.188030333858341336e+01
1.188040164176333136e+01
1.188042291535895245e+01
1.188034097949233114e+01
1.188025315916217295e+01
1.188026464059108100e+01
1.188036317479884119e+01
1.188043313496095443e+01
1.188039240160344789e+01
1.188028958912909872e+01
1.188024619831168494e+01
1.188031246770600013e+01
1.188040814480245544e+01
1.188041839404986710e+01
1.188033067201295978e+01
1.188024976364707008e+01
1.188027306470340783e+01
1.188037439174772913e+01
1.188043455918032265e+01
1.188038257965832045e+01
1.188027984175075957e+01
1.188024729246717293e+01
1.188032211319144160e+01
1.188041407002315886e+01
1.188041321870477063e+01
1.188032079881027769e+01
1.188024767927318770e+01
1.188028223144073081e+01
1.188038478052330404e+01
1.188043425895349436e+01
1.188037179713776226e+01
1.188027070922217199e+01
1.188024969307046597e+01
1.188033228239010342e+01
1.188041939517459689e+01
1.188040741612108775e+01
1.188031136497525786e+01
1.188024676721994766e+01
1.188029187114255514e+01
1.188039412780092619e+01
1.188043226381690154e+01
1.188036031458617892e+01
1.188026247870633156e+01
1.188025352237366761e+01
1.188034292812217707e+01
1.188042404124598050e+01
1.188040096265416778e+01
1.188030233792575530e+01
1.188024687968187720e+01
1.188030175077752304e+01
1.188040229820499150e+01
1.188042868822939546e+01
1.188034844014418745e+01
1.188025542591938333e+01
1.188025884644410723e+01
1.188035393543849949e+01
1.188042787460086380e+01
1.188039380013421997e+01
1.188029367234170941e+01
1.188024788644709950e+01
1.188031169293261513e+01
1.188040923752702049e+01
1.188042371640920081e+01
1.188033650157725063e+01
1.188024978585385938e+01
1.188026565603243512e+01
1.188036511870159728e+01
1.188043071962845332e+01
1.188038585887425569e+01
1.188028533634857453e+01
1.188024969636405714e+01
1.188032158494760360e+01
1.188041496474690639e+01
1.188041757872925075e+01
1.188032481581152311e+01
1.188024572787750088e+01
1.188027385696230454e+01
1.188037622976684737e+01
1.188043238012056335e+01
1.188037708408573323e+01
1.188027733470912395e+01
1.188025227042486698e+01
1.188033137708870868e+01
1.188041955436509944e+01
1.188041052330427050e+01
1.188031366046082127e+01
1.188024333894946594e+01
1.188028327172539278e+01
1.188038697633010266e+01
1.188043266620613991e+01
1.188036746146889300e+01
1.188026972525269187e+01
1.188025562451041850e+01
1.188034107034784093e+01
1.188042311201267154e+01
1.188040278709702235e+01
1.188030325149924415e+01
1.188024261745134247e+01
1.188029365224292633e+01
1.188039704791135343e+01
1.188043142276291420e+01
1.188035703782740349e+01
1.188026262580125980e+01
1.188025982143699011e+01
1.188035069603033378e+01
1.188042574728468992e+01
1.188039457088086870e+01
1.188029373025046809e+01
1.188024347848785922e+01
1.188030470202127553e+01
1.188040614572022058e+01
1.188042855492846783e+01
1.188034593326942279e+01
1.188025621029609624e+01
1.188026495358472978e+01
1.188036029052742570e+01
1.188042754810634527e+01
1.188038602173622138e+01
1.188028516139586266e+01
1.188024576973891833e+01
1.188031610446648934e+01
1.188041401200124803e+01
1.188042404671338126e+01
1.188033434280821865e+01
1.188025069448290338e+01
1.188027111884010090e+01
1.188036986938702810e+01
1.188042856065129094e+01
1.188037722554726727e+01
1.188027754198933827e+01
1.188024929532792129e+01
1.188032755317088984e+01
1.188042045450183792e+01
1.188041796973451625e+01
1.188032252678726586e+01
1.188024631313706792e+01
1.188027839363696536e+01
1.188037940489933142e+01
1.188042877794334551e+01
1.188036821039908020e+01
1.188027081978128585e+01
1.188025384396962991e+01
1.188033877969963648e+01
1.188042536244459235e+01
1.188041048058962801e+01
1.188031079128611545e+01
1.188024329215787489e+01
1.188028680737392939e+01
1.188038881088768584e+01
1.188042813892413996e+01
1.188035896009616721e+01
1.188026491775634419e+01
1.188025921705802013e+01
1.188034957482984133e+01
1.188042871170391379e+01
1.188040180714878424e+01
1.188029946124087743e+01
1.188024181971533011e+01
1.188029632233410915e+01
1.188039793731118898e+01
1.188042653815863225e+01
1.188034943548083788e+01
1.188025976088613511e+01
1.188026525243363096e+01
1.188035980025161820e+01
1.188043055856661745e+01
1.188039222575939569e+01
1.188028885017761382e+01
1.188024202084707426e+01
1.188030682244410308e+01
1.188040657579597870e+01
1.188042384471273039e+01
1.188033960004781697e+01
1.188025530081200820e+01
1.188027184030128502e+01
1.188036938924922303e+01
1.188043102322174782e+01
1.188038203276563465e+01
1.188027923101119754e+01
1.188024393942620449e+01
1.188031811288768225e+01
1.188041447553262486e+01
1.188041992731041852e+01
1.188032944569715532e+01
1.188025153453261318e+01
1.188027892902337612e+01
1.188037833659245202e+01
1.188043026568849392e+01
1.188037151460078356e+01
1.188027081220973002e+01
1.188024753031654335e+01
1.188032993093206713e+01
1.188042136735740506e+01
1.188041468187410388e+01
1.188031901443323868e+01
1.188024851411224247e+01
1.188028652009133523e+01
1.188038667951408200e+01
1.188042845800918279e+01
1.188036092088938744e+01
1.188026372278790532e+01
1.188025266297057847e+01
1.188034196658491481e+01
1.188042699252709156e+01
1.188040805712710934e+01
1.188030841241046431e+01
1.188024634580668959e+01
1.188029465323819167e+01
1.188039447298241313e+01
1.188042575704322701e+01
1.188035044447668831e+01
1.188025800821164601e+01
1.188025913595716965e+01
1.188035389015786158e+01
1.188043113191137401e+01
1.188040007416848809e+01
1.188029781386717154e+01
1.188024517862417540e+01
1.188030338415953935e+01
1.188040176330896536e+01
1.188042228203613959e+01
1.188034021118290262e+01
1.188025363759788178e+01
1.188026670021733899e+01
1.188036538271888531e+01
1.188043363120225493e+01
1.188039083679902319e+01
1.188028745402027830e+01
1.188024518396808915e+01
1.188031275844312695e+01
1.188040856434968084e+01
1.188041810034650325e+01
1.188033028054661777e+01
1.188025052085408184e+01
1.188027508751248185e+01
1.188037616495537563e+01
1.188043441831027458e+01
1.188038053076557965e+01
1.188027761169336038e+01
1.188024652940861259e+01
1.188032278590698176e+01
1.188041484014062377e+01
1.188041322342486161e+01
1.188032065712045515e+01
1.188024853289783422e+01
1.188028403976267811e+01
1.188038602022108492e+01
1.188043351030357542e+01
1.188036941179134587e+01
1.188026858406212405e+01
1.188024935058694354e+01
1.188033341951930844e+01
1.188042049681973467e+01
1.188040761354979225e+01
1.188031131027426568e+01
1.188024754105808434e+01
1.188029333489057748e+01
1.188039480846284945e+01
1.188043100886078562e+01
1.188035778400365139e+01
1.188026065716709745e+01
1.188025372561232373e+01
1.188034454241511817e+01
1.188042538526732095e+01
1.188040120017369539e+01
1.188030219918454655e+01
1.188024743133555106e+01
1.188030280538871786e+01
1.188040246916050613e+01
1.188042708498868549e+01
1.188034597187423813e+01
1.188025407655180032e+01
1.188025965599575962e+01
1.188035596531888061e+01
1.188042931425423632e+01
1.188039390325421962e+01
1.188029329892508912e+01
1.188024812943953279e+01
1.188031234700502203e+01
1.188040901312694508e+01
1.188042195540826285e+01
1.188033428979918327e+01
1.188024902240906400e+01
1.188026705720841925e+01
1.188036743510209092e+01
1.188043207225676312e+01
1.188038565986091122e+01
1.188028462342623648e+01
1.188024961336843965e+01
1.188032191649503666e+01
1.188041450472576344e+01
1.188041585427030178e+01
1.188032301380048139e+01
1.188024559294532878e+01
1.188027576049558576e+01
1.188037865348356625e+01
1.188043345472638279e+01
1.188037644981022645e+01
1.188027624155257023e+01
1.188025191562441307e+01
1.188033151907592888e+01
1.188041903750414185e+01
1.188040900452918436e+01
1.188031235947402742e+01
1.188024379840745937e+01
1.188028552584467867e+01
1.188038930328761111e+01
1.188043329270307424e+01
1.188036631618112260e+01
1.188026828359142684e+01
1.188025511474825358e+01
1.188034118778227821e+01
1.188042270719661531e+01
1.188040159328911827e+01
1.188030246930529010e+01
1.188024356656377556e+01
1.188029606427518026e+01
1.188039907846495957e+01
1.188043147838412672e+01
1.188035537729516200e+01
1.188026093689947338e+01
1.188025931749971242e+01
1.188035095814342235e+01
1.188042558639928892e+01
1.188039375475927883e+01
1.188029341099531067e+01
1.188024475866063057e+01
1.188030706617093202e+01
1.188040771345751168e+01
1.188042798366526398e+01
1.188034382801454569e+01
1.188025443111612844e+01
1.188026463445440051e+01
1.188036084230559908e+01
1.188042770490861066e+01
1.188038556323368056e+01
1.188028518672749634e+01
1.188024719327443357e+01
1.188031823144829779e+01
1.188041500756076552e+01
1.188042286871093367e+01
1.188033192983782982e+01
1.188024901497767338e+01
1.188027115283161450e+01
1.188037080681030666e+01
1.188042903881969359e+01
1.188037703694426028e+01
1.188027775163189581e+01
1.188025067429995829e+01
1.188032929709712882e+01
1.188042084070374393e+01
1.188041627913189835e+01
1.188031999101031921e+01
1.188024492810653854e+01
1.188027891084577448e+01
1.188038075769989099e+01
1.188042951012301707e+01
1.188036815196172746e+01
1.188027103832374465e+01
1.188025501873877943e+01
1.188034005808203553e+01
1.188042517840301215e+01
1.188040843210955266e+01
1.188030833943721376e+01
1.188024237198877664e+01
1.188028787770342554e+01
1.188039053552286894e+01
1.188042899692514887e+01
1.188035886378596651e+01
1.188026498350892979e+01
1.188026008005314260e+01
1.188035037866585775e+01
1.188042806533404416e+01
1.188039959352119013e+01
1.188029729233457132e+01
1.188024148454314854e+01
1.188029794255677984e+01
1.188039992131004396e+01
1.188042735278146189e+01
1.188034913309772023e+01
1.188025955238087050e+01
1.188026576359745512e+01
1.188036019273200239e+01
1.188042960872175158e+01
1.188039004950547195e+01
1.188028712708085521e+01
1.188024232218172038e+01
1.188030891438425130e+01
1.188040865290505366e+01
1.188042443220729538e+01
1.188033895150243957e+01
1.188025475690744415e+01
1.188027203190176806e+01
1.188036949339003279e+01
1.188042995429846904e+01
1.188038007673886653e+01
1.188027805755031885e+01
1.188024485213364656e+01
1.188032053309719949e+01
1.188041644941354313e+01
1.188042011844061996e+01
1.188032836307744944e+01
1.188025066505878513e+01
1.188027889915889190e+01
1.188037831378147580e+01
1.188042925867243582e+01
1.188036991584439228e+01
1.188027021934828298e+01
1.188024895622712940e+01
1.188033249043006379e+01
1.188042304023594831e+01
1.188041434912058314e+01
1.188031747814222072e+01
1.188024739941486452e+01
1.188028641592275747e+01
1.188038670232001515e+01
1.188042766243582982e+01
1.188035975181198367e+01
1.188026366597185302e+01
1.188025444555307963e+01
1.188034445763821267e+01
1.188042819438222253e+01
1.188040713579868779e+01
1.188030647682804108e+01
1.188024512521778320e+01
1.188029464652195344e+01
1.188039469641358004e+01
1.188042526815986122e+01
1.188034970417577973e+01
1.188025837621812819e+01
1.188026108375543899e+01
1.188035611595493535e+01
1.188043174566743154e+01
1.188039857409083666e+01
1.188029560156853570e+01
1.188024402956380499e+01
1.188030364281518558e+01
1.188040229891924326e+01
1.188042212662058539e+01
1.188033982815659684e+01
1.188025427143182355e+01
1.188026861537994883e+01
1.188036718532640457e+01
1.188043360998495501e+01
1.188038884268704543e+01
1.188028513934026087e+01
1.188024429482579869e+01
1.188031341850188838e+01
1.188040946115011742e+01
1.188041823330305391e+01
1.188033012628196339e+01
1.188025123969771890e+01
1.188027679497305478e+01
1.188037744722313604e+01
1.188043379206332872e+01
1.188037819114766158e+01
1.188027539609303318e+01
1.188024607034166458e+01
1.188032392815888016e+01
1.188041607525245524e+01
1.188041353564174329e+01
1.188032056839985984e+01
1.188024916306693868e+01
1.188028541256707271e+01
1.188038675827197466e+01
1.188043238074030050e+01
1.188036691815906565e+01
1.188026666706310941e+01
1.188024944674169170e+01
1.188033505449727656e+01
1.188042197734281480e+01
1.188040794980503989e+01
1.188031111674058593e+01
1.188024794350346447e+01
1.188029431181024620e+01
1.188039505290214493e+01
1.188042953356714904e+01
1.188035534341149813e+01
1.188025920734851582e+01
1.188025443694731642e+01
1.188034660611061888e+01
1.188042696114465535e+01
1.188040138436197779e+01
1.188030175193322080e+01
1.188024752349447510e+01
1.188030339818857506e+01
1.188040233491180686e+01
1.188042545319539300e+01
1.188034377725040613e+01
1.188025320712262101e+01
1.188026096689398337e+01
1.188035832639031852e+01
1.188043080023325437e+01
1.188039376709230055e+01
1.188029249575000712e+01
1.188024789812989823e+01
1.188031263634178103e+01
1.188040865956062930e+01
1.188042035923253081e+01
1.188033249257874679e+01
1.188024877516189193e+01
1.188026887755447447e+01
1.188036991255756014e+01
1.188043327563238627e+01
1.188038507067867755e+01
1.188028342684865457e+01
1.188024911678568429e+01
1.188032203715571811e+01
1.188041410921571028e+01
1.188041445989542133e+01
1.188032170310363078e+01
1.188024593307797616e+01
1.188027793809821198e+01
1.188038104217179480e+01
1.188043420462090438e+01
1.188037533313576510e+01
1.188027468683753796e+01
1.188025127414352156e+01
1.188033163686844418e+01
1.188041876651588424e+01
1.188040792775147914e+01
1.188031155099815983e+01
1.188024462098264245e+01
1.188028786829514516e+01
1.188039140328127097e+01
1.188043346635187447e+01
1.188036466958262949e+01
1.188026647545520476e+01
1.188025449191699501e+01
1.188034147163367216e+01
1.188042268934453460e+01
1.188040088314340359e+01
1.188030210556187605e+01
1.188024471354775713e+01
