1.188024147592623514e+01
1.188025566505102937e+01
1.188027798272992364e+01
1.188029559421081771e+01
1.188033116279339119e+01
1.188038384188827656e+01
1.188042547172332064e+01
1.188046175952438333e+01
1.188051125227532978e+01
1.188055343388131924e+01
1.188057141150077811e+01
1.188058686968594557e+01
1.188060336009325901e+01
1.188059495475740945e+01
1.188056781082813451e+01
1.188054627181881528e+01
1.188051701994643139e+01
1.188046559269756486e+01
1.188041707902187127e+01
1.188038234022763717e+01
1.188033912132709169e+01
1.188029286430791664e+01
1.188027038204803176e+01
1.188026094875778149e+01
1.188024664039182987e+01
1.188024824962344894e+01
1.188027616038276513e+01
1.188030429647105102e+01
1.188033020598920331e+01
1.188037647559588983e+01
1.188043052251472886e+01
1.188046814833758447e+01
1.188050464579950116e+01
1.188055070577411065e+01
1.188057991365988109e+01
1.188058665939409941e+01
1.188059522110586208e+01
1.188059850935951545e+01
1.188057419414881366e+01
1.188053955558053332e+01
1.188051260034890433e+01
1.188047318059994062e+01
1.188041730685675823e+01
1.188037357398699534e+01
1.188034141314646597e+01
1.188029975359626533e+01
1.188026447450610590e+01
1.188025595029011150e+01
1.188025430519711456e+01
1.188025011938409747e+01
1.188026800806075833e+01
1.188030633286713211e+01
1.188033829928223462e+01
1.188037207742663703e+01
1.188042529624370758e+01
1.188047579062271630e+01
1.188050780142543950e+01
1.188054271275568219e+01
1.188058081983379211e+01
1.188059481677101203e+01
1.188059125750739753e+01
1.188059196013850283e+01
1.188058056828884013e+01
1.188054291887052294e+01
1.188050407885386228e+01
1.188047234301712329e+01
1.188042512153562846e+01
1.188037009061874016e+01
1.188033398055046064e+01
1.188030532432524389e+01
1.188026885901887120e+01
1.188024802811071012e+01
1.188025289994724254e+01
1.188025862041067349e+01
1.188026622090695206e+01
1.188029912085660911e+01
1.188034382719184734e+01
1.188037798275287393e+01
1.188041840386279624e+01
1.188047382142801389e+01
1.188051655335387657e+01
1.188054205087946436e+01
1.188057309827498109e+01
1.188059920408270109e+01
1.188059744056965172e+01
1.188058504148313510e+01
1.188057691613158973e+01
1.188055079252350943e+01
1.188050370114478760e+01
1.188046368047703893e+01
1.188042797642380677e+01
1.188037649111058514e+01
1.188032743107012124e+01
1.188030066986150324e+01
1.188027654209864181e+01
1.188024899153284153e+01
1.188024454687475462e+01
1.188026109167910249e+01
1.188027385969659200e+01
1.188029406853003067e+01
1.188033905492518016e+01
1.188038594149404759e+01
1.188042098853369843e+01
1.188046588873544884e+01
1.188051829768133416e+01
1.188055020101503523e+01
1.188056879423136358e+01
1.188059334510659326e+01
1.188060443719857417e+01
1.188058800344020938e+01
1.188056842067258678e+01
1.188055074483902906e+01
1.188051143887141770e+01
1.188045958591167839e+01
1.188042085944835158e+01
1.188038240112944877e+01
1.188033106506411585e+01
1.188029232348826625e+01
1.188027556060083079e+01
1.188025720634484372e+01
1.188024187940551180e+01
1.188025399344250133e+01
1.188027972618408690e+01
1.188029933438101615e+01
1.188033180205021289e+01
1.188038462505279469e+01
1.188042983384568174e+01
1.188046469121752580e+01
1.188051098731138566e+01
1.188055535872724278e+01
1.188057474270107861e+01
1.188058629618887707e+01
1.188060164090970794e+01
1.188059619458024052e+01
1.188056754855659136e+01
1.188054235437274642e+01
1.188051496184755429e+01
1.188046557087075250e+01
1.188041381537378172e+01
1.188037820314407078e+01
1.188033877767672664e+01
1.188029240464402214e+01
1.188026705786498738e+01
1.188026006588372674e+01
1.188024895218432597e+01
1.188024823513787176e+01
1.188027533051851137e+01
1.188030744581041631e+01
1.188033367495548731e+01
1.188037669100427252e+01
1.188043229757648866e+01
1.188047270196650551e+01
1.188050630687119913e+01
1.188055020160128805e+01
1.188058231455437763e+01
1.188058887398380037e+01
1.188059328386442459e+01
1.188059702584416755e+01
1.188057526286942078e+01
1.188053779332869375e+01
1.188050832491239106e+01
1.188047189901199729e+01
1.188041677981820499e+01
1.188036956893008700e+01
1.188033828642921641e+01
1.188030030909054702e+01
1.188026352798121010e+01
1.188025309075470304e+01
1.188025506211833893e+01
1.188025273802535331e+01
1.188026766189699224e+01
1.188030666977604000e+01
1.188034244116227534e+01
1.188037484509792918e+01
1.188042534554785945e+01
1.188047850943503292e+01
1.188051192732623029e+01
1.188054303463466432e+01
1.188058039628210949e+01
1.188059736095113728e+01
1.188059198625837709e+01
1.188058904627418144e+01
1.188057953679236967e+01
1.188054344197426282e+01
1.188050095073402446e+01
1.188046830140393695e+01
1.188042457436951160e+01
1.188036885407929333e+01
1.188032974345299486e+01
1.188030357175484752e+01
1.188026998443633708e+01
1.188024663393228231e+01
1.188025100498022724e+01
1.188026086856679875e+01
1.188026870155494130e+01
1.188029867187768751e+01
1.188034548463802054e+01
1.188038255289490053e+01
1.188042021195210296e+01
1.188047400589466385e+01
1.188051996558476908e+01
1.188054518383986391e+01
1.188057223212333291e+01
1.188059909902838562e+01
1.188059969040008035e+01
1.188058413350969822e+01
1.188057352902714747e+01
1.188055026245365831e+01
1.188050335025880777e+01
1.188045954685897243e+01
1.188042468318599809e+01
1.188037647800626395e+01
1.188032543610124847e+01
1.188029678878061901e+01
1.188027630129391099e+01
1.188025030798926451e+01
1.188024291094579254e+01
1.188026054762220340e+01
1.188027723095554933e+01
1.188029606923226034e+01
1.188033881720440377e+01
1.188038885570339609e+01
1.188042536644439906e+01
1.188046668221846502e+01
1.188051887942135387e+01
1.188055388409505753e+01
1.188057051835714439e+01
1.188059161646099682e+01
1.188060474770502850e+01
1.188058949964629818e+01
1.188056597404370685e+01
1.188054740852303581e+01
1.188051129371291914e+01
1.188045816063307036e+01
1.188041625301717552e+01
1.188038021069132277e+01
1.188033128955452256e+01
1.188028970704589682e+01
1.188027260229183568e+01
1.188025837591545475e+01
1.188024304550967791e+01
1.188025245190617341e+01
1.188028072779487587e+01
1.188030330911175270e+01
1.188033314190483303e+01
1.188038491876844205e+01
1.188043371773229318e+01
1.188046830419771105e+01
1.188051090418201738e+01
1.188055648673804399e+01
1.188057816872553474e+01
1.188058641371223345e+01
1.188059947358124013e+01
1.188059685191988279e+01
1.188056790334277046e+01
1.188053870222042008e+01
1.188051212630868392e+01
1.188046556737147519e+01
1.188041130248602961e+01
1.188037374244392197e+01
1.188033783429260559e+01
1.188029255498472736e+01
1.188026413343609278e+01
1.188025847672310142e+01
1.188025122240707177e+01
1.188024902132051785e+01
1.188027428133518448e+01
1.188030995128748302e+01
1.188033767546209241e+01
1.188037737135290861e+01
1.188043336528278537e+01
1.188047708222951115e+01
1.188050872387979595e+01
1.188054952439754075e+01
1.188058397597861671e+01
1.188059150129008223e+01
1.188059184463948625e+01
1.188059485111655356e+01
1.188057604689618785e+01
1.188053677454438173e+01
1.188050397944330250e+01
1.188046986478282285e+01
1.188041661628193424e+01
1.188036616580098936e+01
1.188033457286948114e+01
1.188030053827178634e+01
1.188026335879019690e+01
1.188025029981454139e+01
1.188025508877545455e+01
1.188025565824706220e+01
1.188026799648223886e+01
1.188030648623515795e+01
1.188034616955892631e+01
1.188037833645867813e+01
1.188042553092166109e+01
1.188048044601019981e+01
1.188051621833435867e+01
1.188054403259246428e+01
1.188057947654314539e+01
1.188059936875539435e+01
1.188059335823781382e+01
1.188058633271026032e+01
1.188057770662018520e+01
1.188054403187279284e+01
1.188049853972650105e+01
1.188046386632274043e+01
1.188042345058569182e+01
1.188036825253780471e+01
1.188032583952689336e+01
1.188030108927852524e+01
1.188027112623502290e+01
1.188024603079501418e+01
1.188024883810321342e+01
1.188026251356126295e+01
1.188027177047975869e+01
1.188029864957641379e+01
1.188034642874060864e+01
1.188038702514768907e+01
1.188042279104852561e+01
1.188047396980974213e+01
1.188052267751482916e+01
1.188054878491952948e+01
1.188057182267694678e+01
1.188059827121274026e+01
1.188060171098778817e+01
1.188058396548483131e+01
1.188056999981223072e+01
1.188054898423567884e+01
1.188050340087933421e+01
1.188045595763450102e+01
1.188042075106262985e+01
1.188037618119497196e+01
1.188032422020230428e+01
1.188029290749924627e+01
1.188027533738565467e+01
1.188025198423325790e+01
1.188024192386874667e+01
1.188025945051334453e+01
1.188028025160889101e+01
1.188029882996699449e+01
1.188033866870227406e+01
1.188039100970833140e+01
1.188042998284827334e+01
1.188046813827627091e+01
1.188051892740448068e+01
1.188055708780629693e+01
1.188057291637265145e+01
1.188059002901113814e+01
1.188060425106214524e+01
1.188059111545082658e+01
1.188056421109898331e+01
1.188054361239839096e+01
1.188051059951223465e+01
1.188045738807901053e+01
1.188041190784317536e+01
1.188037726457577747e+01
1.188033158202240003e+01
1.188028785837592594e+01
1.188026931380830931e+01
1.188025897849589896e+01
1.188024484642548906e+01
1.188025129015026060e+01
1.188028101087495614e+01
1.188030726013799843e+01
1.188033526299351905e+01
1.188038494832252745e+01
1.188043694874169631e+01
1.188047244411776049e+01
1.188051123998524972e+01
1.188055687367260660e+01
1.188058142966303166e+01
1.188058727160562711e+01
1.188059709894859672e+01
1.188059677694073279e+01
1.188056869798307602e+01
1.188053553633812953e+01
1.188050860280048582e+01
1.188046532311456716e+01
1.188040956049943198e+01
1.188036920757637915e+01
1.188033617188318303e+01
1.188029311357412254e+01
1.188026181348181609e+01
1.188025629778065628e+01
1.188025320024429909e+01
1.188025059332529665e+01
1.188027327035242031e+01
1.188031172107156230e+01
1.188034198712824541e+01
1.188037869816965753e+01
1.188043387004770146e+01
1.188048104819451822e+01
1.188051184916540670e+01
1.188054893529575473e+01
1.188058483600928916e+01
1.188059430702455366e+01
1.188059105915262847e+01
1.188059215785034617e+01
1.188057631762969457e+01
1.188053642321396453e+01
1.188049982210638156e+01
1.188046705107944412e+01
1.188041656800957924e+01
1.188036349619962095e+01
1.188033046596251907e+01
1.188030023240264121e+01
1.188026385863666690e+01
1.188024783191349698e+01
1.188025438888474561e+01
1.188025862415559963e+01
1.188026911302335265e+01
1.188030599549408883e+01
1.188034929599781542e+01
1.188038241347891955e+01
1.188042609805662053e+01
1.188048163477992603e+01
1.188052041562914951e+01
1.188054577541361212e+01
1.188057829283187772e+01
1.188060067330860115e+01
1.188059521179591727e+01
1.188058405037089393e+01
1.188057514713497298e+01
1.188054442768367025e+01
1.188049688611381249e+01
1.188045928135110607e+01
1.188042161224817228e+01
1.188036809897872992e+01
1.188032248511170863e+01
1.188029797564289680e+01
1.188027202826406281e+01
1.188024622582246792e+01
1.188024665207859698e+01
1.188026344558419467e+01
1.188027521838025891e+01
1.188029925070369686e+01
1.188034678550853052e+01
1.188039115219456754e+01
1.188042611347348476e+01
1.188047397318332266e+01
1.188052460684563805e+01
1.188055262932580014e+01
1.188057204151414226e+01
1.188059687672812181e+01
1.188060326448634108e+01
1.188058448075902618e+01
1.188056658828691425e+01
1.188054690967782889e+01
1.188050361276363986e+01
1.188045306109832566e+01
1.188041636013004165e+01
1.188037537941336907e+01
1.188032369543912203e+01
1.188028928342028223e+01
1.188027363450190421e+01
1.188025376847805070e+01
1.188024170667962842e+01
1.188025800054204595e+01
1.188028272027600352e+01
1.188030223043729805e+01
1.188033886176405041e+01
1.188039241705808280e+01
1.188043458115170736e+01
1.188047034539058622e+01
1.188051866313134930e+01
1.188055962998801895e+01
1.188057584258009491e+01
1.188058882273496764e+01
1.188060299544415521e+01
1.188059259027187764e+01
1.188056319145699113e+01
1.188053959290548534e+01
1.188050920017505696e+01
1.188045709724073262e+01
1.188040805030284019e+01
1.188037364308510568e+01
1.188033168266150241e+01
1.188028680631088818e+01
1.188026594183181395e+01
1.188025888664290441e+01
1.188024708576508104e+01
1.188025071848113967e+01
1.188028068289595751e+01
1.188031093481389533e+01
1.188033815853722075e+01
1.188038497039683250e+01
1.188043942547752074e+01
1.188047689656205108e+01
1.188051218171417567e+01
1.188055665749774903e+01
1.188058428043676251e+01
1.188058883248486630e+01
1.188059477709899703e+01
1.188059590005582322e+01
1.188056970182486083e+01
1.188053302057398675e+01
1.188050455672205885e+01
1.188046460574602214e+01
1.188040852208482434e+01
1.188036485749115201e+01
1.188033375464486241e+01
1.188029383476985146e+01
1.188026023758736294e+01
1.188025371553446519e+01
1.188025467210874275e+01
1.188025285006711940e+01
1.188027255441580543e+01
1.188031274850703056e+01
1.188034635670105210e+01
1.188038077976661100e+01
1.188043402077878241e+01
1.188048440413657580e+01
1.188051555355890443e+01
1.188054868216492999e+01
1.188058492107019681e+01
1.188059703267559009e+01
1.188059100585982009e+01
1.188058917373273005e+01
1.188057590187265511e+01
1.188053658506849786e+01
1.188049608807996194e+01
1.188046351874058004e+01
1.188041637358379532e+01
1.188036160987349277e+01
1.188032620528992034e+01
1.188029924654925473e+01
1.188026484593214782e+01
1.188024590896924693e+01
1.188025305141449017e+01
1.188026137883068323e+01
1.188027102635957988e+01
1.188030544884044915e+01
1.188035170120702766e+01
1.188038687320545961e+01
1.188042724858514809e+01
1.188048219454377552e+01
1.188052426863247391e+01
1.188054824521611863e+01
1.188057710380417831e+01
1.188060118421450895e+01
1.188059732701237259e+01
1.188058237786772864e+01
1.188057200748682440e+01
1.188054438784405065e+01
1.188049594293694078e+01
1.188045480583645030e+01
1.188041900311441523e+01
1.188036815603130236e+01
1.188031983676241765e+01
1.188029440306459250e+01
1.188027246546418958e+01
1.188024713837697277e+01
1.188024470616092465e+01
1.188026363835299115e+01
1.188027879668086761e+01
1.188030060312043368e+01
1.188034674982061212e+01
1.188039472618568482e+01
1.188043006750827324e+01
1.188047427019132485e+01
1.188052575831997260e+01
1.188055646199762450e+01
1.188057298578411469e+01
1.188059513258230560e+01
1.188060416216817217e+01
1.188058554214004303e+01
1.188056353743915672e+01
1.188054407901584852e+01
1.188050372508959995e+01
1.188045092684808424e+01
1.188041174190520977e+01
1.188037391047008917e+01
1.188032369666992061e+01
1.188028614813817541e+01
1.188027126299395775e+01
1.188025540083893183e+01
1.188024229607147042e+01
1.188025644189728602e+01
1.188028450073083953e+01
1.188030608058162407e+01
1.188033961138728856e+01
1.188039317693596253e+01
1.188043890664533819e+01
1.188047330575803429e+01
1.188051834176960142e+01
1.188056140057203081e+01
1.188057908861276957e+01
1.188058819044330505e+01
1.188060111209035696e+01
1.188059367545944944e+01
1.188056288808935079e+01
1.188053560866703151e+01
1.188050701866791492e+01
1.188045706095898346e+01
1.188040485234536270e+01
1.188036950344146270e+01
1.188033135598722367e+01
1.188028649138681025e+01
1.188026274622270861e+01
1.188025805469847995e+01
1.188024952132087719e+01
1.188025088344974911e+01
1.188027992379244857e+01
1.188031411424927342e+01
1.188034173549937123e+01
1.188038524349055614e+01
1.188044113160846749e+01
1.188048141102777144e+01
1.188051384525936527e+01
1.188055604252422448e+01
1.188058651865366855e+01
1.188059097644095452e+01
1.188059275784191193e+01
1.188059423996869768e+01
1.188057065673443446e+01
1.188053124335336364e+01
1.188050021035842363e+01
1.188046323643677482e+01
1.188040803971286863e+01
1.188036093177495722e+01
1.188033063385502963e+01
1.188029445742641244e+01
1.188025946391114829e+01
1.188025096580959605e+01
1.188025548538180587e+01
1.188025561609286207e+01
1.188027236013820875e+01
1.188031311319399563e+01
1.188035052645913936e+01
1.188038363913587681e+01
1.188043406696675142e+01
1.188048702175362337e+01
1.188051964099496161e+01
1.188054897141802968e+01
1.188058434306162781e+01
1.188059942457855200e+01
1.188059167732596499e+01
1.188058615532223783e+01
1.188057470190739195e+01
1.188053704468502225e+01
1.188049296338646776e+01
1.188045940891342589e+01
1.188041578860415726e+01
1.188036046864152517e+01
1.188032204989184493e+01
1.188029751557134794e+01
1.188026608682456597e+01
1.188024469482877521e+01
1.188025124084455797e+01
1.188026369318636277e+01
1.188027366345617253e+01
1.188030510691210395e+01
1.188035334865397985e+01
1.188039147076053936e+01
1.188042911709463034e+01
1.188048231511091757e+01
1.188052756313108738e+01
1.188055133973608690e+01
1.188057616485798818e+01
1.188060089821890131e+01
1.188059945019395336e+01
1.188058142171897913e+01
1.188056849921466096e+01
1.188054371805012011e+01
1.188049558088457403e+01
1.188045068602208687e+01
1.188041565458633286e+01
1.188036816334009771e+01
1.188031797316524418e+01
1.188029059807140442e+01
1.188027226916377721e+01
1.188024860939364657e+01
1.188024323655735515e+01
1.188026315212050399e+01
1.188028224574776104e+01
1.188030275116664036e+01
1.188034656345452333e+01
1.188039760199305661e+01
1.188043447032471001e+01
1.188047507995188923e+01
1.188052622357528065e+01
1.188056002603900474e+01
1.188057466763019931e+01
1.188059329157162836e+01
1.188060428634564403e+01
1.188058694698660744e+01
1.188056104639283461e+01
1.188054061591681076e+01
1.188050348647597332e+01
1.188044953758566180e+01
1.188040715346329002e+01
1.188037168944664401e+01
1.188032400047002213e+01
1.188028368109183219e+01
1.188026837151077331e+01
1.188025664288802830e+01
1.188024364011094569e+01
1.188025503524510107e+01
1.188028553704209145e+01
1.188031014242154981e+01
1.188034107043395338e+01
1.188039346330345225e+01
1.188044273486849356e+01
1.188047693546195127e+01
1.188051822267424917e+01
1.188056237455369768e+01
1.188058240656220121e+01
1.188058825636910321e+01
1.188059879996495560e+01
1.188059416290148640e+01
1.188056319007571560e+01
1.188053191150291710e+01
1.188050406556934746e+01
1.188045702186685482e+01
1.188040241194860336e+01
1.188036506202132969e+01
1.188033041767150166e+01
1.188028677247387854e+01
1.188025997077141938e+01
1.188025652368366458e+01
1.188025189287950134e+01
1.188025185084240753e+01
1.188027896597411015e+01
1.188031663761247714e+01
1.188034582556669072e+01
1.188038599806162132e+01
1.188044213819514994e+01
1.188048572880487797e+01
1.188051626267825434e+01
1.188055527575710357e+01
1.188058800792283520e+01
1.188059351430799992e+01
1.188059125267139038e+01
1.188059190135096621e+01
1.188057130651226956e+01
1.188053020761920919e+01
1.188049581772024332e+01
1.188046111031385621e+01
1.188040790226242294e+01
1.188035762374187598e+01
1.188032694179288384e+01
1.188029473490916565e+01
1.188025946222374429e+01
1.188024830749126970e+01
1.188025556522413773e+01
1.188025866194442237e+01
1.188027285768357899e+01
1.188031297244637230e+01
1.188035426291250651e+01
1.188038721173596812e+01
1.188043426991014861e+01
1.188048885505309826e+01
1.188052387040137603e+01
1.188054994483991500e+01
1.188058328644491368e+01
1.188060126277132511e+01
1.188059298102830219e+01
1.188058335895829387e+01
1.188057270672100785e+01
1.188053754975808651e+01
1.188049056407220938e+01
1.188045492678080173e+01
1.188041461383390462e+01
1.188035995036815962e+01
1.188031824938019199e+01
1.188029506103948485e+01
1.188026732222948212e+01
1.188024427621134294e+01
1.188024917902640354e+01
1.188026539145025318e+01
1.188027687209169336e+01
1.188030520968493420e+01
1.188035428902060708e+01
1.188039594677429989e+01
1.188043175606224366e+01
1.188048223553923322e+01
1.188053014561390874e+01
1.188055488387572289e+01
1.188057569911953770e+01
1.188059989969845276e+01
1.188060132243104050e+01
1.188058120453638367e+01
1.188056487196185174e+01
1.188054229372466963e+01
1.188049560258366633e+01
1.188044712762072130e+01
1.188041168169085537e+01
1.188036786763469088e+01
1.188031688577233957e+01
1.188028681635219108e+01
1.188027134574346633e+01
1.188025041985189567e+01
1.188024242923546048e+01
1.188026212719274710e+01
1.188028532402856996e+01
1.188030565081965761e+01
1.188034648745044386e+01
1.188039971369414260e+01
1.188043908867819454e+01
1.188047656158073195e+01
1.188052617085293505e+01
1.188056309158491608e+01
1.188057701306246194e+01
1.188059161327347546e+01
1.188060360412951155e+01
1.188058844977111406e+01
1.188055924830659649e+01
1.188053671298352754e+01
1.188050268404008492e+01
1.188044879064551296e+01
1.188040284882927367e+01
1.188036871789018001e+01
1.188032435092539352e+01
1.188028198886217801e+01
1.188026517051735809e+01
1.188025730443695949e+01
1.188024560432442556e+01
1.188025402799559949e+01
1.188028585995061981e+01
1.188031415704438487e+01
1.188034331217876094e+01
1.188039350527833804e+01
1.188044589676456297e+01
1.188048107423488275e+01
1.188051853959645854e+01
1.188056261521550638e+01
1.188058553662215644e+01
1.188058906252627267e+01
1.188059630269148492e+01
1.188059390915445590e+01
1.188056391472836104e+01
1.188052871839442481e+01
1.188050043743536754e+01
1.188045672203339720e+01
1.188040074168808502e+01
1.188036057020385527e+01
1.188032875523132326e+01
1.188028744299011130e+01
1.188025781543610471e+01
1.188025441670566451e+01
1.188025395177975341e+01
1.188025359810700365e+01
1.188027806810852205e+01
1.188031842006792616e+01
1.188035020450588242e+01
1.188038740999487430e+01
1.188044259601146990e+01
1.188048961180662033e+01
1.188051937898093691e+01
1.188055461835131865e+01
1.188058869382189187e+01
1.188059620862324017e+01
1.188059041125810111e+01
1.188058906251779234e+01
1.188057142637837771e+01
1.188052983018313213e+01
1.188049163610622294e+01
1.188045820815577969e+01
1.188040785916630071e+01
1.188035505844221973e+01
1.188032287681607002e+01
1.188029446316502202e+01
1.188026011723402853e+01
1.188024599335521714e+01
1.188025492278192274e+01
1.188026173049727774e+01
1.188027414108127822e+01
1.188031254384941171e+01
1.188035738276266784e+01
1.188039135323134055e+01
1.188043487253837860e+01
1.188048994604576336e+01
1.188052798251247921e+01
1.188055166393763606e+01
1.188058198684364619e+01
1.188060238632941434e+01
1.188059474951638705e+01
1.188058101201400873e+01
1.188056999304722439e+01
1.188053783988445744e+01
1.188048892300064985e+01
1.188045031836437282e+01
1.188041271792704201e+01
1.188035986271099453e+01
1.188031501586719685e+01
1.188029198853205948e+01
1.188026829758368308e+01
1.188024465250887296e+01
1.188024712045865527e+01
1.188026637059490476e+01
1.188028043856930793e+01
1.188030594873066548e+01
1.188035465493588916e+01
1.188040005626360340e+01
1.188043513030541476e+01
1.188048221653365033e+01
1.188053194103566490e+01
1.188055864920761628e+01
1.188057587240579416e+01
1.188059835086107796e+01
1.188060270908108151e+01
1.188058166241185098e+01
1.188056138520229510e+01
1.188054007427926528e+01
1.188049576485241055e+01
1.188044427274658510e+01
1.188040726978557871e+01
1.188036705186487296e+01
1.188031647942225888e+01
1.188028331423317852e+01
1.188026968677898942e+01
1.188025231610719956e+01
1.188024239834338225e+01
1.188026076852117363e+01
1.188028783492895890e+01
1.188030917509012419e+01
1.188034677203316747e+01
1.188040108238895165e+01
1.188044366500370330e+01
1.188047879636629567e+01
1.188052582567059190e+01
1.188056548194160023e+01
1.188057987028789952e+01
1.188059033459221858e+01
1.188060217127292439e+01
1.188058978974322777e+01
1.188055819553287940e+01
1.188053260964261959e+01
1.188050116796554967e+01
1.188044850928036666e+01
1.188039905066238688e+01
1.188036508318265128e+01
1.188032448918852779e+01
1.188028109263356491e+01
1.188026190896027146e+01
1.188025726462345943e+01
1.188024798737649235e+01
1.188025362581390354e+01
1.188028558373624222e+01
1.188031787363459379e+01
1.188034632219849840e+01
1.188039356091076293e+01
1.188044829789630619e+01
1.188048550357348887e+01
1.188051947410713538e+01
1.188056226704204121e+01
1.188058823631471128e+01
1.188059056418892823e+01
1.188059388061355648e+01
1.188059285212212757e+01
1.188056482791617974e+01
1.188052618736113430e+01
1.188049630538981205e+01
1.188045593276478762e+01
1.188039976687737642e+01
1.188035628641184260e+01
1.188032634033475077e+01
1.188028825478562389e+01
1.188025641328825088e+01
1.188025192537513064e+01
1.188025548882591664e+01
1.188025601711417067e+01
1.188027748558302399e+01
1.188031946244034032e+01
1.188035461755821132e+01
1.188038958055735783e+01
1.188044271853295797e+01
1.188049286929088488e+01
1.188052305860004587e+01
1.188055431563980591e+01
1.188058861045509040e+01
1.188059880011058489e+01
1.188059030493036339e+01
1.188058595471982315e+01
1.188057084900226279e+01
1.188052995071397078e+01
1.188048789746020262e+01
1.188045459813352522e+01
1.188040764929456827e+01
1.188035327814440834e+01
1.188031868126214796e+01
1.188029350362236336e+01
1.188026124188191623e+01
1.188024424125302225e+01
1.188025365398768862e+01
1.188026456613393833e+01
1.188027621745965590e+01
1.188031208069489075e+01
1.188035977339815652e+01
1.188039585610797921e+01
1.188043607147911374e+01
1.188049042035247815e+01
1.188053172877929065e+01
1.188055410338922790e+01
1.188058070380278508e+01
1.188060271212544805e+01
1.188059675892142408e+01
1.188057928760811421e+01
1.188056671621253102e+01
1.188053767654563764e+01
1.188048798580315513e+01
1.188044584301366413e+01
1.188041005210969736e+01
1.188035996515471027e+01
1.188031249981495030e+01
1.188028847575023761e+01
1.188026879178356054e+01
1.188024573576238829e+01
1.188024532358252827e+01
1.188026661174465914e+01
1.188028411223887915e+01
1.188030744510751013e+01
1.188035464631472671e+01
1.188040359590117490e+01
1.188043912138517477e+01
1.188048251034022940e+01
1.188053296181109175e+01
1.188056237936107529e+01
1.188057677486848007e+01
1.188059647287292719e+01
1.188060342679274406e+01
1.188058265183064321e+01
1.188055827916692664e+01
1.188053710750263470e+01
1.188049580647782832e+01
1.188044218373462080e+01
1.188040265363045123e+01
1.188036555992554533e+01
1.188031658304449323e+01
1.188028031981679788e+01
1.188026736974497943e+01
1.188025403899887777e+01
1.188024317289997356e+01
1.188025932287197151e+01
1.188028964860229486e+01
1.188031312885598112e+01
1.188034762770067942e+01
1.188040181428443276e+01
1.188044794608643251e+01
1.188048177896381929e+01
1.188052544475077887e+01
1.188056709399970323e+01
1.188058302656777343e+01
1.188058964319001376e+01
1.188060012561333423e+01
1.188059072065493460e+01
1.188055785362148953e+01
1.188052856505920474e+01
1.188049886861471549e+01
1.188044846260064347e+01
1.188039592524761900e+01
1.188036094839462464e+01
1.188032418322460160e+01
1.188028092544695014e+01
1.188025884648829589e+01
1.188025648513882437e+01
1.188025054437725991e+01
1.188025396879327999e+01
1.188028489375247077e+01
1.188032107738733600e+01
1.188035000041221956e+01
1.188039388742831015e+01
1.188044992950845824e+01
1.188048997114981198e+01
1.188052113525052533e+01
1.188056153907716350e+01
1.188059030809131933e+01
1.188059263489326689e+01
1.188059178128811588e+01
1.188059101820586250e+01
1.188056567046828604e+01
1.188052439979121644e+01
1.188049189547088957e+01
1.188045448095440726e+01
1.188039933369464407e+01
1.188035244728623674e+01
1.188032323155897529e+01
1.188028894680397052e+01
1.188025581495830352e+01
1.188024928860130025e+01
1.188025635751202458e+01
1.188025892684357387e+01
1.188027744108651973e+01
1.188031985147780034e+01
1.188035880797659694e+01
1.188039252512849053e+01
1.188044275746731948e+01
1.188049537955650692e+01
1.188052710068823004e+01
1.188055456927423492e+01
1.188058787666952298e+01
1.188060103687880442e+01
1.188059091882338691e+01
1.188058283563526452e+01
1.188056948388828182e+01
1.188053034954916498e+01
1.188048478255074514e+01
1.188045042762899683e+01
1.188040703111474627e+01
1.188035223710479116e+01
1.188031461451399018e+01
1.188029179844093086e+01
1.188026259900625270e+01
1.188024320900255049e+01
1.188025192906042271e+01
1.188026694341697898e+01
1.188027900644916635e+01
1.188031184302342602e+01
1.188036140572028820e+01
1.188040047314579262e+01
1.188043799468281492e+01
1.188049047302900973e+01
1.188053489930204520e+01
1.188055715413943325e+01
1.188057969102572997e+01
1.188060224464180870e+01
1.188059875392366926e+01
1.188057828543273331e+01
1.188056309205070171e+01
1.188053687070201114e+01
1.188048761660606090e+01
1.188044174454063295e+01
1.188040665526588491e+01
1.188035999676083954e+01
1.188031077261574531e+01
1.188028475276811768e+01
1.188026864199119004e+01
1.188024736086237354e+01
1.188024402129114776e+01
1.188026618238699861e+01
1.188028763390298970e+01
1.188030973554106318e+01
1.188035450777105773e+01
1.188040642679633052e+01
1.188044354126603253e+01
1.188048333177485283e+01
1.188053330677166208e+01
1.188056581862433880e+01
1.188057841119896452e+01
1.188059452027239438e+01
1.188060336481933987e+01
1.188058396547865314e+01
1.188055574811609638e+01
1.188053352369056448e+01
1.188049547830701691e+01
1.188044083573915799e+01
1.188039809117039347e+01
1.188036331412641999e+01
1.188031696929501280e+01
1.188027800698779402e+01
1.188026454932484910e+01
1.188025535327650495e+01
1.188024469342042266e+01
1.188025805096619614e+01
1.188029071640353784e+01
1.188031727125058801e+01
1.188034920097600988e+01
1.188040208901425565e+01
1.188045171127450139e+01
1.188048541841116190e+01
1.188052528637464356e+01
1.188056791041872451e+01
1.188058623183487050e+01
1.188058965667353384e+01
1.188059767096677177e+01
1.188059103912396353e+01
1.188055810488966202e+01
1.188052482912494057e+01
1.188049580420148921e+01
1.188044839198212621e+01
1.188039356355275267e+01
1.188035653390086743e+01
1.188032325420966551e+01
1.188028133971929989e+01
1.188025622418365224e+01
1.188025501432497677e+01
1.188025301496703712e+01
1.188025511520431898e+01
1.188028402579588061e+01
1.188032361336328435e+01
1.188035417285004591e+01
1.188039471152763937e+01
1.188045086999751376e+01
1.188049421888910828e+01
1.188052354760437801e+01
1.188056068071932003e+01
1.188059162213311915e+01
1.188059508042055157e+01
1.188059021173907404e+01
1.188058851907061531e+01
1.188056618775148543e+01
1.188052335113991909e+01
1.188048746309113923e+01
1.188045226882108985e+01
1.188039922654449931e+01
1.188034924106935009e+01
1.188031956752084817e+01
1.188028927505371612e+01
1.188025598255225646e+01
1.188024676592833551e+01
1.188025649015292196e+01
1.188026209436807612e+01
1.188027809884081165e+01
1.188031975050069278e+01
1.188036254560208604e+01
1.188039617186417907e+01
1.188044297370701585e+01
1.188049710411241655e+01
1.188053126151837091e+01
1.188055551462879222e+01
1.188058668231314385e+01
1.188060270312208111e+01
1.188059215348580189e+01
1.188057996019906781e+01
1.188056732773914703e+01
1.188053077248832956e+01
1.188048240070894224e+01
1.188044590629380437e+01
1.188040581048299948e+01
1.188035180642271804e+01
1.188031092404990652e+01
1.188028937661472995e+01
1.188026392874285975e+01
1.188024297601471879e+01
1.188024997371645242e+01
1.188026869213863179e+01
1.188028234971646491e+01
1.188031206765681524e+01
1.188036233780542972e+01
1.188040494508147304e+01
1.188044068714527413e+01
1.188049034617023558e+01
1.188053734672417860e+01
1.188056063567737120e+01
1.188057916759855992e+01
1.188060107553986633e+01
1.188060047653542028e+01
1.188057802067956814e+01
1.188055937217064795e+01
1.188053530463512431e+01
1.188048761308889922e+01
1.188043822404866035e+01
1.188040264908383925e+01
1.188035970629799465e+01
1.188030981805289343e+01
1.188028107648399256e+01
1.188026776162005582e+01
1.188024930472261076e+01
1.188024339408822705e+01
1.188026522909924587e+01
1.188029076486849789e+01
1.188031276848044904e+01
1.188035450061826559e+01
1.188040849031579071e+01
1.188044815355689465e+01
1.188048483381026976e+01
1.188053315001586441e+01
1.188056874071767588e+01
1.188058070031247304e+01
1.188059275180332008e+01
1.188060249796285284e+01
1.188058535535833116e+01
1.188055391877364464e+01
1.188052952041343246e+01
1.188049457204978943e+01
1.188044011911690490e+01
1.188039383483468470e+01
1.188036032354790095e+01
1.188031738081452282e+01
1.188027647531506403e+01
1.188026144027449860e+01
1.188025607398171068e+01
1.188024681889372225e+01
1.188025719769778021e+01
1.188029107648359251e+01
1.188032134292790332e+01
1.188035155771573947e+01
1.188040213932915989e+01
1.188045479724221032e+01
1.188048954865703877e+01
1.188052558074810250e+01
1.188056800195401763e+01
1.188058922660439798e+01
1.188059040969065094e+01
1.188059505352638823e+01
1.188059060822821422e+01
1.188055876131174138e+01
1.188052161465045309e+01
1.188049207827456577e+01
1.188044804087635775e+01
1.188039197056687257e+01
1.188035209280648274e+01
1.188032159655427478e+01
1.188028212422607410e+01
1.188025423706415395e+01
1.188025298179423395e+01
1.188025515284457256e+01
1.188025703481277873e+01
1.188028323945936471e+01
1.188032540379614765e+01
1.188035861161727880e+01
1.188039620330092028e+01
1.188045127637270149e+01
1.188049801174815912e+01
1.188052664890160770e+01
1.188055995291770550e+01
1.188059213157326788e+01
1.188059766032660747e+01
1.188058931546826713e+01
1.188058553851135635e+01
1.188056615900580759e+01
1.188052295110437662e+01
1.188048326447403902e+01
1.188044928476070794e+01
1.188039919275137457e+01
1.188034678614729245e+01
1.188031555127845706e+01
1.188028904033324373e+01
1.188025679388590383e+01
1.188024460824599160e+01
1.188025590531663767e+01
1.188026526155130824e+01
1.188027954561679067e+01
1.188031938124875708e+01
1.188036565246345155e+01
1.188040037025250584e+01
1.188044360720704518e+01
1.188049809252179045e+01
1.188053528159145777e+01
1.188055720589056463e+01
1.188058526620847921e+01
1.188060364401366442e+01
1.188059383579874861e+01
1.188057755204975585e+01
1.188056446458451809e+01
1.188053095983631380e+01
1.188048077734320529e+01
1.188044128239091179e+01
1.188040386274882998e+01
1.188035178859513330e+01
1.188030781757145427e+01
1.188028635046495118e+01
1.188026497833284623e+01
1.188024353394812671e+01
1.188024804397794831e+01
1.188026971613641081e+01
1.188028602935713884e+01
1.188031294081844891e+01
1.188036270879918632e+01
1.188040902946481481e+01
1.188044410621986557e+01
1.188049030094539305e+01
1.188053900332830892e+01
1.188056431612539221e+01
1.188057929344590491e+01
1.188059937299622959e+01
1.188060169552539591e+01
1.188057842222879223e+01
1.188055581550586304e+01
1.188053294538877580e+01
1.188048772933974284e+01
1.188043541734790409e+01
1.188039822404513224e+01
1.188035888111389937e+01
1.188030953381528754e+01
1.188027770193298238e+01
1.188026614969500372e+01
1.188025131206266849e+01
1.188024354912981728e+01
1.188026396142969787e+01
1.188029331348512230e+01
1.188031641036170782e+01
1.188035487273905311e+01
1.188040981510365057e+01
1.188045269993076936e+01
1.188048709048261387e+01
1.188053272087851475e+01
1.188057097457292244e+01
1.188058348444307910e+01
1.188059140110165224e+01
1.188060088950329174e+01
1.188058656077482489e+01
1.188055283617925895e+01
1.188052533988085635e+01
1.188049294429568370e+01
1.188043985152833670e+01
1.188039010337956292e+01
1.188035668257109378e+01
1.188031755994028771e+01
1.188027573830867034e+01
1.188025829360261199e+01
1.188025608692598922e+01
1.188024934321747672e+01
1.188025696390644015e+01
1.188029084984435713e+01
1.188032509510623136e+01
1.188035467587445559e+01
1.188040222442055160e+01
1.188045711660038783e+01
1.188049394728986918e+01
1.188052650387206022e+01
1.188056751948131762e+01
1.188059177120596566e+01
1.188059185021059960e+01
1.188059253367134360e+01
1.188058937341645027e+01
1.188055958547296598e+01
1.188051907369652405e+01
1.188048786753073394e+01
1.188044718445032011e+01
1.188039106430100489e+01
1.188034788279617615e+01
1.188031918941172549e+01
1.188028302852983487e+01
1.188025301156451796e+01
1.188025058413738577e+01
1.188025675337336828e+01
1.188025961254597540e+01
1.188028278844714514e+01
1.188032645699867551e+01
1.188036306065990644e+01
1.188039845689023544e+01
1.188045136649288835e+01
1.188050116413251978e+01
1.188053029729148591e+01
1.188055959826124841e+01
1.188059187816990026e+01
1.188060011478716405e+01
1.188058915662057480e+01
1.188058231113959096e+01
1.188056542291667128e+01
1.188052303341853744e+01
1.188047952814033792e+01
1.188044560420794049e+01
1.188039897170366466e+01
1.188034511726309006e+01
1.188031142772919324e+01
1.188028811054037881e+01
1.188025805659483147e+01
1.188024302914647734e+01
1.188025470582619825e+01
1.188026817428970006e+01
1.188028178083117581e+01
1.188031899879967668e+01
1.188036802270792514e+01
1.188040490839515684e+01
1.188044484942354551e+01
1.188049847712318652e+01
1.188053891459499134e+01
1.188055961032478081e+01
1.188058388856330438e+01
1.188060378377355342e+01
1.188059573812638803e+01
1.188057577867495596e+01
1.188056105578503896e+01
1.188053067633098081e+01
1.188047985071100854e+01
1.188043681506109195e+01
1.188040114663779789e+01
1.188035194017433582e+01
1.188030543931155769e+01
1.188028290303330614e+01
1.188026553080980463e+01
1.188024478760148561e+01
1.188024639725000142e+01
1.188027000395960187e+01
1.188028979285979325e+01
1.188031457666054891e+01
1.188036272348611888e+01
1.188041252765992617e+01
1.188044812685422613e+01
1.188049058745072095e+01
1.188053988919924464e+01
1.188056793801242250e+01
1.188058015165493231e+01
1.188059736213785200e+01
1.188060223308433194e+01
1.188057934035489538e+01
1.188055265933575022e+01
1.188052984825380420e+01
1.188048770398442322e+01
1.188043337944929512e+01
1.188039361795978444e+01
1.188035737131593805e+01
1.188030974305233656e+01
1.188027485352832002e+01
1.188026389074942912e+01
1.188025312466623085e+01
1.188024450773440321e+01
1.188026262851543713e+01
1.188029515639152933e+01
1.188032046117442775e+01
1.188035582994700690e+01
1.188041051430930750e+01
1.188045692887402005e+01
1.188049008892014591e+01
1.188053227740980589e+01
1.188057242413797532e+01
1.188058654665098857e+01
1.188059065053132457e+01
1.188059868374966577e+01
1.188058733809934253e+01
1.188055245848226527e+01
1.188052124158657641e+01
1.188049053285598333e+01
1.188043979855246235e+01
1.188038705728128264e+01
1.188035255997709783e+01
1.188031727828447615e+01
1.188027572156877909e+01
1.188025536852889097e+01
1.188025536117728365e+01
1.188025201903377415e+01
1.188025748310202800e+01
1.188029022710975369e+01
1.188032831723965543e+01
1.188035844842182165e+01
1.188040260001690562e+01
1.188045866818846541e+01
1.188049836036148399e+01
1.188052815786189065e+01
1.188056667659139265e+01
1.188059367311192105e+01
1.188059384531502793e+01
1.188059035650228168e+01
1.188058736876010002e+01
1.188056031738808294e+01
1.188051728054225009e+01
1.188048340156980665e+01
1.188044565546718090e+01
1.188039068476803628e+01
1.188034413736718165e+01
1.188031609860342286e+01
1.188028379189095141e+01
1.188025259073656059e+01
1.188024806315347526e+01
1.188025767627499185e+01
1.188026266197979552e+01
1.188028289132571658e+01
1.188032686680436356e+01
1.188036726441374213e+01
1.188040148005918795e+01
1.188045139406084871e+01
1.188050356105417471e+01
1.188053428730877137e+01
1.188055981347569379e+01
1.188059098761153365e+01
1.188060219390125560e+01
1.188058971291232169e+01
1.188057909553487690e+01
1.188056389628824050e+01
1.188052337436300832e+01
1.188047642945466364e+01
1.188044138064805466e+01
1.188039832494805559e+01
1.188034418114099111e+01
1.188030745638654651e+01
1.188028643517381688e+01
1.188025953041950089e+01
1.188024218027467249e+01
1.188025306750568610e+01
1.188027061097594661e+01
1.188028471685735710e+01
1.188031886236790058e+01
1.188036963470419671e+01
1.188040953693361601e+01
1.188044682156782450e+01
1.188049845804959403e+01
1.188054195512407674e+01
1.188056261217658793e+01
1.188058280117167342e+01
1.188060313461872397e+01
1.188059760373560714e+01
1.188057473286026777e+01
1.188055732127997288e+01
1.188052973836401982e+01
1.188047947848301078e+01
1.188043274548603989e+01
1.188039770847248988e+01
1.188035199986947354e+01
1.188030385329761884e+01
1.188027926775471244e+01
1.188026542929737595e+01
1.188024656596966722e+01
1.188024526290558214e+01
1.188026963028122118e+01
1.188029338167743809e+01
1.188031700426892279e+01
1.188036262910527263e+01
1.188041530713439542e+01
1.188045255596510508e+01
1.188049141601800152e+01
1.188054011028114587e+01
1.188057124702461387e+01
1.188058173946618368e+01
1.188059529902329636e+01
1.188060198550789792e+01
1.188058056323834855e+01
1.188055009290069819e+01
1.188052615003364387e+01
1.188048729031920026e+01
1.188043207797019463e+01
1.188038908943288163e+01
1.188035510649727122e+01
1.188031021470193593e+01
1.188027269944428710e+01
1.188026114537723466e+01
1.188025451065374405e+01
1.188024620292114975e+01
1.188026149090760875e+01
1.188029625227275154e+01
1.188032467736846520e+01
1.188035751230188097e+01
1.188041077308910687e+01
1.188046062372741041e+01
1.188049373119842933e+01
1.188053207659217136e+01
1.188057307975941157e+01
1.188058963491420883e+01
1.188059061098200964e+01
1.188059608918687360e+01
1.188058748886202665e+01
1.188055266132714927e+01
1.188051747329125263e+01
1.188048736355392343e+01
1.188043970053529463e+01
1.188038478041162449e+01
1.188034817995857750e+01
1.188031636267248636e+01
1.188027627118837160e+01
1.188025290321895078e+01
1.188025395235908555e+01
1.188025458605777374e+01
1.188025880598904394e+01
1.188028944726605296e+01
1.188033086040883646e+01
1.188036269588533322e+01
1.188040348885543729e+01
1.188045953768097363e+01
1.188050253064334072e+01
1.188053055980446437e+01
1.188056572485491813e+01
1.188059480919630140e+01
1.188059619588742422e+01
1.188058872440693214e+01
1.188058471281267714e+01
1.188056070421458621e+01
1.188051622315078859e+01
1.188047893699579305e+01
1.188044336331414641e+01
1.188039061208464808e+01
1.188034103952645282e+01
1.188031246896719750e+01
1.188028417316828111e+01
1.188025292905193986e+01
1.188024567882798976e+01
1.188025786107134607e+01
1.188026594692206928e+01
1.188028370622901519e+01
1.188032680241015271e+01
1.188037099623782566e+01
1.188040519373202564e+01
1.188045161933243321e+01
1.188050517156739616e+01
1.188053837276891223e+01
1.188056072741964719e+01
1.188058965496243324e+01
1.188060368621124674e+01
1.188059087804038505e+01
1.188057614501777337e+01
1.188056158353579761e+01
1.188052371806134211e+01
1.188047407093677599e+01
1.188043682802411816e+01
1.188039706359842462e+01
1.188034384222183348e+01
1.188030388238777491e+01
1.188028405062099147e+01
1.188026095494262435e+01
1.188024213365858373e+01
1.188025121975310228e+01
1.188027240710233023e+01
1.188028818939430842e+01
1.188031920541088837e+01
1.188037055388494423e+01
1.188041399692187738e+01
1.188044956112622330e+01
1.188049828021884124e+01
1.188054426211083126e+01
1.188056602566848596e+01
1.188058221890026900e+01
1.188060179541237815e+01
1.188059917578281244e+01
1.188057442236200778e+01
1.188055351443078855e+01
1.188052803517611089e+01
1.188047945355972779e+01
1.188042926999200333e+01
1.188039367649321676e+01
1.188035171870743412e+01
1.188030303564991819e+01
1.188027570252684484e+01
1.188026459430557935e+01
1.188024864209964626e+01
1.188024481582166203e+01
1.188026874783617615e+01
1.188029656016914082e+01
1.188032016461806606e+01
1.188036268701313247e+01
1.188041731660308820e+01
1.188045715420932069e+01
1.188049293335389756e+01
1.188053984637756955e+01
1.188057402066304746e+01
1.188058396876747125e+01
1.188059344134401485e+01
1.188060093531193395e+01
1.188058184061880951e+01
1.188054823638575108e+01
1.188052205309258547e+01
1.188048628482942881e+01
1.188043139637423273e+01
1.188038488909160506e+01
1.188035210325346824e+01
1.188031069018711072e+01
1.188027133214306197e+01
1.188025813245296725e+01
1.188025529044364070e+01
1.188024848727053495e+01
1.188026079076766806e+01
1.188029664666599672e+01
1.188032879937842878e+01
1.188035997819250333e+01
1.188041082762534195e+01
1.188046362703829928e+01
1.188049784562269018e+01
1.188053234489173171e+01
1.188057301960740553e+01
1.188059249028647990e+01
1.188059130971065258e+01
1.188059335436298447e+01
1.188058688278530894e+01
1.188055325150145514e+01
1.188051424346237184e+01
1.188048354683253649e+01
1.188043930253784275e+01
1.188038327015854634e+01
1.188034379714126310e+01
1.188031471448740639e+01
1.188027717148823825e+01
1.188025108757596371e+01
1.188025199648665975e+01
1.188025680055083733e+01
1.188026089468227653e+01
1.188028877060731681e+01
1.188033265398586913e+01
1.188036718690224092e+01
1.188040505509177613e+01
1.188045988819177978e+01
1.188050622633214992e+01
1.188053364021381597e+01
1.188056492478846415e+01
1.188059514019531093e+01
1.188059865869808185e+01
1.188058777460521931e+01
1.188058159468290320e+01
1.188056052940956775e+01
1.188051580417105413e+01
1.188047472874883326e+01
1.188044030400353890e+01
1.188039059168959355e+01
1.188033870088656485e+01
1.188030850809629335e+01
1.188028397817405590e+01
1.188025389754158212e+01
1.188024367994776398e+01
1.188025733373886794e+01
1.188026920844359857e+01
1.188028531259554654e+01
1.188032648952476933e+01
1.188037408363585712e+01
1.188040944135418542e+01
1.188045227907908341e+01
1.188050605275408955e+01
1.188054229415181773e+01
1.188056238692362676e+01
1.188058812203182946e+01
1.188060444312992558e+01
1.188059247335447033e+01
1.188057367931197383e+01
1.188055857590326170e+01
1.188052380575515699e+01
1.188047247050981525e+01
1.188043219663630445e+01
1.188039506979881565e+01
1.188034389801328494e+01
1.188030090884335976e+01
1.188028107585206250e+01
1.188026207942391110e+01
1.188024287322921957e+01
1.188024941989936778e+01
1.188027347344887730e+01
1.188029197652109126e+01
1.188032020863975546e+01
1.188037092580286291e+01
1.188041804864033146e+01
1.188045301803405707e+01
1.188049820503369070e+01
1.188054577523425692e+01
1.188056961565987102e+01
1.188058229565558044e+01
1.188059994014750842e+01
1.188060022665295179e+01
1.188057476890095998e+01
1.188054989341743983e+01
1.188052554146486450e+01
1.188047952751123049e+01
1.188042651796599003e+01
1.188038924614484060e+01
1.188035088861400546e+01
1.188030287699223031e+01
1.188027246087955469e+01
1.188026303230431502e+01
1.188025075929768448e+01
1.188024515606459097e+01
1.188026757060010041e+01
1.188029914178267710e+01
1.188032391769260698e+01
1.188036314253081116e+01
1.188041859224106211e+01
1.188046166270786586e+01
1.188049520618955057e+01
1.188053933043697974e+01
1.188057609363951528e+01
1.188058667594662055e+01
1.188059201927607234e+01
1.188059915324398119e+01
1.188058291208160000e+01
1.188054712747653063e+01
1.188051780221847054e+01
1.188048455063224829e+01
1.188043114688143120e+01
1.188038123160594495e+01
1.188034846287920132e+01
1.188031091325436250e+01
1.188027075744141214e+01
1.188025510484230551e+01
1.188025535660864485e+01
1.188025115009769195e+01
1.188026072392998600e+01
1.188029646720343990e+01
1.188033258065805953e+01
1.188036319798002083e+01
1.188041093802221049e+01
1.188046585854905501e+01
1.188050220605534335e+01
1.188053325259692627e+01
1.188057240081601762e+01
1.188059487611203835e+01
1.188059268742373220e+01
1.188059073947269439e+01
1.188058547290985700e+01
1.188055398850517008e+01
1.188051169807584984e+01
1.188047926480584948e+01
1.188043838378461103e+01
1.188038243729197951e+01
1.188033966826072962e+01
1.188031232037535112e+01
1.188027816996511632e+01
1.188025004128055784e+01
1.188024969497436167e+01
1.188025846259931662e+01
1.188026362727295293e+01
1.188028844893079139e+01
1.188033371377350456e+01
1.188037166433422875e+01
1.188040738566982668e+01
1.188045994177397802e+01
1.188050926714247346e+01
1.188053725107515035e+01
1.188056451603216068e+01
1.188059471548698909e+01
1.188060097359208811e+01
1.188058756400808491e+01
1.188057825213843266e+01
1.188055963781775759e+01
1.188051585153490208e+01
1.188047100174046378e+01
1.188043656015936378e+01
1.188039036371987933e+01
1.188033714862526047e+01
1.188030446324974854e+01
1.188028308137703704e+01
1.188025529870893671e+01
1.188024227565555258e+01
1.188025620391210779e+01
1.188027219416394331e+01
1.188028770213692731e+01
1.188032618479125446e+01
1.188037642760718171e+01
1.188041400682244841e+01
1.188045355942387538e+01
1.188050634356028468e+01
1.188054580758769063e+01
1.188056475187274863e+01
1.188058664946419185e+01
1.188060439629621357e+01
1.188059426763673621e+01
1.188057186014020594e+01
1.188055504063833645e+01
1.188052340564779819e+01
1.188047155909934816e+01
1.188042774520606137e+01
1.188039230979840433e+01
1.188034410235034244e+01
1.188029867362562975e+01
1.188027769910143761e+01
1.188026269121147038e+01
1.188024429662893233e+01
1.188024792409077790e+01
1.188027380600247440e+01
1.188029582407907725e+01
1.188032197920417232e+01
1.188037095994078030e+01
1.188042149831008487e+01
1.188045706073731012e+01
1.188049848022316013e+01
1.188054652224017005e+01
1.188057312378990282e+01
1.188058310739875267e+01
1.188059779771118052e+01
1.188060058423984522e+01
1.188057561665780959e+01
1.188054669237586580e+01
1.188052231996568509e+01
1.188047943903232628e+01
1.188042453703928913e+01
1.188038465809252209e+01
1.188034936602925029e+01
1.188030319484823494e+01
1.188026976334204221e+01
1.188026083481608453e+01
1.188025266051055162e+01
1.188024629723372882e+01
1.188026634987180508e+01
1.188030100974321179e+01
1.188032805876943954e+01
1.188036419660737941e+01
1.188041925405249088e+01
1.188046583185385430e+01
1.188049821414677609e+01
1.188053882160908614e+01
1.188057737705147510e+01
1.188058964003723261e+01
1.188059120974023664e+01
1.188059678995216473e+01
1.188058353683262602e+01
1.188054671694902709e+01
1.188051365702020767e+01
1.188048203303384298e+01
1.188043109174205725e+01
1.188037827150301062e+01
1.188034435972421221e+01
1.188031065935610009e+01
1.188027089356017107e+01
1.188025232111796647e+01
1.188025468561529507e+01
1.188025394179239314e+01
1.188026141720151863e+01
1.188029590962587712e+01
1.188033581509082026e+01
1.188036705778532820e+01
1.188041135828307482e+01
1.188046732470597533e+01
1.188050655713416859e+01
1.188053489481778158e+01
1.188057144133242815e+01
1.188059660505671644e+01
1.188059460485349739e+01
1.188058848695927594e+01
1.188058330094212245e+01
1.188055461176294259e+01
1.188050990423505837e+01
1.188047475044152002e+01
1.188043678305004036e+01
1.188038211579283754e+01
1.188033602347439022e+01
1.188030925334102150e+01
1.188027900642309298e+01
1.188024979976234974e+01
1.188024729231365662e+01
1.188025943826238162e+01
1.188026681210099156e+01
1.188028869648583985e+01
1.188033414062202731e+01
1.188037587400749473e+01
1.188041048074102335e+01
1.188045995390140419e+01
1.188051154490654149e+01
1.188054118247278268e+01
