1.188024147592622981e+01
1.188037213173278062e+01
1.188025903562354557e+01
1.188033978056063766e+01
1.188030125614187860e+01
1.188029373926559984e+01
1.188034505976252220e+01
1.188025734441937686e+01
1.188037026500390958e+01
1.188024560749682124e+01
1.188036763283890807e+01
1.188026228323451328e+01
1.188033842641404014e+01
1.188030124240497898e+01
1.188029381968395271e+01
1.188034621838055216e+01
1.188025440631760432e+01
1.188037436826000715e+01
1.188024191534499252e+01
1.188036907134431353e+01
1.188026433074760746e+01
1.188033291823386328e+01
1.188030882274241407e+01
1.188028641657790807e+01
1.188035122466737192e+01
1.188025310344292329e+01
1.188037205718926081e+01
1.188024648460594257e+01
1.188036419608840788e+01
1.188026785352492531e+01
1.188033141365634471e+01
1.188030882542441802e+01
1.188028661290024246e+01
1.188035214565000963e+01
1.188025050462489673e+01
1.188037575110643829e+01
1.188024322771648400e+01
1.188036522794781646e+01
1.188027022097683272e+01
1.188032572313063540e+01
1.188031641820916029e+01
1.188027937249811039e+01
1.188035683836780088e+01
1.188024961732119955e+01
1.188037298525297913e+01
1.188024822707428640e+01
1.188036000092469280e+01
1.188027398046879313e+01
1.188032411560492285e+01
1.188031638668395829e+01
1.188027973224440004e+01
1.188035748316475448e+01
1.188024738259497681e+01
1.188037626188560836e+01
1.188024539546510105e+01
1.188036065288298637e+01
1.188027662762756265e+01
1.188031829143958795e+01
1.188032394087744059e+01
1.188027270145227021e+01
1.188036182548518482e+01
1.188024693295921352e+01
1.188037303662866861e+01
1.188025081155943674e+01
1.188035510367970282e+01
1.188028058178803725e+01
1.188031663019570416e+01
1.188032382483670091e+01
1.188027326980023979e+01
1.188036215962071296e+01
1.188024508183471184e+01
1.188037589389037763e+01
1.188024838955987583e+01
1.188035540728832729e+01
1.188028346509930167e+01
1.188031072251916953e+01
1.188033129005600053e+01
1.188026649287153624e+01
1.188036611903270234e+01
1.188024508652264721e+01
1.188037221049382453e+01
1.188025420343909566e+01
1.188034957009046622e+01
1.188028756885040593e+01
1.188030905787329239e+01
1.188033104018626673e+01
1.188026731204832309e+01
1.188036611256904074e+01
1.188024363295100372e+01
1.188037465218278932e+01
1.188025216990330257e+01
1.188034956128228359e+01
1.188029064202128460e+01
1.188030311756684476e+01
1.188033836737570859e+01
1.188026082999428468e+01
1.188036966131259398e+01
1.188024410295343714e+01
1.188037051778088227e+01
1.188025835727486701e+01
1.188034347441865712e+01
1.188029484785667833e+01
1.188030150024555098e+01
1.188033793602216548e+01
1.188026193870763869e+01
1.188036928925259161e+01
1.188024305514081647e+01
1.188037255352623767e+01
1.188025668586842443e+01
1.188034319302404285e+01
1.188029806247631193e+01
1.188029557826363103e+01
1.188034507810710316e+01
1.188025578875119415e+01
1.188037240468900180e+01
1.188024399563567179e+01
1.188036798103078162e+01
1.188026321742080960e+01
1.188033689845583929e+01
1.188030232109699824e+01
1.188029405872263666e+01
1.188034441991516488e+01
1.188025722166784703e+01
1.188037164731251671e+01
1.188024335593409830e+01
1.188036962616095060e+01
1.188026187697693103e+01
1.188033638766668076e+01
1.188030562728546080e+01
1.188028820541217812e+01
1.188035133242923536e+01
1.188025143674820328e+01
1.188037431222599238e+01
1.188024476621631997e+01
1.188036463409106958e+01
1.188026871876882140e+01
1.188032993042795482e+01
1.188030988825969203e+01
1.188028683315867440e+01
1.188035040495529948e+01
1.188025322402635098e+01
1.188037315535564353e+01
1.188024453109290413e+01
1.188036590942572346e+01
1.188026767370922521e+01
1.188032923621656956e+01
1.188031323533651396e+01
1.188028109758660200e+01
1.188035704663274039e+01
1.188024783236100745e+01
1.188037535818232193e+01
1.188024640458315062e+01
1.188036052166253498e+01
1.188027478762068689e+01
1.188032266381359747e+01
1.188031744777486232e+01
1.188027992051427972e+01
1.188035581091596704e+01
1.188024999924318159e+01
1.188037379337491650e+01
1.188024656466817319e+01
1.188036145323098580e+01
1.188027399843556609e+01
1.188032183431447208e+01
1.188032078493825772e+01
1.188027434981215080e+01
1.188036214424105985e+01
1.188024502395312076e+01
1.188037552835624133e+01
1.188024888900014453e+01
1.188035569870050701e+01
1.188028134267520919e+01
1.188031519609190845e+01
1.188032489817485171e+01
1.188027341355780919e+01
1.188036056532852847e+01
1.188024759042496470e+01
1.188037355301739062e+01
1.188024942921340177e+01
1.188035631739031572e+01
1.188028076645589515e+01
1.188031428095447595e+01
1.188032817518257822e+01
1.188026805229245753e+01
1.188036655703477429e+01
1.188024304922811147e+01
1.188037482027569069e+01
1.188025218639864633e+01
1.188035022967876841e+01
1.188028829611719317e+01
1.188030762743691504e+01
1.188033213945336009e+01
1.188026739962281475e+01
1.188036460445293585e+01
1.188024602974750898e+01
1.188037243769609219e+01
1.188025308615222819e+01
1.188035057081923718e+01
1.188028788713427808e+01
1.188030667715806565e+01
1.188033530729600429e+01
1.188026228920129590e+01
1.188037022596535763e+01
1.188024193472457490e+01
1.188037324323144972e+01
1.188025625282026709e+01
1.188034418772599565e+01
1.188029555479363530e+01
1.188030005937576838e+01
1.188033907440495440e+01
1.188026195943823993e+01
1.188036787413152418e+01
1.188024533802488136e+01
1.188037046254427587e+01
1.188025748629518574e+01
1.188034429061218056e+01
1.188029526511294165e+01
1.188029912462103610e+01
1.188034208596271668e+01
1.188025713755519064e+01
1.188037310194606988e+01
1.188024169546065778e+01
1.188037081815270213e+01
1.188026103400565425e+01
1.188033765364625260e+01
1.188030302146146866e+01
1.188029259342884281e+01
1.188034560992708499e+01
1.188025716604710524e+01
1.188037033051439373e+01
1.188024552443060955e+01
1.188036765421272101e+01
1.188026257049857293e+01
1.188033756100982608e+01
1.188030280158948493e+01
1.188029172435133418e+01
1.188034842060120511e+01
1.188025266618180886e+01
1.188037514650945958e+01
1.188024233473292668e+01
1.188036757732670168e+01
1.188026646612125603e+01
1.188033071483671677e+01
1.188031059609002327e+01
1.188028532974995244e+01
1.188035165826713779e+01
1.188025308382814060e+01
1.188037194064674296e+01
1.188024658637482567e+01
1.188036405051274969e+01
1.188026827045662159e+01
1.188033047227078320e+01
1.188031039564026692e+01
1.188028457531618542e+01
1.188035422657753237e+01
1.188024893479808775e+01
1.188037633232256951e+01
1.188024384407217404e+01
1.188036356396632165e+01
1.188027247661428731e+01
1.188032346411704410e+01
1.188031817720089123e+01
1.188027836578485541e+01
1.188035713819784078e+01
1.188024976763346885e+01
1.188037268291030024e+01
1.188024850953895140e+01
1.188035969990976248e+01
1.188027450961645037e+01
1.188032311946261999e+01
1.188031794557222121e+01
1.188027777311646460e+01
1.188035942633894848e+01
1.188024599321039965e+01
1.188037664355305978e+01
1.188024620335688120e+01
1.188035883163126272e+01
1.188027898518454251e+01
1.188031599848614661e+01
1.188032566322712924e+01
1.188027179496601171e+01
1.188036197610524347e+01
1.188024726205389214e+01
1.188037254731287717e+01
1.188025126806751253e+01
1.188035466087404224e+01
1.188028120420342049e+01
1.188031560118851360e+01
1.188032535028491310e+01
1.188027140870624621e+01
1.188036395045261528e+01
1.188024388064739867e+01
1.188037607608127288e+01
1.188024938108271478e+01
1.188035344351067479e+01
1.188028590485991032e+01
1.188030841782297031e+01
1.188033295387369037e+01
1.188026570546115224e+01
1.188036610697475126e+01
1.188024560082160441e+01
1.188037153562220638e+01
1.188025482491444507e+01
1.188034900109759562e+01
1.188028826434325325e+01
1.188030801826652016e+01
1.188033251062472218e+01
1.188026556717453985e+01
1.188036773853560035e+01
1.188024262523463825e+01
1.188037463755539136e+01
1.188025333478449852e+01
1.188034747157679405e+01
1.188029314316129614e+01
1.188030082354870487e+01
1.188033995146077437e+01
1.188026017899229458e+01
1.188036947526193998e+01
1.188024480635836433e+01
1.188036966134226802e+01
1.188025913233931341e+01
1.188034279658745795e+01
1.188029559526586532e+01
1.188030047237918829e+01
1.188033933071293724e+01
1.188026032660558862e+01
1.188037074006367355e+01
1.188024224361781300e+01
1.188037234728899882e+01
1.188025801160500450e+01
1.188034099562091939e+01
1.188030060334132010e+01
1.188029331726833071e+01
1.188034656223219621e+01
1.188025528974116085e+01
1.188037203563657052e+01
1.188024488947516666e+01
1.188036694953243178e+01
1.188026413254677216e+01
1.188033613064759564e+01
1.188030309857472844e+01
1.188029306471159074e+01
1.188034571922993266e+01
1.188025575703301406e+01
1.188037291504798532e+01
1.188024274073984543e+01
1.188036923600241579e+01
1.188026334900292369e+01
1.188033410218470820e+01
1.188030818568013025e+01
1.188028599940969166e+01
1.188035269761116730e+01
1.188025110335552803e+01
1.188037375358975645e+01
1.188024584922740345e+01
1.188036343647179649e+01
1.188026975846068112e+01
1.188032909276311955e+01
1.188031067356484805e+01
1.188028589459603701e+01
1.188035159063835877e+01
1.188025191950178083e+01
1.188037423457071284e+01
1.188024410977466694e+01
1.188036534541118883e+01
1.188026927559055679e+01
1.188032688340099519e+01
1.188031578882108974e+01
1.188027896787838422e+01
1.188035827538670475e+01
1.188024767606996512e+01
1.188037460589620053e+01
1.188024767292753303e+01
1.188035916917327128e+01
1.188027593462257947e+01
1.188032177740166517e+01
1.188031821857163450e+01
1.188027905818156427e+01
1.188035686632883348e+01
1.188024886525055024e+01
1.188037468117236273e+01
1.188024633221867177e+01
1.188036072766736062e+01
1.188027571208999156e+01
1.188031943575978389e+01
1.188032331112835394e+01
1.188027231674634976e+01
1.188036322081480378e+01
1.188024505395254593e+01
1.188037458092529519e+01
1.188025033631497429e+01
1.188035420475388193e+01
1.188028257820235645e+01
1.188031428274807766e+01
1.188032563233266004e+01
1.188027264714609288e+01
1.188036147567284218e+01
1.188024663502539724e+01
1.188037424908561768e+01
1.188024937813854365e+01
1.188035544466092475e+01
1.188028257239496455e+01
1.188031185881581386e+01
1.188033065204818861e+01
1.188026613499189210e+01
1.188036746761956408e+01
1.188024327228784571e+01
1.188037367879691075e+01
1.188025380388106100e+01
1.188034860966972239e+01
1.188028960010774782e+01
1.188030670938925226e+01
1.188033281534398533e+01
1.188026674746847178e+01
1.188036535696874907e+01
1.188024525853405855e+01
1.188037294431257429e+01
1.188025320657221151e+01
1.188034956719085855e+01
1.188028976472418385e+01
1.188030425385513489e+01
1.188033771345580547e+01
1.188026050530787892e+01
1.188037095888091166e+01
1.188024235510429882e+01
1.188037191137982518e+01
1.188025802934463826e+01
1.188034245882585083e+01
1.188029690617764800e+01
1.188029915896686717e+01
1.188033967119296896e+01
1.188026143827682013e+01
1.188036845826825783e+01
1.188024475404803759e+01
1.188037078454432560e+01
1.188025776607751993e+01
1.188034317401683815e+01
1.188029719285065866e+01
1.188029672253844282e+01
1.188034440096967082e+01
1.188025550299412991e+01
1.188037364779699701e+01
1.188024231485235127e+01
1.188036930213274189e+01
1.188026295627195061e+01
1.188033583457298370e+01
1.188030439844332697e+01
1.188029173281592143e+01
1.188034610784964862e+01
1.188025679078871910e+01
1.188037073807218924e+01
1.188024512815787226e+01
1.188036779892400396e+01
1.188026299542125663e+01
1.188033635080427786e+01
1.188030475739059000e+01
1.188028936553944703e+01
1.188035062521565877e+01
1.188025119494884763e+01
1.188037549831104656e+01
1.188024315223768923e+01
1.188036588579009134e+01
1.188026851883251567e+01
1.188032882560447590e+01
1.188031197644067127e+01
1.188028453060744916e+01
1.188035203889944214e+01
1.188025286735723363e+01
1.188037216588633527e+01
1.188024637568488906e+01
1.188036402765640709e+01
1.188026882439932486e+01
1.188032918897694756e+01
1.188031235713451395e+01
1.188028228119641483e+01
1.188035630302412571e+01
1.188024763877258039e+01
1.188037648559437542e+01
1.188024485621177995e+01
1.188036170789682444e+01
1.188027464268085964e+01
1.188032152576836253e+01
1.188031953855581335e+01
1.188027764901345407e+01
1.188035738470060920e+01
1.188024972063575291e+01
1.188037272262991273e+01
1.188024847975058407e+01
1.188035952146946350e+01
1.188027517477710582e+01
1.188032178449241094e+01
1.188031989040294789e+01
1.188027556419502417e+01
1.188036135854391695e+01
1.188024488199668482e+01
1.188037659637888765e+01
1.188024740411984936e+01
1.188035682419836725e+01
1.188028124595229862e+01
1.188031403281031828e+01
1.188032698338619575e+01
1.188027118041205732e+01
1.188036207345100514e+01
1.188024739287275011e+01
1.188037240089111002e+01
1.188025141200269275e+01
1.188035434093477605e+01
1.188028196133733516e+01
1.188031423655671759e+01
1.188032725640825937e+01
1.188026930430012484e+01
1.188036572425832027e+01
1.188024296144672221e+01
1.188037582913483448e+01
1.188025076200433183e+01
1.188035129989395067e+01
1.188028824035947650e+01
1.188030644706443972e+01
1.188033421109877352e+01
1.188026521165016547e+01
1.188036604214985559e+01
1.188024591534587593e+01
1.188037120502637478e+01
1.188025513299496794e+01
1.188034855565627090e+01
1.188028909302155789e+01
1.188030664629565614e+01
1.188033435660467951e+01
1.188026358515342551e+01
1.188036934188938254e+01
1.188024190274918190e+01
1.188037419409127438e+01
1.188025488505967431e+01
1.188034520876337830e+01
1.188029553237483427e+01
1.188029887010937458e+01
1.188034112476721482e+01
1.188025982288016813e+01
1.188036923744158813e+01
1.188024530794299061e+01
1.188036915110206060e+01
1.188025959271557142e+01
1.188034224333790689e+01
1.188029647414976786e+01
1.188029911540022532e+01
1.188034109600818766e+01
1.188025848315318633e+01
1.188037216317849776e+01
1.188024171998825373e+01
1.188037171309909468e+01
1.188025971823247673e+01
1.188033863217874320e+01
1.188030302448339803e+01
1.188029140340772116e+01
1.188034763167015662e+01
1.188025508648638429e+01
1.188037161633054950e+01
1.188024557889580457e+01
1.188036626667920714e+01
1.188026473125691673e+01
1.188033548874286893e+01
1.188030400570200840e+01
1.188029174476456973e+01
1.188034738446879146e+01
1.188025406643092374e+01
1.188037415053280021e+01
1.188024241551716997e+01
1.188036841933832122e+01
1.188026519695889860e+01
1.188033165801457258e+01
1.188031061648886855e+01
1.188028414694704082e+01
1.188035364453315346e+01
1.188025106611548765e+01
1.188037314675685252e+01
1.188024672466957554e+01
1.188036259044439014e+01
1.188027047961814198e+01
1.188032838255820955e+01
1.188031158664464826e+01
1.188028463313457550e+01
1.188035313787797165e+01
1.188025039393886928e+01
1.188037527752864619e+01
1.188024397992670522e+01
1.188036435687369341e+01
1.188027124802940904e+01
1.188032437947082087e+01
1.188031820685565698e+01
1.188027719790060388e+01
1.188035908269763929e+01
1.188024781582400635e+01
1.188037380802586895e+01
1.188024873001048931e+01
1.188035817169154740e+01
1.188027676062931981e+01
1.188032102018016012e+01
1.188031911528369200e+01
1.188027787578526961e+01
1.188035827929525112e+01
1.188024751466035411e+01
1.188037552926556373e+01
1.188024639217120892e+01
1.188035958006447146e+01
1.188027779056935884e+01
1.188031689382450828e+01
1.188032569406890282e+01
1.188027064932582277e+01
1.188036387320132370e+01
1.188024537935425506e+01
1.188037359108540336e+01
1.188025156814992300e+01
1.188035306966170168e+01
1.188028348998508754e+01
1.188031350043632806e+01
1.188032649062688151e+01
1.188027156324463895e+01
1.188036273997875725e+01
1.188024546695372052e+01
1.188037490256581563e+01
1.188024961985048655e+01
1.188035415283632013e+01
1.188028473712228106e+01
1.188030930112680750e+01
1.188033297799414534e+01
1.188026458891782688e+01
1.188036795175542437e+01
1.188024378954843030e+01
1.188037249864696321e+01
1.188025520116299916e+01
1.188034735274949227e+01
1.188029057737390382e+01
1.188030592426198773e+01
1.188033361373642016e+01
1.188026578008112111e+01
1.188036646030593602e+01
1.188024427803857286e+01
1.188037340601693437e+01
1.188025361964377780e+01
1.188034814782509407e+01
1.188029199482122245e+01
1.188030170286294052e+01
1.188033996121856717e+01
1.188025909783486256e+01
1.188037126360582363e+01
1.188024306790871165e+01
1.188037054514945901e+01
1.188025958047656161e+01
1.188034109758704560e+01
1.188029792768769255e+01
1.188029839334809168e+01
1.188034038905420076e+01
1.188026060377084292e+01
1.188036939057215591e+01
1.188024396363118740e+01
1.188037105985672248e+01
1.188025833789003194e+01
1.188034164540392013e+01
1.188029946663267111e+01
1.188029420059285357e+01
1.188034655035572840e+01
1.188025424961123022e+01
1.188037376426642666e+01
1.188024322430922197e+01
1.188036775656580524e+01
1.188026464751974487e+01
1.188033438801758379e+01
1.188030544229576790e+01
1.188029100877919575e+01
1.188034672568172034e+01
1.188025610365991014e+01
1.188037149165643491e+01
1.188024452773402828e+01
1.188036789570213614e+01
1.188026371130662184e+01
1.188033473260669126e+01
1.188030705265622444e+01
1.188028689459093101e+01
1.188035265729643619e+01
1.188025010917236557e+01
1.188037542011503156e+01
1.188024425686377583e+01
1.188036417005506351e+01
1.188027033450849856e+01
1.188032731397236397e+01
1.188031302036591619e+01
1.188028386967947370e+01
1.188035253859763074e+01
1.188025234003556285e+01
1.188037273554544093e+01
1.188024596258215126e+01
1.188036395612581941e+01
1.188026966783700900e+01
1.188032750196228982e+01
1.188031465146263699e+01
1.188027988250287770e+01
1.188035820038885326e+01
1.188024673196520453e+01
1.188037620884369261e+01
1.188024615195112510e+01
1.188035983346473223e+01
1.188027656535347987e+01
1.188031997026615549e+01
1.188032056021502036e+01
1.188027707188501658e+01
1.188035774979652359e+01
1.188024936331866499e+01
1.188037310570870098e+01
1.188024824874723429e+01
1.188035929408584401e+01
1.188027612761585239e+01
1.188032005025525706e+01
1.188032216145243858e+01
1.188027325803787981e+01
1.188036310553218122e+01
1.188024416321551691e+01
1.188037611975751062e+01
1.188024888439739968e+01
1.188035480468988148e+01
1.188028325667922225e+01
1.188031245532722657e+01
1.188032796067097863e+01
1.188027070666017337e+01
1.188036228933378169e+01
1.188024721338836720e+01
1.188037259731998496e+01
1.188025135539779065e+01
1.188035397221638156e+01
1.188028300403877324e+01
1.188031247722943284e+01
1.188032948221671248e+01
1.188026710971341693e+01
1.188036730716917333e+01
1.188024243732215091e+01
1.188037515391788546e+01
1.188025241781326358e+01
1.188034915089769861e+01
1.188029031894084575e+01
1.188030486987900147e+01
1.188033512242790124e+01
1.188026485947508526e+01
1.188036609626243845e+01
1.188024591904795102e+01
1.188037121732194912e+01
1.188025524071219863e+01
1.188034806198874271e+01
1.188029020492233911e+01
1.188030488425198072e+01
1.188033651588203909e+01
1.188026151966965571e+01
1.188037074916421254e+01
1.188024157739628173e+01
1.188037332412831582e+01
1.188025670508133480e+01
1.188034294762786480e+01
1.188029765762346912e+01
1.188029731559091928e+01
1.188034194937622523e+01
1.188025960886090182e+01
1.188036911944952578e+01
1.188024549763903259e+01
1.188036898433312594e+01
1.188025985243883120e+01
1.188034164275407356e+01
1.188029763373880243e+01
1.188029737295564736e+01
1.188034316842137805e+01
1.188025656256926155e+01
1.188037338555520961e+01
1.188024159495185472e+01
1.188037065476289555e+01
1.188026168898726453e+01
1.188033627778073864e+01
1.188030517450814472e+01
1.188028989371667521e+01
1.188034834989002952e+01
1.188025502535786160e+01
1.188037131826098936e+01
1.188024595480928092e+01
1.188036592839854499e+01
1.188026512859598327e+01
1.188033480068047965e+01
1.188030519090902182e+01
1.188029004387747278e+01
1.188034935091351407e+01
1.188025230459735582e+01
1.188037518116919955e+01
1.188024248975136921e+01
1.188036718143986548e+01
1.188026730298605749e+01
1.188032923050702472e+01
1.188031276898741240e+01
1.188028270373797923e+01
1.188035423805432700e+01
1.188025117057046565e+01
1.188037266310593054e+01
1.188024728443677702e+01
1.188036209058727977e+01
1.188027099830207689e+01
1.188032762759887007e+01
1.188031277513623429e+01
1.188028299511219998e+01
1.188035498073405272e+01
1.188024880257502858e+01
1.188037611209348299e+01
1.188024424980905636e+01
1.188036295054452118e+01
1.188027347209341045e+01
1.188032190001363375e+01
1.188032033941286336e+01
1.188027584203206999e+01
1.188035953481583995e+01
1.188024809634231183e+01
1.188037313583299870e+01
1.188024946871201415e+01
1.188035752244234544e+01
1.188027738272506717e+01
1.188032021977293518e+01
1.188032028476287749e+01
1.188027632099836062e+01
1.188035998266211024e+01
1.188024610319826202e+01
1.188037616599589441e+01
1.188024685155142635e+01
1.188035801860793939e+01
1.188028011389003780e+01
1.188031438430188480e+01
1.188032778445662885e+01
1.188026940058084691e+01
1.188036416904186687e+01
1.188024584406165296e+01
1.188037272997351579e+01
1.188025247837642517e+01
1.188035228529031073e+01
1.188028419613839048e+01
1.188031267660975843e+01
1.188032761913218671e+01
1.188027011085467421e+01
1.188036428988784365e+01
1.188024424241251431e+01
1.188037534228998915e+01
1.188025026013299978e+01
1.188035245154977559e+01
1.188028713962559735e+01
1.188030678385488770e+01
1.188033500446858781e+01
1.188026346573879088e+01
1.188036807847304743e+01
1.188024444410705094e+01
1.188037145082811818e+01
1.188025627311430554e+01
1.188034644941987494e+01
1.188029134706917311e+01
1.188030509932830903e+01
1.188033467993644621e+01
1.188026444778373580e+01
1.188036784490726738e+01
1.188024324493122386e+01
1.188037365214287000e+01
1.188025442990305613e+01
1.188034632379534727e+01
1.188029445540744966e+01
1.188029920029160635e+01
1.188034190281110725e+01
1.188025811707635526e+01
1.188037121055731937e+01
1.188024391544042579e+01
1.188036931539578944e+01
1.188026080209278135e+01
1.188034009314037043e+01
1.188029873952351068e+01
1.188029758960369620e+01
1.188034137253373146e+01
1.188025940755890808e+01
1.188037060029250114e+01
1.188024312390485271e+01
1.188037111832563753e+01
1.188025930501708061e+01
1.188033971727874594e+01
1.188030196345825473e+01
1.188029173500579994e+01
1.188034838715338992e+01
1.188025342631414638e+01
1.188037352315380168e+01
1.188024426535309530e+01
1.188036635214617576e+01
1.188026600464271176e+01
1.188033330173287183e+01
1.188030627427221297e+01
1.188029024820526658e+01
1.188034760721556893e+01
1.188025505760939993e+01
1.188037251932699334e+01
1.188024388074471460e+01
1.188036777490835583e+01
1.188026482018474894e+01
1.188033272034542343e+01
1.188030956342561240e+01
1.188028448780791990e+01
1.188035437070822731e+01
1.188024945636230001e+01
1.188037498509726220e+01
1.188024548936806468e+01
1.188036260063826255e+01
1.188027181107125330e+01
1.188032616630792226e+01
1.188031385017994701e+01
1.188028317364689457e+01
1.188035330040853665e+01
1.188025145611711331e+01
1.188037357649730374e+01
1.188024550510411181e+01
1.188036366680372780e+01
1.188027090154444920e+01
1.188032542656886470e+01
1.188031715372620489e+01
1.188027755558824339e+01
1.188035977339437999e+01
1.188024626047783272e+01
1.188037557661554899e+01
1.188024757130000353e+01
1.188035811099053518e+01
1.188027814359540812e+01
1.188031878258513174e+01
1.188032136555986185e+01
1.188027646086742273e+01
1.188035837579364085e+01
1.188024865123735907e+01
1.188037375783482474e+01
1.188024797501692653e+01
1.188035884916549634e+01
1.188027746765259707e+01
1.188031793349723841e+01
1.188032463290641161e+01
1.188027103101911486e+01
1.188036452290925560e+01
1.188024388155129962e+01
1.188037528959445410e+01
1.188025048347200574e+01
1.188035294320968660e+01
1.188028491738379699e+01
1.188031124961110763e+01
1.188032871953564040e+01
1.188027019995902656e+01
1.188036276532857194e+01
1.188024668045384580e+01
1.188037306110286373e+01
1.188025125719184061e+01
1.188035338664971974e+01
1.188028443057450367e+01
1.188031034134685804e+01
1.188033190100118830e+01
1.188026500131366703e+01
1.188036855569730399e+01
1.188024235153232055e+01
1.188037412768638568e+01
1.188025418708629211e+01
1.188034716638686916e+01
1.188029204169297159e+01
1.188030366843277186e+01
1.188033581339268352e+01
1.188026447496048199e+01
1.188036641015907868e+01
1.188024557007663695e+01
1.188037149582658358e+01
1.188025530745828107e+01
1.188034735254872842e+01
1.188029169706220145e+01
1.188030275165982452e+01
1.188033886087303870e+01
1.188025954705767973e+01
1.188037181780130958e+01
1.188024169100163263e+01
1.188037210626147022e+01
1.188025863274386218e+01
1.188034085777231041e+01
1.188029942108280856e+01
1.188029614074391382e+01
1.188034255190031097e+01
1.188025936273150940e+01
1.188036926140728333e+01
1.188024533488975010e+01
1.188036908316542650e+01
1.188026007135805528e+01
1.188034082780943912e+01
1.188029916980340950e+01
1.188029526594399954e+01
1.188034541951305378e+01
1.188025474113019797e+01
1.188037426558510923e+01
1.188024190889540321e+01
1.188036925220167994e+01
1.188026376110615345e+01
1.188033410174060123e+01
1.188030695669487713e+01
1.188028876752306395e+01
1.188034884458735263e+01
1.188025493192328597e+01
1.188037128082635974e+01
1.188024597795313397e+01
1.188036585562964120e+01
1.188026548487478706e+01
1.188033389994910749e+01
1.188030674872496562e+01
1.188028798431334287e+01
1.188035148928669926e+01
1.188025064772740969e+01
1.188037586631803855e+01
1.188024300238556741e+01
1.188036560354078652e+01
1.188026950368979762e+01
1.188032698866056691e+01
1.188031454757657102e+01
1.188028164768095962e+01
1.188035460695391698e+01
1.188025124205891103e+01
1.188037244131283288e+01
1.188024749056171459e+01
1.188036185664485700e+01
1.188027147529138361e+01
1.188032666188311026e+01
1.188031433233322787e+01
1.188028100414702770e+01
1.188035698910762150e+01
1.188024732150274687e+01
1.188037659861336337e+01
1.188024495691768045e+01
1.188036120895493397e+01
1.188027578378392768e+01
1.188031961368485412e+01
1.188032209203328904e+01
1.188027487673569027e+01
1.188035976160326257e+01
1.188024834273608477e+01
1.188037272726960936e+01
1.188024985236198994e+01
1.188035713997040865e+01
1.188027796216404752e+01
1.188031921068042074e+01
1.188032181907349027e+01
1.188027441878508306e+01
1.188036184552368546e+01
1.188024480683488626e+01
1.188037645271471199e+01
1.188024774640585868e+01
1.188035612711066769e+01
1.188028251747760855e+01
1.188031207547546764e+01
1.188032948899053842e+01
1.188026854553330125e+01
1.188036423927846208e+01
1.188024627296282887e+01
1.188037213481488941e+01
1.188025303162464041e+01
1.188035176897923328e+01
1.188028485839976867e+01
1.188031164626340264e+01
1.188032910869024406e+01
1.188026831627822233e+01
1.188036599370083835e+01
1.188024313723333769e+01
1.188037543062675816e+01
1.188025133358220131e+01
1.188035042587914347e+01
1.188028961478379308e+01
1.188030447488225150e+01
1.188033663934778339e+01
1.188026273903099295e+01
1.188036797979005321e+01
1.188024506063493568e+01
1.188037067183418216e+01
1.188025698566955768e+01
1.188034581580903648e+01
1.188029207142288968e+01
1.188030407006944777e+01
1.188033610356999148e+01
1.188026277820845777e+01
1.188036937829149053e+01
1.188024233488960135e+01
1.188037354608838214e+01
1.188025567049593079e+01
1.188034418142706627e+01
1.188029698084457664e+01
1.188029691359209394e+01
1.188034344730578873e+01
1.188025753515912086e+01
1.188037093282227374e+01
1.188024472216233818e+01
1.188036835787466750e+01
1.188026166143750650e+01
1.188033936039604477e+01
1.188029950441508653e+01
1.188029658369228159e+01
1.188034271004871911e+01
1.188025787859638704e+01
1.188037195417581415e+01
1.188024241037994244e+01
1.188037082438861702e+01
1.188026069915566829e+01
1.188033747719648403e+01
1.188030451720175940e+01
1.188028949276692181e+01
1.188034982164979603e+01
1.188025300377743498e+01
1.188037305860698645e+01
1.188024526224930000e+01
1.188036522388339833e+01
1.188026699620080961e+01
1.188033248940432429e+01
1.188030705761221739e+01
1.188028928752118318e+01
1.188034883966646404e+01
1.188025368290977113e+01
1.188037368706612895e+01
1.188024336252373914e+01
1.188036730202796498e+01
1.188026635230618311e+01
1.188033040278718211e+01
1.188031212311560836e+01
1.188028231168873461e+01
1.188035567697126282e+01
1.188024920573930565e+01
1.188037432845638897e+01
1.188024667383136901e+01
1.188036131179277888e+01
1.188027291840357158e+01
1.188032529506491741e+01
1.188031462964057283e+01
1.188028227939635784e+01
1.188035441035212436e+01
1.188025024718662692e+01
1.188037455396610120e+01
1.188024517839932059e+01
1.188036302622945684e+01
1.188027255432920093e+01
1.188032305275654110e+01
1.188031969691417800e+01
1.188027546642978294e+01
1.188036093481185951e+01
1.188024619207665289e+01
1.188037472514725934e+01
1.188024893817000915e+01
1.188035667395893569e+01
1.188027934862009971e+01
1.188031787394050909e+01
1.188032211887474965e+01
1.188027565329840840e+01
1.188035934752278067e+01
1.188024761728468803e+01
1.188037454347876754e+01
1.188024783351701430e+01
1.188035805430615888e+01
1.188027922225626831e+01
1.188031552535304236e+01
1.188032713735511869e+01
1.188026904856577559e+01
1.188036552471433716e+01
1.188024400331639185e+01
1.188037424315166213e+01
1.188025202510355349e+01
1.188035137246043327e+01
1.188028620061876062e+01
1.188031032563200284e+01
1.188032942479884113e+01
1.188026949808954136e+01
1.188036358508263213e+01
1.188024582826715481e+01
1.188037365595918615e+01
1.188025129214720721e+01
1.188035245289350073e+01
1.188028626688004152e+01
1.188030792120030021e+01
1.188033434498171736e+01
1.188026314394929095e+01
1.188036938516626861e+01
1.188024266893761549e+01
1.188037288871101893e+01
1.188025589345119926e+01
1.188034547826680587e+01
1.188029338251701539e+01
1.188030275144442882e+01
1.188033644935278232e+01
1.188026389632333135e+01
1.188036706630830963e+01
1.188024490393308774e+01
1.188037190350963712e+01
1.188025550779891759e+01
1.188034629705674838e+01
1.188029359394913342e+01
1.188030034194930096e+01
1.188034122345505139e+01
1.188025783155987014e+01
1.188037246442394945e+01
1.188024220697671929e+01
1.188037067975250594e+01
1.188026049156458441e+01
1.188033907028795078e+01
1.188030079801209915e+01
1.188029525303002387e+01
1.188034309824581847e+01
1.188025892313893728e+01
1.188036974460865380e+01
1.188024485649863671e+01
1.188036930981754580e+01
1.188026042384249870e+01
1.188033966928555607e+01
1.188030110543053297e+01
1.188029288891688928e+01
1.188034768084436266e+01
1.188025318244611661e+01
1.188037472120546667e+01
1.188024262378581319e+01
1.188036764564894909e+01
1.188026575801954365e+01
1.188033223431722618e+01
1.188030834767093324e+01
1.188028793102668601e+01
1.188034928221949116e+01
1.188025464525469133e+01
1.188037158414874028e+01
1.188024568643343493e+01
1.188036590983816332e+01
1.188026597426817865e+01
1.188033265838909180e+01
1.188030870082269352e+01
1.188028566172867606e+01
1.188035363085840679e+01
1.188024925877410531e+01
1.188037612524365727e+01
1.188024391394764478e+01
1.188036382682542680e+01
1.188027162243884405e+01
1.188032506188229931e+01
1.188031593026199850e+01
1.188028088370993096e+01
1.188035491824315315e+01
1.188025112007444939e+01
1.188037256032986377e+01
1.188024738245432133e+01
1.188036174932635980e+01
1.188027208457019412e+01
1.188032535830647873e+01
1.188031627850164718e+01
1.188027875698468172e+01
1.188035899400120599e+01
1.188024611299469058e+01
1.188037665769146045e+01
1.188024606034814212e+01
1.188035927421779903e+01
1.188027800643480880e+01
1.188031764901921150e+01
1.188032344411119290e+01
1.188027420567661707e+01
1.188035993062617557e+01
1.188024839491867546e+01
1.188037266011903270e+01
1.188024992167648008e+01
1.188035688422376879e+01
1.188027867274479732e+01
1.188031786684859448e+01
1.188032373708218792e+01
1.188027226696543792e+01
1.188036369863687369e+01
1.188024378714098184e+01
1.188037631137443917e+01
1.188024903440563484e+01
1.188035404859047617e+01
1.188028482465926849e+01
1.188031009498606316e+01
1.188033078846375012e+01
1.188026798657783623e+01
1.188036425203173607e+01
1.188024650639063395e+01
1.188037188222348561e+01
1.188025326991999364e+01
1.188035137990946311e+01
1.188028565038857742e+01
1.188031028438793868e+01
1.188033097677582361e+01
1.188026627839598959e+01
1.188036768194909243e+01
1.188024231226533622e+01
1.188037509088680821e+01
1.188025279645367327e+01
1.188034821972253852e+01
1.188029198594670888e+01
1.188030250093353146e+01
1.188033786483374321e+01
1.188026230991810195e+01
1.188036782437879602e+01
1.188024547988610458e+01
1.188037023710806217e+01
1.188025738216764893e+01
1.188034531032424646e+01
1.188029292388261560e+01
1.188030271251421688e+01
1.188033790072737261e+01
1.188026087128426589e+01
1.188037089078248698e+01
1.188024170802345836e+01
1.188037301252994027e+01
1.188025729627234206e+01
1.188034186547312743e+01
1.188029939453534567e+01
1.188029496855000922e+01
1.188034457832324620e+01
1.188025725193686633e+01
1.188037059962004882e+01
1.188024532925320820e+01
1.188036774685498465e+01
1.188026220316794479e+01
1.188033875698024033e+01
1.188030039564642770e+01
1.188029525267366360e+01
1.188034441631224070e+01
1.188025611784946456e+01
1.188037328235458823e+01
1.188024198241111939e+01
1.188037010409401084e+01
1.188026247376088307e+01
1.188033507073854800e+01
1.188030695134978387e+01
1.188028759869963125e+01
1.188035083889341870e+01
1.188025288058731377e+01
1.188037254038548873e+01
1.188024605660691613e+01
1.188036444486809806e+01
1.188026766817514179e+01
1.188033180786909604e+01
1.188030796544498635e+01
1.188028800481019509e+01
1.188035043637707666e+01
1.188025208155474033e+01
1.188037482482885920e+01
1.188024313165706758e+01
1.188036640448576620e+01
1.188026825974271539e+01
1.188032792631521772e+01
1.188031455532806113e+01
1.188028049007120401e+01
1.188035656257053141e+01
1.188024925462617354e+01
1.188037362048298995e+01
1.188024765230072255e+01
1.188036037542544854e+01
1.188027370381650805e+01
1.188032455628337480e+01
1.188031553173132693e+01
1.188028106602677525e+01
1.188035588040708213e+01
1.188024881625717200e+01
1.188037549774112733e+01
1.188024514027353540e+01
1.188036196320740956e+01
1.188027457689197952e+01
1.188032052768345537e+01
1.188032210477524231e+01
1.188027373785641316e+01
1.188036167257070197e+01
1.188024642282672438e+01
1.188037382524912644e+01
1.188025009505582830e+01
1.188035559308620570e+01
1.188028022907510817e+01
1.188031709956696602e+01
1.188032299300668626e+01
1.188027452928477246e+01
1.188036067560444664e+01
1.188024636548640345e+01
1.188037529227366207e+01
1.188024798126370207e+01
1.188035683969354750e+01
1.188028134076926534e+01
1.188031297372868877e+01
1.188032949872559207e+01
1.188026743247478301e+01
1.188036610032839846e+01
1.188024442332547359e+01
1.188037315174560504e+01
1.188025335224615198e+01
1.188035016195988014e+01
1.188028715637496546e+01
1.188030953781121291e+01
1.188033024917999292e+01
1.188026848215884002e+01
1.188036475786341661e+01
1.188024476186161671e+01
1.188037421137328131e+01
1.188025161648329941e+01
1.188035110251514048e+01
1.188028846095258473e+01
1.188030536541690374e+01
1.188033663829486741e+01
1.188026165836257064e+01
1.188036978641479280e+01
1.188024328311133715e+01
1.188037160879862242e+01
1.188025738033532974e+01
1.188034415484762363e+01
1.188029439275410049e+01
1.188030197251424269e+01
1.188033720290855655e+01
1.188026300566390248e+01
1.188036807262894001e+01
1.188024402665462276e+01
1.188037226971186122e+01
1.188025599715151692e+01
1.188034482846100381e+01
1.188029584224850765e+01
1.188029780444231065e+01
1.188034342800483856e+01
1.188025649284181995e+01
1.188037268133380486e+01
1.188024301766415647e+01
1.188036921688067338e+01
1.188026212545981508e+01
1.188033765226710514e+01
1.188030184110969145e+01
1.188029450522148167e+01
1.188034376090189603e+01
1.188025817317001653e+01
1.188037057562734233e+01
1.188024416950496942e+01
1.188036949348982318e+01
1.188026106450438490e+01
1.188033810150933434e+01
1.188030338596721691e+01
1.188029039186525182e+01
1.188034977706211315e+01
1.188025200508468693e+01
1.188037474618504596e+01
1.188024363074730871e+01
1.188036600783635599e+01
1.188026752415037812e+01
1.188033074137405087e+01
1.188030940149871029e+01
1.188028723616547921e+01
1.188034983517130350e+01
1.188025404941963714e+01
1.188037223345936511e+01
1.188024518829083398e+01
1.188036592008516834e+01
1.188026675058189241e+01
1.188033101170285200e+01
1.188031099124432899e+01
1.188028322675856252e+01
1.188035560057424433e+01
1.188024825518695238e+01
1.188037595318487050e+01
1.188024511435732578e+01
1.188036202445582745e+01
1.188027350418217409e+01
1.188032351479483140e+01
1.188031697247661533e+01
1.188028026292337813e+01
1.188035534420839312e+01
1.188025068966048003e+01
1.188037302404749518e+01
1.188024706915747331e+01
1.188036159755283272e+01
1.188027297913825286e+01
1.188032365394277079e+01
1.188031855639194667e+01
1.188027640488060044e+01
1.188036082068679988e+01
1.188024529336306756e+01
1.188037628603852092e+01
1.188024744883103523e+01
1.188035731990169452e+01
1.188027998554215259e+01
1.188031606938582385e+01
1.188032445245611335e+01
1.188027367910991927e+01
1.188036021407685716e+01
1.188024813890545772e+01
1.188037293693167840e+01
1.188024978670277498e+01
1.188035658398101191e+01
1.188027966666315116e+01
1.188031612671766979e+01
1.188032598026060960e+01
1.188027001739261834e+01
1.188036536762612094e+01
1.188024315927357755e+01
1.188037574015839226e+01
1.188025060310897452e+01
1.188035195699696267e+01
1.188028688150077450e+01
1.188030850493608170e+01
1.188033174106785239e+01
1.188026757312351478e+01
1.188036437940282397e+01
1.188024643132981950e+01
1.188037197340938533e+01
1.188025330431756821e+01
1.188035094671310254e+01
1.188028672350031911e+01
1.188030853078430482e+01
1.188033316359416247e+01
1.188026414963776212e+01
1.188036918063394864e+01
1.188024188149390348e+01
1.188037432272547989e+01
1.188025453515136753e+01
1.188034600738355273e+01
1.188029409977364637e+01
1.188030092283073458e+01
1.188033874050482908e+01
1.188026202696222988e+01
1.188036778425046158e+01
1.188024558981336298e+01
1.188037014651825274e+01
1.188025757467595156e+01
1.188034476144567009e+01
1.188029405504841129e+01
1.188030096781810485e+01
1.188034001035918941e+01
1.188025887999795493e+01
1.188037220878116251e+01
1.188024147713160161e+01
1.188037205259320217e+01
1.188025919250119955e+01
1.188033955056275559e+01
1.188030154375762493e+01
1.188029342469301675e+01
1.188034535683245707e+01
1.188025711512540994e+01
1.188037038287123615e+01
1.188024562563400188e+01
1.188036748086141436e+01
1.188026254036922325e+01
1.188033811121457006e+01
1.188030156302811413e+01
1.188029353905122676e+01
1.188034642903128457e+01
1.188025427884405616e+01
1.188037441164996544e+01
1.188024195159719376e+01
1.188036896003488074e+01
1.188026451298684805e+01
1.188033267283035599e+01
1.188030911382471366e+01
1.188028611102306797e+01
1.188035150124672690e+01
1.188025290361586173e+01
1.188037214031667865e+01
1.188024653831669220e+01
1.188036401227798855e+01
1.188026813467483045e+01
1.188033108528267512e+01
1.188030914679853112e+01
1.188028634391672611e+01
1.188035233382095512e+01
1.188025040759330153e+01
1.188037575987522843e+01
1.188024329853174699e+01
1.188036508633825861e+01
1.188027042555479973e+01
1.188032546612080509e+01
1.188031670865652067e+01
1.188027907985186360e+01
1.188035709126370065e+01
1.188024944905574287e+01
1.188037303290651714e+01
1.188024831563980577e+01
1.188035978736297693e+01
1.188027428245010775e+01
1.188032377794431405e+01
1.188031670470519430e+01
1.188027947871666434e+01
1.188035764582268072e+01
1.188024731788666344e+01
1.188037623553782929e+01
1.188024549989200018e+01
1.188036048325247762e+01
1.188027685122135857e+01
1.188031802677581972e+01
1.188032422660130649e+01
1.188027242542811557e+01
1.188036205182434202e+01
1.188024679792814275e+01
1.188037304854584342e+01
1.188025093379881092e+01
1.188035486284318409e+01
1.188028090113874669e+01
1.188031628726221101e+01
1.188032413544162758e+01
1.188027303533226764e+01
1.188036229407180144e+01
1.188024505089721217e+01
1.188037583240463846e+01
1.188024852619206229e+01
1.188035521229495828e+01
1.188028370413055157e+01
1.188031045425397814e+01
1.188033156703553850e+01
1.188026623695590978e+01
1.188036631629987916e+01
1.188024498595446765e+01
1.188037218688716479e+01
1.188025435772513561e+01
1.188034930481738805e+01
1.188028790187660277e+01
1.188030871375404374e+01
1.188033133940632879e+01
1.188026709999322250e+01
1.188036621649500368e+01
1.188024363677858375e+01
1.188037455601199888e+01
1.188025233689835147e+01
1.188034934392740638e+01
1.188029089270410310e+01
1.188030284979856788e+01
1.188033863171166438e+01
1.188026059739985207e+01
1.188036982738424641e+01
1.188024403761594172e+01
1.188037045933503322e+01
1.188025854155586991e+01
1.188034318787098798e+01
1.188029519068198958e+01
1.188030115904602901e+01
1.188033822003679063e+01
1.188026175212272051e+01
1.188036936074174399e+01
1.188024309426115188e+01
1.188037242359159862e+01
1.188025688097250487e+01
1.188034295661207551e+01
1.188029832086804483e+01
1.188029531508148118e+01
1.188034532607404792e+01
1.188025558237385759e+01
1.188037253786168712e+01
1.188024396582571285e+01
1.188036788889332662e+01
1.188026342924807288e+01
1.188033659407696341e+01
1.188030266971448334e+01
1.188029372451170396e+01
1.188034468510294595e+01
1.188025706327366215e+01
1.188037168488542150e+01
1.188024343040116548e+01
1.188036946383962800e+01
1.188026209755498996e+01
1.188033613576078018e+01
1.188030588933953346e+01
1.188028795084145806e+01
1.188035156052548658e+01
1.188025125912832536e+01
1.188037441123915805e+01
1.188024477175585147e+01
1.188036450985713621e+01
1.188026895532941296e+01
1.188032961189657044e+01
1.188031023858548352e+01
1.188028650991413926e+01
1.188035064794246409e+01
1.188025309617023595e+01
1.188037315798495541e+01
1.188024464048620032e+01
1.188036571653241857e+01
1.188026791678030136e+01
1.188032897259092024e+01
1.188031349695668482e+01
1.188028085553473545e+01
1.188035725162725598e+01
1.188024768564939393e+01
1.188037542223515608e+01
1.188024644482166181e+01
1.188036036735340772e+01
1.188027504577513938e+01
1.188032233499446377e+01
1.188031779570281543e+01
1.188027961206961081e+01
1.188035602862159301e+01
1.188024990386781177e+01
1.188037376049918059e+01
1.188024670809833516e+01
1.188036123199366223e+01
1.188027426071271719e+01
1.188032156290367425e+01
1.188032104203350947e+01
1.188027412401634209e+01
1.188036232321672969e+01
1.188024490988223114e+01
1.188037555711836291e+01
1.188024896282340137e+01
1.188035551673652535e+01
1.188028161899954682e+01
1.188031486098410028e+01
1.188032523963151554e+01
1.188027312355085918e+01
1.188036075500575706e+01
1.188024752904230219e+01
1.188037348454859021e+01
1.188024960533406116e+01
1.188035607042037789e+01
1.188028104439018939e+01
1.188031400580084274e+01
1.188032842372195752e+01
1.188026784626956811e+01
1.188036670742751255e+01
1.188024296908887223e+01
1.188037481389152461e+01
1.188025229224366086e+01
1.188035002284689945e+01
1.188028858694880796e+01
1.188030729012029951e+01
1.188033247045248864e+01
1.188026713144709312e+01
1.188036476372578676e+01
1.188024600341857173e+01
1.188037233402086557e+01
1.188025329317802381e+01
1.188035030107658763e+01
1.188028817696237915e+01
1.188030640235744606e+01
1.188033554336264430e+01
1.188026210620072831e+01
1.188037034559845750e+01
1.188024188934909731e+01
1.188037320231829597e+01
1.188025638869626377e+01
1.188034395914246311e+01
1.188029585628032692e+01
1.188029972395638012e+01
1.188033939110088610e+01
1.188026171619748794e+01
1.188036800102668522e+01
1.188024534734548610e+01
1.188037032451876129e+01
1.188025772202563779e+01
1.188034400136557167e+01
1.188029556290747024e+01
1.188029885426791310e+01
1.188034230580635331e+01
1.188025698051531620e+01
1.188037318905936246e+01
1.188024168521113033e+01
1.188037074379238511e+01
1.188026119752076681e+01
1.188033740671480487e+01
1.188030332961305646e+01
1.188029226398390925e+01
1.188034590866620377e+01
1.188025695051377895e+01
1.188037042348764771e+01
1.188024556952339061e+01
1.188036748315113655e+01
1.188026283234749769e+01
1.188033725579313860e+01
1.188030310331166994e+01
1.188029146248398860e+01
1.188034862068844077e+01
1.188025253769059297e+01
1.188037519978288969e+01
1.188024235949674967e+01
1.188036747105107338e+01
1.188026665451460850e+01
1.188033045320299586e+01
1.188031090683176139e+01
1.188028501027330108e+01
1.188035193563677439e+01
1.188025289840628851e+01
1.188037199860366400e+01
1.188024666688757058e+01
1.188036384816980906e+01
1.188026855548677219e+01
1.188033015483568455e+01
1.188031069719401422e+01
1.188028432586253658e+01
1.188035440363921502e+01
1.188024883705839230e+01
1.188037635089391308e+01
1.188024390326351565e+01
1.188036342773669851e+01
1.188027268679302217e+01
1.188032319161973760e+01
1.188031848642806487e+01
1.188027806013345966e+01
1.188035739107194644e+01
1.188024961432657278e+01
1.188037270522087319e+01
1.188024862464931530e+01
1.188035946845720403e+01
1.188027481457879198e+01
1.188032279372834132e+01
1.188031824285898708e+01
1.188027753984147239e+01
1.188035957741396942e+01
1.188024592801042800e+01
1.188037662702947017e+01
1.188024629592451653e+01
1.188035866781212135e+01
1.188027921376525597e+01
1.188031571910555684e+01
1.188032596686002229e+01
1.188027150680835931e+01
1.188036220168621782e+01
1.188024714243803892e+01
1.188037253381993708e+01
1.188025141649400673e+01
1.188035440287158906e+01
1.188028152558062978e+01
1.188031527118938691e+01
1.188032563925859897e+01
1.188027119516143415e+01
1.188036407292762853e+01
1.188024384933673261e+01
1.188037602454454067e+01
1.188024950552414793e+01
1.188035325483795290e+01
1.188028614821403472e+01
1.188030813562767207e+01
1.188033324791221013e+01
1.188026543822812364e+01
1.188036630283089323e+01
1.188024551602442003e+01
1.188037148664353637e+01
1.188025500493358777e+01
1.188034871945869320e+01
1.188028859839678475e+01
1.188030768809796456e+01
1.188033278734588372e+01
1.188026537665040117e+01
1.188036783018008258e+01
1.188024262870610670e+01
1.188037455156087496e+01
1.188025348916607804e+01
1.188034726112118555e+01
1.188029339746371704e+01
1.188030054264105040e+01
1.188034023203804779e+01
1.188025993583124951e+01
1.188036963935996404e+01
1.188024475704394156e+01
1.188036957766634494e+01
1.188025934180869747e+01
1.188034249454027602e+01
1.188029593808600026e+01
1.188030014614287211e+01
1.188033959140153328e+01
1.188026016208748281e+01
1.188037079905979532e+01
1.188024228229553358e+01
1.188037222785819402e+01
1.188025819358786350e+01
1.188034076674673756e+01
1.188030086462166501e+01
1.188029304172944656e+01
1.188034682566633471e+01
1.188025507347378884e+01
1.188037216636881865e+01
1.188024487583519040e+01
1.188036683240784086e+01
1.188026436893375504e+01
1.188033581169183606e+01
1.188030344613290268e+01
1.188029274646050482e+01
1.188034596031598156e+01
1.188025562116116873e+01
1.188037294001503597e+01
1.188024281457347797e+01
1.188036908460927421e+01
1.188026355587432370e+01
1.188033385850475732e+01
1.188030844987597590e+01
1.188028573324482196e+01
1.188035294045459445e+01
1.188025091644012043e+01
1.188037384979568678e+01
1.188024587097862650e+01
1.188036328759051230e+01
1.188027001887628131e+01
1.188032876062315424e+01
1.188031102176756804e+01
1.188028558828024295e+01
1.188035180880975261e+01
1.188025181453588175e+01
1.188037422458362080e+01
1.188024421824007959e+01
1.188036516396238618e+01
1.188026950430022310e+01
1.188032662872818257e+01
1.188031605183242512e+01
1.188027871496321985e+01
1.188035849447231485e+01
1.188024752056848321e+01
1.188037466687789490e+01
1.188024772931557038e+01
1.188035899064797896e+01
1.188027621586015492e+01
1.188032143597671997e+01
1.188031856331530278e+01
1.188027876759529988e+01
1.188035705857568303e+01
1.188024879303946513e+01
1.188037463577411224e+01
1.188024647432490788e+01
1.188036051847677754e+01
1.188027595929099967e+01
1.188031917405596261e+01
1.188032356887250884e+01
1.188027208077509478e+01
1.188036341329838486e+01
1.188024493150304650e+01
1.188037460645676724e+01
1.188025042612446569e+01
1.188035399908968337e+01
1.188028287678053374e+01
1.188031393605999675e+01
1.188032596955845221e+01
1.188027237587697726e+01
1.188036163932783040e+01
1.188024659698236896e+01
1.188037416829343229e+01
1.188024955244108583e+01
1.188035521041864939e+01
1.188028283448858602e+01
1.188031159413871407e+01
1.188033090051458274e+01
1.188026591942775489e+01
1.188036763101788473e+01
1.188024318408257329e+01
1.188037366912710269e+01
1.188025392545195302e+01
1.188034837973057023e+01
1.188028991231704623e+01
1.188030636152870123e+01
1.188033314109223504e+01
1.188026649884945130e+01
1.188036548974284479e+01
1.188024525561775668e+01
1.188037282861769484e+01
1.188025341119229594e+01
1.188034931092717805e+01
1.188029003790811444e+01
1.188030399030397355e+01
1.188033794875969562e+01
1.188026031333667376e+01
1.188037109110495670e+01
1.188024230187373220e+01
1.188037186722922200e+01
1.188025818059447580e+01
1.188034220779618444e+01
1.188029722813012867e+01
1.188029881403853416e+01
1.188033998165613525e+01
1.188026121534157653e+01
1.188036855828137561e+01
1.188024478674969053e+01
1.188037063490549272e+01
1.188025799872725052e+01
1.188034289906164176e+01
1.188029747316995888e+01
1.188029646419896501e+01
1.188034461940420883e+01
1.188025533748159468e+01
1.188037374717996997e+01
1.188024229685547084e+01
1.188036922468370271e+01
1.188026313472376572e+01
1.188033556591505757e+01
1.188030472612467037e+01
1.188029139488362063e+01
1.188034639942329918e+01
1.188025659623102470e+01
1.188037080387838529e+01
1.188024519649466626e+01
1.188036761675464703e+01
1.188026325343424183e+01
1.188033606074247750e+01
1.188030504079067029e+01
1.188028911642918040e+01
1.188035082330159931e+01
1.188025105840221762e+01
1.188037556363067182e+01
1.188024316925852020e+01
1.188036577667095806e+01
1.188026872164805781e+01
1.188032854301201624e+01
1.188031230576391017e+01
1.188028420363967719e+01
1.188035230823048138e+01
1.188025270349490370e+01
1.188037219649317855e+01
1.188024647919969112e+01
1.188036381480573134e+01
1.188026910476635933e+01
1.188032888760047356e+01
1.188031263951547523e+01
1.188028204521081577e+01
1.188035647755644675e+01
1.188024753330700634e+01
1.188037651608926382e+01
1.188024490756233043e+01
1.188036156916007968e+01
1.188027486669862043e+01
