1.188024147592622803e+01
1.188062901897133372e+01
1.188074381588985418e+01
1.188029519753689733e+01
1.188047212612985959e+01
1.188078914434107602e+01
1.188043237861248258e+01
1.188032459115945372e+01
1.188075839317591154e+01
1.188059562413687509e+01
1.188024563117904542e+01
1.188065817056844331e+01
1.188072586036356881e+01
1.188027150477102545e+01
1.188051027693518158e+01
1.188078725344720787e+01
1.188039269705178036e+01
1.188035778560081468e+01
1.188077064937686167e+01
1.188055805012305832e+01
1.188025769328765335e+01
1.188068366861348224e+01
1.188070339621493510e+01
1.188025500684692481e+01
1.188054579026486657e+01
1.188078281156151128e+01
1.188035511446947012e+01
1.188039279996840847e+01
1.188078122663142011e+01
1.188051712148083183e+01
1.188027652980932203e+01
1.188070648329163070e+01
1.188067559522272632e+01
1.188024653567508437e+01
1.188057836852106952e+01
1.188077467806539467e+01
1.188032171299215101e+01
1.188042790881431365e+01
1.188079013297158326e+01
1.188047435286862097e+01
1.188030049600882876e+01
1.188072759660601463e+01
1.188064223539213948e+01
1.188024612830853144e+01
1.188060839991033646e+01
1.188076155007658130e+01
1.188029428954392230e+01
1.188046192883106400e+01
1.188079669628888091e+01
1.188043173857695756e+01
1.188032774300542727e+01
1.188074764311581966e+01
1.188060385533206720e+01
1.188025304924879322e+01
1.188063672085931088e+01
1.188074233771579102e+01
1.188027406665890062e+01
1.188049438806458902e+01
1.188079970116256057e+01
1.188039145418344944e+01
1.188035656119015115e+01
1.188076665513572294e+01
1.188056173661939852e+01
1.188026596217195063e+01
1.188066426047840274e+01
1.188071649329551960e+01
1.188026150873778164e+01
1.188052551861301609e+01
1.188079767773181317e+01
1.188035552152121355e+01
1.188038569558603008e+01
1.188078397138300524e+01
1.188051773956036428e+01
1.188028321373509932e+01
1.188069167000315396e+01
1.188068421040331657e+01
1.188025628765971575e+01
1.188055605867080544e+01
1.188078926971864924e+01
1.188032549362201706e+01
1.188041455921668899e+01
1.188079832845275519e+01
1.188047403526708834e+01
1.188030317632407673e+01
1.188071903659791317e+01
1.188064645968753652e+01
1.188025740569786848e+01
1.188058691613298912e+01
1.188077358222782109e+01
1.188030222462658969e+01
1.188044327555020274e+01
1.188080811477584220e+01
1.188043277848531787e+01
1.188032458526904023e+01
1.188074574811977691e+01
1.188060487502001550e+01
1.188026344851492944e+01
1.188061879296244427e+01
1.188075042142502902e+01
1.188028577962975163e+01
1.188047252330074244e+01
1.188081172410812947e+01
1.188039577469863950e+01
1.188034679187517639e+01
1.188077053734469324e+01
1.188056152291677670e+01
1.188027291979291000e+01
1.188065187238154863e+01
1.188072038309453937e+01
1.188027550603061755e+01
1.188050322469604936e+01
1.188080791471331032e+01
1.188036420946514227e+01
1.188036985442563953e+01
1.188079169593767226e+01
1.188051859173650904e+01
1.188028459335769682e+01
1.188068564192218979e+01
1.188068479217269058e+01
1.188027025018734584e+01
1.188053617099139281e+01
1.188079608436106582e+01
1.188033850478330322e+01
1.188039442807749957e+01
1.188080740611340502e+01
1.188047804946773667e+01
1.188029780084674059e+01
1.188071888929480657e+01
1.188064551558250947e+01
1.188026867697353772e+01
1.188057168827027965e+01
1.188077640961783388e+01
1.188031833742014243e+01
1.188042148283525279e+01
1.188081610340359973e+01
1.188044133923863299e+01
1.188031256932927526e+01
1.188074987189992981e+01
1.188060467596085878e+01
1.188026962988907087e+01
1.188060942169731327e+01
1.188074984036579451e+01
1.188030281471280958e+01
1.188045193639664987e+01
1.188081678062076918e+01
1.188040918574545479e+01
1.188032955789543621e+01
1.188077661954944730e+01
1.188056430887298731e+01
1.188027244795025972e+01
1.188064828279128271e+01
1.188071796103491984e+01
1.188029077270285505e+01
1.188048630419448948e+01
1.188080917444810147e+01
1.188038156037272941e+01
1.188034980990005707e+01
1.188079729263998452e+01
1.188052603199741597e+01
1.188027714733097362e+01
1.188068657076147439e+01
1.188068273638665318e+01
1.188028113746026726e+01
1.188052444852988643e+01
1.188079381509855459e+01
1.188035781268258795e+01
1.188037439926187488e+01
1.188081050779254255e+01
1.188049080626744569e+01
1.188028440555317822e+01
1.188072223957018103e+01
1.188064617684235813e+01
1.188027326550533758e+01
1.188056547795465434e+01
1.188077193964904588e+01
1.188033694146148278e+01
1.188040407076351102e+01
1.188081556697242824e+01
1.188045884880187764e+01
1.188029535208468168e+01
1.188075324317952131e+01
1.188060998935571888e+01
1.188026716629789448e+01
1.188060781761886631e+01
1.188074527652453405e+01
1.188031795072578234e+01
1.188043895850921139e+01
1.188081256094319116e+01
1.188042971767684897e+01
1.188031123411756518e+01
1.188077787483868342e+01
1.188057529884967423e+01
1.188026353427679638e+01
1.188064943456053690e+01
1.188071572729170278e+01
1.188030020779154228e+01
1.188047843912917756e+01
1.188080233699154142e+01
1.188040255094714936e+01
1.188033305349416402e+01
1.188079503275611160e+01
1.188054251108211545e+01
1.188026358139801175e+01
1.188068816178863685e+01
1.188068500748538625e+01
1.188028370291373292e+01
1.188052114936436965e+01
1.188078632765706644e+01
1.188037641110667053e+01
1.188036125969210843e+01
1.188080437453371552e+01
1.188051134931979469e+01
1.188026872827603064e+01
1.188072204269094101e+01
1.188065433465588505e+01
1.188026912876736496e+01
1.188056516428404841e+01
1.188076625674983866e+01
1.188035065478542762e+01
1.188039555961493043e+01
1.188080634008347580e+01
1.188048105714371516e+01
1.188028024440335528e+01
1.188074962625773878e+01
1.188062424427661767e+01
1.188025775797528460e+01
1.188060829232209947e+01
1.188074377839631346e+01
1.188032522534137847e+01
1.188043488179573970e+01
1.188080202888752446e+01
1.188045072548485948e+01
1.188029892159532253e+01
1.188077016831171306e+01
1.188059457791339746e+01
1.188025116528472580e+01
1.188064841604840893e+01
1.188072013853425624e+01
1.188030077870067025e+01
1.188047750325090846e+01
1.188079293718335627e+01
1.188041966782815706e+01
1.188032484420164892e+01
1.188078370892863234e+01
1.188056464637311649e+01
1.188025087797130830e+01
1.188068380915339617e+01
1.188069594781184080e+01
1.188027860832135296e+01
1.188052130819592200e+01
1.188078060325415208e+01
1.188038774106658657e+01
1.188035730055344530e+01
1.188079100115284348e+01
1.188053353381208765e+01
1.188025803634809385e+01
1.188071337908083969e+01
1.188067112175295392e+01
1.188026040376703385e+01
1.188056411647436583e+01
1.188076624952079818e+01
1.188035551590116512e+01
1.188039485533560935e+01
1.188079328530378653e+01
1.188050047225481620e+01
1.188027312928890744e+01
1.188073679684364592e+01
1.188064500155038061e+01
1.188024791830164162e+01
1.188060401398812616e+01
1.188075051707654417e+01
1.188032425099127742e+01
1.188043556555362734e+01
1.188079194808483052e+01
1.188046518552414810e+01
1.188029585483793937e+01
1.188075447872795998e+01
1.188061663014703484e+01
1.188024262364676709e+01
1.188063963034305992e+01
1.188073335918103446e+01
1.188029569284796771e+01
1.188047728824355964e+01
1.188078815253564358e+01
1.188042810162975549e+01
1.188032513628828823e+01
1.188076740256592956e+01
1.188058511983459731e+01
1.188024541671106604e+01
1.188067031765860726e+01
1.188071411772971331e+01
1.188027176759813308e+01
1.188051801578867739e+01
1.188078253939381135e+01
1.188039037704858458e+01
1.188035929002314717e+01
1.188077678761499634e+01
1.188055001357665574e+01
1.188025643258639619e+01
1.188069618543399564e+01
1.188069176664082427e+01
1.188025423762152677e+01
1.188055618143511971e+01
1.188077507600447547e+01
1.188035374226478780e+01
1.188039630471879704e+01
1.188078371957148960e+01
1.188051153598691201e+01
1.188027500391321567e+01
1.188071796246391543e+01
1.188066526629555497e+01
1.188024438628835711e+01
1.188059088257884355e+01
1.188076508721763425e+01
1.188032022447658775e+01
1.188043417302278648e+01
1.188078882435903338e+01
1.188047066775577676e+01
1.188029977643856050e+01
1.188073670369375456e+01
1.188063393608852714e+01
1.188024278783435683e+01
1.188062196769737433e+01
1.188075146188478115e+01
1.188029181401952883e+01
1.188047121730407341e+01
1.188079207521987435e+01
1.188042904039352621e+01
1.188032895274165668e+01
1.188075341728622725e+01
1.188059773972650746e+01
1.188024921102746667e+01
1.188064994641444194e+01
1.188073298795687371e+01
1.188027013468079396e+01
1.188050635199521743e+01
1.188079277750517448e+01
1.188038869624149640e+01
1.188036061204339688e+01
1.188076871672178392e+01
1.188055740877513600e+01
1.188026267962517224e+01
1.188067572871413446e+01
1.188070872965282021e+01
1.188025617612873219e+01
1.188053922035701682e+01
1.188078973460683585e+01
1.188035177265290088e+01
1.188039304832132892e+01
1.188078258944865873e+01
1.188051438921107916e+01
1.188028167465829732e+01
1.188070026073180507e+01
1.188067834192318628e+01
1.188025014431886106e+01
1.188057015407480144e+01
1.188078155766458188e+01
1.188032016603306396e+01
1.188042506560372047e+01
1.188079433574472787e+01
1.188047064446254986e+01
1.188030443466635511e+01
1.188072416123415920e+01
1.188064224095600707e+01
1.188025146544410227e+01
1.188059994936201846e+01
1.188076704037163722e+01
1.188029523354757799e+01
1.188045616136103710e+01
1.188080269099464914e+01
1.188042836514315859e+01
1.188032929831494933e+01
1.188074745575811342e+01
1.188060160402246623e+01
1.188025894196053400e+01
1.188062951775002674e+01
1.188074549658411350e+01
1.188027759406701378e+01
1.188048653597799209e+01
1.188080610419672212e+01
1.188038963532192049e+01
1.188035502607876559e+01
1.188076947044300447e+01
1.188055822040587017e+01
1.188027102625905229e+01
1.188065951311792112e+01
1.188071697443336738e+01
1.188026707563403050e+01
1.188051690943327365e+01
1.188080310316235355e+01
1.188035611110117706e+01
1.188038102625550607e+01
1.188078890822169065e+01
1.188051423404851192e+01
1.188028616014181793e+01
1.188069003575693294e+01
1.188068230968529093e+01
1.188026282165616010e+01
1.188054819292259978e+01
1.188079264845696059e+01
1.188032877714856461e+01
1.188040741372637754e+01
1.188080409068338383e+01
1.188047182065196772e+01
1.188030311607704093e+01
1.188072048280474391e+01
1.188064302833440244e+01
1.188026353188703332e+01
1.188058111265205952e+01
1.188077438656745066e+01
1.188030783910370225e+01
1.188043487009104382e+01
1.188081330630590315e+01
1.188043285136042471e+01
1.188032126120294407e+01
1.188074957665933518e+01
1.188060112882448927e+01
1.188026779151322643e+01
1.188061588873621410e+01
1.188074875563081712e+01
1.188029277764891845e+01
1.188046434149940822e+01
1.188081517323792013e+01
1.188039861101840877e+01
1.188034066397274735e+01
1.188077556526267564e+01
1.188055877839924079e+01
1.188027442508646736e+01
1.188065204461583058e+01
1.188071694220137076e+01
1.188028255163812474e+01
1.188049666542507765e+01
1.188080892582116732e+01
1.188036963825932268e+01
1.188036199986601993e+01
1.188079654606382896e+01
1.188051797051591407e+01
1.188028279341089721e+01
1.188068838682840145e+01
1.188068070875653248e+01
1.188027591007522688e+01
1.188053222974954792e+01
1.188079457013608220e+01
1.188034572644896869e+01
1.188038628034216160e+01
1.188081082964306390e+01
1.188048021185842273e+01
1.188029294595898300e+01
1.188072315943894175e+01
1.188064211725533248e+01
1.188027175189635010e+01
1.188057074431143612e+01
1.188077289604201958e+01
1.188032608482393115e+01
1.188041448878282402e+01
1.188081725284975221e+01
1.188044631404717322e+01
1.188030557357275008e+01
1.188075433669177805e+01
1.188060318902194545e+01
1.188026945028630621e+01
1.188061117207492678e+01
1.188074535451111302e+01
1.188030962726933026e+01
1.188044722553454413e+01
1.188081538022588113e+01
1.188041634169080751e+01
1.188032177298830838e+01
1.188077997917587147e+01
1.188056556820461651e+01
1.188026904813101758e+01
1.188065183425002758e+01
1.188071381562083495e+01
1.188029533129920878e+01
1.188048444551718141e+01
1.188080557093143952e+01
1.188038972844050356e+01
1.188034269807906718e+01
1.188079856596844230e+01
1.188053027008528773e+01
1.188027125845205489e+01
1.188069066506467841e+01
1.188068023948079066e+01
1.188028258409808124e+01
1.188052534181250586e+01
1.188078890910962571e+01
1.188036553716275989e+01
1.188036919702073035e+01
1.188080923669879851e+01
1.188049757763627490e+01
1.188027726847829157e+01
1.188072555210825954e+01
1.188064632423928835e+01
1.188027141771807216e+01
1.188056839897979344e+01
1.188076700256870311e+01
1.188034281171924000e+01
1.188040152066852428e+01
1.188081191147237270e+01
1.188046711042957249e+01
1.188028841222579679e+01
1.188075467921783002e+01
1.188061321682459592e+01
1.188026255733650771e+01
1.188061160406920713e+01
1.188074167288963956e+01
1.188032093884758922e+01
1.188043916062748195e+01
1.188080727601983000e+01
1.188043805152159571e+01
1.188030580630000088e+01
1.188077680279844373e+01
1.188058136045662572e+01
1.188025726834869644e+01
1.188065276297563777e+01
1.188071459623734683e+01
1.188029991929047746e+01
1.188048084936379922e+01
1.188079662615876764e+01
1.188040948593924817e+01
1.188033003451792524e+01
1.188079142142038691e+01
1.188055051534564655e+01
1.188025705616688654e+01
1.188068984540531048e+01
1.188068698301569093e+01
1.188028046330332543e+01
1.188052472247609082e+01
1.188078158454046829e+01
1.188038077237711398e+01
1.188036094359667771e+01
1.188079881601127319e+01
1.188051994833934444e+01
1.188026330746322046e+01
1.188072128813023198e+01
1.188065937970883823e+01
1.188026388368597530e+01
1.188056860334673459e+01
1.188076374242958799e+01
1.188035184593834259e+01
1.188039758986248629e+01
1.188079994388740701e+01
1.188048875236265545e+01
1.188027695723943999e+01
1.188074620962034444e+01
1.188063164124292470e+01
1.188025182844541661e+01
1.188061034140466887e+01
1.188074431519633833e+01
1.188032335962322072e+01
1.188043834887662342e+01
1.188079618871550203e+01
1.188045622180202621e+01
1.188029824635165888e+01
1.188076450407224449e+01
1.188060308017808531e+01
1.188024593448099431e+01
1.188064813430159639e+01
1.188072390264508371e+01
1.188029662557985233e+01
1.188048116137650290e+01
1.188078901110461238e+01
1.188042218202898326e+01
1.188032661589492989e+01
1.188077678742760135e+01
1.188057276171807430e+01
1.188024748395813823e+01
1.188068078181153808e+01
1.188070241378366099e+01
1.188027338592296012e+01
1.188052385621083040e+01
1.188077958709611259e+01
1.188038717485200735e+01
1.188036076151466602e+01
1.188078418609217124e+01
1.188053987657185573e+01
1.188025712893944963e+01
1.188070783111775874e+01
1.188067917306755916e+01
1.188025548593593506e+01
1.188056448300884860e+01
1.188076853177468983e+01
1.188035244952369673e+01
1.188039883456102608e+01
1.188078800367013699e+01
1.188050409191600210e+01
1.188027473583451332e+01
1.188072957585867684e+01
1.188065318599183406e+01
1.188024452714901535e+01
1.188060159867681698e+01
1.188075577798731608e+01
1.188031977651110438e+01
1.188043874150508294e+01
1.188078934966224232e+01
1.188046577798447956e+01
1.188029938307633238e+01
1.188074688801889778e+01
1.188062350317197335e+01
1.188024156532841502e+01
1.188063446014275115e+01
1.188074063786265278e+01
1.188029114720170476e+01
1.188047847853730588e+01
1.188078883165027477e+01
1.188042604950691938e+01
1.188032951253533653e+01
1.188076090747203395e+01
1.188058958688963074e+01
1.188024690868413558e+01
1.188066307614961659e+01
1.188072203442880159e+01
1.188026843147998690e+01
1.188051644333972412e+01
1.188078639023140681e+01
1.188038662656062705e+01
1.188036319790614925e+01
1.188077266798451959e+01
1.188055157513252880e+01
1.188026005900918491e+01
1.188068808557090783e+01
1.188069885065471176e+01
1.188025305619243532e+01
1.188055167045738614e+01
1.188078131474592070e+01
1.188034956748693105e+01
1.188039847280814065e+01
1.188078276363099306e+01
1.188051037315331371e+01
1.188027980967139996e+01
1.188071047566032945e+01
1.188067030523474621e+01
1.188024576205297578e+01
1.188058393434666371e+01
1.188077243684171158e+01
1.188031693896288310e+01
1.188043366012137447e+01
1.188079114286456139e+01
1.188046756468613374e+01
1.188030447635378373e+01
1.188073121221581552e+01
1.188063624949406361e+01
1.188024648978072584e+01
1.188061367622461617e+01
1.188075845828491417e+01
1.188029048276528954e+01
1.188046764433895319e+01
1.188079707809583496e+01
1.188042518428106931e+01
1.188033221061509259e+01
1.188075088613741315e+01
1.188059730766278754e+01
1.188025442236037144e+01
1.188064175610048423e+01
1.188073832920262873e+01
1.188027133745391595e+01
1.188050002331276644e+01
1.188079931766120012e+01
1.188038540784462604e+01
1.188036133893808177e+01
1.188076947014820739e+01
1.188055484071202450e+01
1.188026817258204559e+01
1.188066909361629975e+01
1.188071157237064668e+01
1.188025987244992621e+01
1.188053108466554519e+01
1.188079638637191948e+01
1.188035021602688879e+01
1.188039066582537018e+01
1.188078624258427496e+01
1.188051076358438074e+01
1.188028607461841268e+01
1.188069630082186734e+01
1.188067846962173668e+01
1.188025567367781044e+01
1.188056159584282945e+01
1.188078695908635929e+01
1.188032108774842754e+01
1.188041967078667049e+01
1.188079989483143351e+01
1.188046726390204100e+01
1.188030652502285278e+01
1.188072340560562523e+01
1.188064007936510968e+01
1.188025768353536904e+01
1.188059246174708861e+01
1.188077020603972045e+01
1.188029878648496762e+01
1.188044853435651049e+01
1.188080879885902341e+01
1.188042647056062506e+01
1.188032830995356015e+01
1.188074973078502694e+01
1.188059810323323973e+01
1.188026446381423895e+01
1.188062434989862126e+01
1.188074602159132986e+01
1.188028328982411530e+01
1.188047796958929325e+01
1.188081136877125310e+01
1.188039012695205088e+01
1.188035084322022605e+01
1.188077395476528686e+01
1.188055464011674900e+01
1.188027453117023668e+01
1.188065738514138125e+01
1.188071509517224378e+01
1.188027387875307994e+01
1.188050890217238553e+01
1.188080642007164478e+01
1.188035933491203977e+01
1.188037424107390727e+01
1.188079434071832985e+01
1.188051186853998864e+01
1.188028670167439493e+01
1.188069098587131656e+01
1.188067883070350206e+01
1.188026936614770079e+01
1.188054209418631402e+01
1.188079343575605051e+01
1.188033443009376278e+01
1.188039919779357056e+01
1.188080907870216940e+01
1.188047170798064123e+01
1.188030036517243460e+01
1.188072387644701422e+01
1.188063914231606333e+01
1.188026841967849379e+01
1.188057781512726230e+01
1.188077268903519190e+01
1.188031501874319673e+01
1.188042669351989922e+01
1.188081665112647478e+01
1.188043552695212313e+01
1.188031560724689406e+01
1.188075427323957456e+01
1.188059815879276115e+01
1.188026991686240841e+01
1.188061563787946184e+01
1.188074521754457535e+01
1.188030016696244751e+01
1.188045762283774742e+01
1.188081613007521753e+01
1.188040396736807125e+01
1.188033313081804643e+01
1.188078020003864843e+01
1.188055788167002014e+01
1.188027325056383177e+01
1.188065440227167890e+01
1.188071266606684695e+01
1.188028870457410946e+01
1.188049244760976997e+01
1.188080734873539157e+01
1.188037692823785640e+01
1.188035399649393931e+01
1.188079985154586993e+01
1.188051986472987664e+01
1.188027849585951223e+01
1.188069235394697998e+01
1.188067702075592003e+01
1.188027958394897077e+01
1.188053095608593956e+01
1.188079093096746064e+01
1.188035371193353562e+01
1.188037926217790385e+01
1.188081191482381627e+01
1.188048499166404781e+01
1.188028637889446237e+01
1.188072742611384847e+01
1.188064027271170175e+01
1.188027221116412235e+01
1.188057217794635356e+01
1.188076818510530153e+01
1.188033330317414737e+01
1.188040962363633213e+01
1.188081578499572544e+01
1.188045340732701760e+01
1.188029805409165895e+01
1.188075759267866260e+01
1.188060407672119467e+01
1.188026665490671085e+01
1.188061447281868155e+01
1.188074087485060026e+01
1.188031472509903352e+01
1.188044514093637716e+01
1.188081164924219024e+01
1.188042461826616503e+01
1.188031476093379624e+01
1.188078120592122033e+01
1.188056948749631836e+01
1.188026366316907279e+01
1.188065577199108702e+01
1.188071089674036962e+01
1.188029739036706012e+01
1.188048510633246657e+01
1.188080043436366218e+01
1.188039774167488538e+01
1.188033745858415280e+01
1.188079725077988513e+01
1.188053684023639178e+01
1.188026448118959522e+01
1.188069391282946086e+01
1.188067992628838709e+01
1.188028134868907770e+01
1.188052808028214002e+01
1.188078362018398337e+01
1.188037185244030347e+01
1.188036652463817333e+01
1.188080548085523169e+01
1.188050580368899922e+01
1.188027053145685130e+01
1.188072698421882656e+01
1.188064911884458397e+01
1.188026735129223788e+01
1.188057208751127902e+01
1.188076293879939982e+01
1.188034634829085867e+01
1.188040157827958687e+01
1.188080642094676165e+01
1.188047559463217517e+01
1.188028304904855581e+01
1.188075361267495822e+01
1.188061894221750592e+01
1.188025671294945518e+01
1.188061492465799951e+01
1.188074001633094134e+01
1.188032123202369661e+01
1.188044146279233537e+01
1.188080122758439572e+01
1.188044530992736902e+01
1.188030275845300032e+01
1.188077314653866701e+01
1.188058918149746113e+01
1.188025102108199427e+01
1.188065450472505624e+01
1.188071604502194489e+01
1.188029722299050306e+01
1.188048439134248646e+01
1.188079141718971243e+01
1.188041429968130203e+01
1.188032965551445663e+01
1.188078571321168653e+01
1.188055911534594955e+01
1.188025177875301530e+01
1.188068916741214842e+01
1.188069157153763555e+01
1.188027566598942997e+01
1.188052822034608447e+01
1.188077851146995201e+01
1.188038247971416084e+01
1.188036293668172938e+01
1.188079213010545843e+01
1.188052782741783453e+01
1.188026006603154094e+01
1.188071790643880377e+01
1.188066645368637531e+01
1.188025827507051879e+01
1.188057078416504453e+01
1.188076368773348790e+01
1.188035048859547338e+01
1.188040109101933695e+01
1.188079366790576330e+01
1.188049458138825010e+01
1.188027628533340696e+01
1.188074047977336711e+01
1.188063999550985095e+01
1.188024679128492167e+01
1.188061022146882273e+01
1.188074752720873306e+01
1.188031964549324115e+01
1.188044213259440518e+01
1.188079170724683209e+01
1.188045915867952118e+01
1.188030003894976439e+01
1.188075737291537060e+01
1.188061123279910980e+01
1.188024263569226768e+01
1.188064523958087015e+01
1.188072992463587596e+01
1.188029173388415494e+01
1.188048391691662431e+01
1.188078737439200339e+01
1.188042205879227708e+01
1.188033016508802930e+01
1.188076960238821655e+01
1.188057930374872839e+01
1.188024662374409601e+01
1.188067527468131246e+01
1.188071017986015754e+01
1.188026868118172708e+01
1.188052447483081764e+01
1.188078125449787592e+01
1.188038450741125018e+01
1.188036492358419061e+01
1.188077839076478881e+01
1.188054380642759256e+01
1.188025879395673101e+01
1.188070050798753385e+01
1.188068725255877034e+01
1.188025221098817497e+01
1.188056230697724835e+01
1.188077325581429733e+01
1.188034828466090431e+01
1.188040228611929550e+01
1.188078479485240635e+01
1.188050503930510970e+01
1.188027838716739915e+01
1.188072171346431283e+01
1.188066012223416834e+01
1.188024353311824299e+01
1.188059658980339961e+01
1.188076265618735050e+01
1.188031543358074593e+01
1.188044026911619078e+01
1.188078938927773720e+01
1.188046405999211430e+01
1.188030398106498353e+01
1.188073995757523527e+01
1.188062815938970829e+01
1.188024312757415224e+01
1.188062724393439851e+01
1.188074832254789470e+01
1.188028791955349206e+01
1.188047725085553274e+01
1.188079208772985140e+01
1.188042256194252744e+01
1.188033374698188460e+01
1.188075622695568256e+01
1.188059140225608701e+01
1.188025066763681714e+01
1.188065482894307578e+01
1.188072905396205492e+01
1.188026730338327752e+01
1.188051221818894732e+01
1.188079214348367252e+01
1.188038261838167742e+01
1.188036577350249523e+01
1.188077108802379200e+01
1.188055066550315253e+01
1.188026510002424097e+01
1.188068027342195343e+01
1.188070395998309081e+01
1.188025448594636124e+01
1.188054488524282348e+01
1.188078832968888676e+01
1.188034635696539532e+01
1.188039839848515378e+01
1.188078446833622692e+01
1.188050746836236726e+01
1.188028486201907441e+01
1.188070450885860474e+01
1.188067276866495270e+01
1.188024957717060559e+01
1.188057563698172814e+01
1.188077925928233469e+01
1.188031562396200158e+01
1.188043049064492251e+01
1.188079561095356240e+01
1.188046382002372958e+01
1.188030818796476495e+01
1.188072811120665584e+01
1.188063598343689264e+01
1.188025192002672625e+01
1.188060529437912294e+01
1.188076376356555031e+01
1.188029169604177682e+01
1.188046161574104786e+01
1.188080321212407320e+01
1.188042191746364651e+01
1.188033344839341687e+01
1.188075104600648935e+01
1.188059486451781588e+01
1.188026026286306802e+01
1.188063476086055026e+01
1.188074122568911406e+01
1.188027509857809960e+01
1.188049202963459727e+01
1.188080571205482627e+01
1.188038380919406833e+01
1.188035946014076316e+01
1.188077257713796797e+01
1.188055126097358638e+01
1.188027304162923059e+01
1.188066465191820242e+01
1.188071178267200168e+01
1.188026557310099030e+01
1.188052248252101251e+01
1.188080166644795987e+01
1.188035108156850761e+01
1.188038569634340291e+01
1.188079135912895978e+01
1.188050733927406455e+01
1.188028871847338763e+01
1.188069500818901858e+01
1.188067636072328170e+01
1.188026220092253027e+01
1.188055388390983858e+01
1.188079009879791670e+01
1.188032463111489001e+01
1.188041232875892383e+01
1.188080569310271883e+01
1.188046525523193075e+01
1.188030611374971457e+01
1.188072515988354994e+01
1.188063655810437069e+01
1.188026365474452994e+01
1.188058692645700454e+01
1.188077074331055094e+01
1.188030457648249794e+01
1.188044007423786041e+01
1.188081388383288584e+01
1.188042682290164009e+01
1.188032465549342120e+01
1.188075377167261415e+01
1.188059441133161442e+01
1.188026852943012912e+01
1.188062177170138689e+01
1.188074413338144808e+01
1.188029033070600882e+01
1.188046988378900082e+01
1.188081460346649720e+01
1.188039324677992248e+01
1.188034446994776516e+01
1.188077905859625538e+01
1.188055208381049610e+01
1.188027568913863519e+01
1.188065787222508085e+01
1.188071153816553505e+01
1.188028081677801495e+01
1.188050256685218997e+01
1.188080716991106023e+01
1.188036498060850477e+01
1.188036627271160661e+01
1.188079912120087478e+01
1.188051152585249781e+01
1.188028455143850159e+01
1.188069396788649890e+01
1.188067477244212355e+01
1.188027478377993873e+01
1.188053845487874582e+01
1.188079168629782600e+01
1.188034174689540734e+01
1.188039108701155655e+01
1.188081231273375593e+01
1.188047417351377355e+01
1.188029522426454676e+01
1.188072825710234071e+01
1.188063591005071551e+01
1.188027116239775793e+01
1.188057718406753516e+01
1.188076903276899188e+01
1.188032271202295931e+01
1.188041987465502913e+01
1.188081754648081123e+01
1.188044075783369102e+01
1.188030844348076798e+01
1.188075870283600111e+01
1.188059694372782005e+01
1.188026937845057596e+01
1.188061764261782116e+01
1.188074072489631128e+01
1.188030678150287223e+01
1.188045318310207499e+01
1.188081448263172391e+01
1.188041127146748188e+01
1.188032532504845307e+01
1.188078339494726166e+01
1.188055945806532954e+01
1.188026953386504481e+01
1.188065809358240621e+01
1.188070865935263143e+01
1.188029295725483792e+01
1.188049089242923095e+01
1.188080357531182329e+01
1.188038509991701019e+01
1.188034700888500339e+01
1.188080087903827753e+01
1.188052439383270276e+01
1.188027239173041139e+01
1.188069644489982934e+01
1.188067478216888873e+01
1.188028067504125929e+01
1.188053211426096922e+01
1.188078598313830625e+01
1.188036129032020050e+01
1.188037429551062196e+01
1.188081038580365423e+01
1.188049196273940034e+01
1.188027916660610295e+01
1.188073059845916468e+01
1.188064074376042711e+01
1.188027002646980534e+01
1.188057526333384928e+01
1.188076335364500657e+01
1.188033890408118154e+01
1.188040736170662015e+01
1.188081193182742545e+01
1.188046173238702607e+01
1.188029118745817669e+01
1.188075879229841902e+01
1.188060762387008218e+01
1.188026179196776333e+01
1.188061828540932474e+01
1.188073750818702479e+01
1.188031737248131670e+01
1.188044561283548894e+01
1.188080628443197106e+01
1.188043286368572815e+01
1.188030953036056658e+01
1.188077986633141947e+01
1.188057579654329210e+01
1.188025727299571166e+01
1.188065898474810744e+01
1.188071008719731836e+01
1.188029675617847936e+01
1.188048770133657861e+01
1.188079479025505414e+01
1.188040445268433842e+01
1.188033470811891235e+01
1.188079341397130406e+01
1.188054496738109123e+01
1.188025798012057521e+01
1.188069537104313511e+01
1.188068224198113398e+01
1.188027782586532588e+01
1.188053170721306628e+01
1.188077908441034225e+01
1.188037589845075637e+01
1.188036647878318064e+01
1.188079980194354590e+01
1.188051437537461830e+01
1.188026526858734755e+01
1.188072595442336166e+01
1.188065445293008082e+01
1.188026193962163823e+01
1.188057543600877253e+01
1.188076073410368139e+01
1.188034719600425504e+01
1.188040381049116156e+01
1.188080004715027904e+01
1.188048311808001323e+01
1.188028000794774641e+01
1.188074994362134973e+01
1.188062651858671437e+01
1.188025076198512231e+01
1.188061676167145286e+01
1.188074090399875260e+01
1.188031906372250113e+01
1.188044501027212618e+01
1.188079555686708488e+01
1.188045052571257543e+01
1.188030235067687457e+01
1.188076731995384350e+01
1.188059771839050249e+01
1.188024590945620496e+01
1.188065394298498845e+01
1.188072013150524242e+01
1.188029286844671795e+01
1.188048798527237970e+01
1.188078777858846102e+01
1.188041648291059893e+01
1.188033164405938358e+01
1.188077876526207177e+01
1.188056711566721191e+01
1.188024860687107953e+01
1.188068586282873618e+01
1.188069826803639195e+01
1.188027038109759381e+01
1.188053057284193592e+01
1.188077784597341235e+01
1.188038160119977782e+01
1.188036650426350782e+01
1.188078543893903039e+01
1.188053393175647088e+01
1.188025942111890032e+01
1.188071215414319681e+01
1.188067459985889229e+01
1.188025343929867361e+01
1.188057087006827928e+01
1.188076631571287223e+01
1.188034719373823478e+01
1.188040503444761420e+01
1.188078864141732893e+01
1.188049789145792801e+01
1.188027812208803979e+01
1.188073318037261217e+01
1.188064812372098622e+01
1.188024359782792416e+01
1.188060750772418928e+01
1.188075306216530613e+01
1.188031507256459207e+01
1.188044513373617761e+01
1.188078944780686541e+01
1.188045943804043247e+01
1.188030370029894378e+01
1.188074985402854189e+01
1.188061791473865014e+01
1.188024183345273066e+01
1.188063982478960767e+01
1.188073735419895449e+01
1.188028723548877075e+01
1.188048483133038147e+01
1.188078841138041497e+01
1.188041975866175726e+01
1.188033453660907313e+01
1.188076332062175489e+01
1.188058348982504064e+01
1.188024835827649639e+01
1.188066790150629792e+01
1.188071809867446227e+01
1.188026551840363254e+01
1.188052258803677041e+01
1.188078541350941819e+01
1.188038062770412751e+01
1.188036868237007582e+01
1.188077458704535339e+01
1.188054506184972681e+01
1.188026258063165486e+01
1.188069242305071960e+01
1.188069419576608077e+01
1.188025127816719184e+01
1.188055751485313749e+01
1.188077969508310616e+01
1.188034412485107794e+01
1.188040418966533096e+01
1.188078419712585010e+01
1.188050361578715375e+01
1.188028322234274015e+01
1.188071438999106988e+01
1.188066491414324588e+01
1.188024516296411548e+01
1.188058945752691109e+01
1.188077006350218490e+01
1.188031229730062321e+01
1.188043943286498028e+01
1.188079203945563478e+01
1.188046080177691266e+01
1.188030856320153816e+01
1.188073474827878862e+01
1.188063017996144133e+01
1.188024701760221724e+01
1.188061890778709717e+01
1.188075522913023896e+01
1.188028682838091576e+01
1.188047336592948255e+01
1.188079733267600524e+01
1.188041869085516211e+01
1.188033675920769205e+01
1.188075404261127410e+01
1.188059070269540562e+01
1.188025594564526877e+01
1.188064674562460787e+01
1.188073418551215354e+01
1.188026877071767373e+01
1.188050565628303445e+01
1.188079879214222423e+01
1.188037945514678562e+01
1.188036617639893500e+01
1.188077218537746127e+01
1.188054792055605802e+01
1.188027051236388232e+01
1.188067387746657033e+01
1.188070652794486470e+01
1.188025839849680487e+01
1.188053664498560913e+01
1.188079494131212499e+01
1.188034503045847501e+01
1.188039568089060793e+01
1.188078839580746759e+01
1.188050379966107606e+01
1.188028904339934932e+01
1.188070087330643076e+01
1.188067262676331914e+01
1.188025521318882838e+01
1.188056712533153458e+01
1.188078448988618518e+01
1.188031681907219017e+01
1.188042481895534763e+01
1.188080132304953906e+01
1.188046054006753849e+01
1.188030996315027288e+01
1.188072770055393690e+01
1.188063362657000432e+01
1.188025810028360318e+01
1.188059799542774897e+01
1.188076667580684109e+01
1.188029549288188846e+01
1.188045382653389659e+01
1.188080932653313404e+01
1.188042024090688997e+01
1.188033211114206011e+01
1.188075361778989958e+01
1.188059129371131206e+01
1.188026560151836186e+01
1.188062988518793262e+01
1.188074148252944084e+01
1.188028094284868885e+01
1.188048344785719124e+01
1.188081084463858339e+01
1.188038458046106705e+01
1.188035496445090367e+01
1.188077725166311183e+01
1.188054775553037601e+01
1.188027625033202916e+01
1.188066285941880373e+01
1.188070969220614614e+01
1.188027238605828906e+01
1.188051460826018335e+01
1.188080475315742035e+01
1.188035457530294536e+01
1.188037869607245511e+01
1.188079684063529662e+01
1.188050517666285799e+01
1.188028890792484482e+01
1.188069626767873643e+01
1.188067278520209058e+01
1.188026860550794517e+01
1.188054803722776498e+01
1.188079062185055079e+01
1.188033047499635941e+01
1.188040403651886301e+01
1.188081058667163781e+01
1.188046542465735200e+01
1.188030302356932921e+01
1.188072877316431786e+01
1.188063271920076147e+01
1.188026827552955034e+01
1.188058394556364661e+01
1.188076882032456894e+01
1.188031181727849095e+01
1.188043197229376347e+01
1.188081702251292526e+01
1.188042979130318244e+01
1.188031874058110837e+01
1.188075855477049281e+01
1.188059162505325084e+01
1.188027031082667939e+01
1.188062183363882696e+01
1.188074047200985284e+01
1.188029763034355568e+01
1.188046337123232910e+01
1.188081530165891309e+01
1.188039883537581431e+01
1.188033680313175644e+01
1.188078363436732054e+01
1.188055146654944316e+01
1.188027415975700229e+01
1.188066047129378333e+01
1.188070727875757271e+01
1.188028674164591081e+01
1.188049863909293968e+01
1.188080535424231243e+01
1.188037238499897974e+01
1.188035828539800143e+01
1.188080224473553237e+01
1.188051373096565655e+01
1.188027995596764264e+01
1.188069805383664423e+01
1.188067124412791209e+01
1.188027813325603610e+01
1.188053748929231546e+01
1.188078789645152611e+01
1.188034969835411481e+01
1.188038422546245698e+01
1.188081314607605243e+01
1.188047922381410260e+01
1.188028847199261939e+01
1.188073249775808904e+01
1.188063433598786212e+01
1.188027126285018475e+01
1.188057887379562594e+01
1.188076430505521408e+01
1.188032974986893464e+01
1.188041526713925045e+01
1.188081582779182099e+01
1.188044801864186262e+01
1.188030088366775416e+01
1.188076180090492429e+01
1.188059815392761465e+01
1.188026625846214124e+01
1.188062108952743579e+01
1.188073637524531279e+01
1.188031158538148624e+01
1.188045139512043136e+01
1.188081057283443265e+01
1.188041957309989627e+01
1.188031841884768980e+01
1.188078437776341900e+01
1.188056368096970417e+01
1.188026391978445240e+01
1.188066203588604353e+01
1.188070599452979970e+01
1.188029466530423406e+01
1.188049181785003583e+01
1.188079838523103327e+01
1.188039298716831205e+01
1.188034199071744546e+01
1.188079930176947308e+01
1.188053118218201476e+01
1.188026552199585595e+01
1.188069955870254901e+01
1.188067479503556889e+01
1.188027909937888005e+01
1.188053502182620669e+01
1.188078078859997255e+01
1.188036735183082548e+01
1.188037190310376445e+01
1.188080642256114494e+01
1.188050027402895736e+01
1.188027248549097870e+01
1.188073179592327300e+01
1.188064386794468774e+01
1.188026569594948256e+01
1.188057898500671783e+01
1.188075951933815588e+01
1.188034210866483953e+01
1.188040768741189623e+01
1.188080634812643410e+01
1.188047014995859563e+01
1.188028600732231688e+01
1.188075745394718652e+01
1.188061361331117460e+01
1.188025580885969745e+01
1.188062149633790199e+01
1.188073617194675258e+01
1.188031732094035675e+01
1.188044810343301450e+01
1.188080028893242179e+01
1.188043991654660481e+01
1.188030674223946903e+01
1.188077597434489441e+01
1.188058376156841334e+01
1.188025103426062934e+01
1.188066050310324329e+01
1.188071188257554844e+01
1.188029377045488744e+01
1.188049130367029882e+01
1.188078977770680922e+01
1.188040896358206311e+01
1.188033459688285021e+01
1.188078757076454650e+01
1.188055356248785088e+01
1.188025284714703389e+01
1.188069441388473813e+01
1.188068713332070914e+01
1.188027285059628824e+01
1.188053512072214346e+01
1.188077631580332039e+01
1.188037726730516930e+01
1.188036867695012333e+01
1.188079312231849727e+01
1.188052210304040912e+01
1.188026226444804401e+01
1.188072231002859169e+01
1.188066172566146861e+01
1.188025629606231170e+01
1.188057740748742930e+01
1.188076103264742578e+01
1.188034553366579793e+01
1.188040739859220452e+01
1.188079392637121146e+01
1.188048868188948326e+01
1.188027960078674639e+01
1.188074403600853479e+01
1.188063492948641198e+01
1.188024583166914461e+01
1.188061635870188937e+01
1.188074444854559530e+01
1.188031513998705080e+01
1.188044873668339640e+01
1.188079135362781358e+01
1.188045314000454766e+01
1.188030436316790173e+01
1.188076014436293271e+01
1.188060577723776134e+01
1.188024282449334912e+01
1.188065076134410347e+01
1.188072640066218000e+01
1.188028790306619698e+01
1.188049054927979142e+01
1.188078649049431945e+01
1.188041604841239085e+01
1.188033530686101003e+01
1.188077168687907914e+01
1.188057343658972975e+01
1.188024800658216762e+01
1.188068013582456928e+01
1.188070614949444526e+01
1.188026574750659137e+01
1.188053090931231459e+01
1.188077986504650418e+01
1.188037870011568842e+01
1.188037063855878372e+01
1.188077988557667020e+01
1.188053756310717013e+01
1.188026131965986565e+01
1.188070473342517097e+01
1.188068264421601761e+01
1.188025035446280064e+01
1.188056838727182907e+01
1.188077132693202032e+01
1.188034292151996318e+01
1.188040831695908039e+01
1.188078576504134531e+01
1.188049852969817088e+01
1.188028191428892910e+01
1.188072537016996399e+01
1.188065488722108043e+01
1.188024285767937549e+01
1.188060223941963045e+01
1.188076010936122451e+01
1.188031076743602554e+01
1.188044638610534953e+01
1.188078984668997506e+01
1.188045746952992054e+01
1.188030830307005381e+01
1.188074312022915180e+01
1.188062230293336263e+01
1.188024364202876448e+01
1.188063245740841012e+01
1.188074506096088001e+01
1.188028417436661321e+01
1.188048328308699197e+01
1.188079198469504760e+01
1.188041613501886395e+01
1.188033862993173173e+01
1.188075894518238940e+01
1.188058500525180783e+01
1.188025228617428120e+01
1.188065964800896523e+01
1.188072499582220587e+01
1.188026463711548786e+01
1.188051806848853964e+01
1.188079138225064213e+01
1.188037662633892388e+01
1.188037099678259167e+01
1.188077336208979418e+01
1.188054389116555321e+01
1.188026766225453912e+01
1.188068475472497632e+01
1.188069907203079545e+01
1.188025296621651350e+01
1.188055052671409406e+01
1.188078678569973334e+01
1.188034105736900159e+01
1.188040378861479951e+01
1.188078623819217938e+01
1.188050055064590005e+01
1.188028816738016502e+01
1.188070869072459956e+01
1.188066709244917440e+01
1.188024917576239226e+01
1.188058109364720494e+01
1.188077681376164030e+01
1.188031122080358770e+01
1.188043594064459185e+01
1.188079676091633807e+01
1.188045703495371441e+01
1.188031203567341265e+01
1.188073198650057094e+01
1.188062964758242934e+01
1.188025252739484294e+01
1.188061061148795261e+01
1.188076033888167338e+01
1.188028831066040780e+01
1.188046708685160624e+01
1.188080359056416313e+01
1.188041554330978400e+01
1.188033767305562627e+01
1.188075454670898168e+01
1.188058807862759458e+01
1.188026171857990398e+01
1.188063997179076203e+01
1.188073681575349205e+01
1.188027275833536933e+01
1.188049753662527763e+01
1.188080516253840990e+01
1.188037808491066549e+01
1.188036395498139441e+01
1.188077557410344909e+01
1.188054429109363497e+01
1.188027517272156786e+01
1.188066974869264314e+01
1.188070647076169095e+01
1.188026422013519756e+01
1.188052806705153941e+01
1.188080006424102564e+01
1.188034617366328760e+01
1.188039041985661726e+01
1.188079367768362005e+01
1.188050046993845221e+01
1.188029137602205232e+01
1.188069992182541235e+01
1.188067031919994498e+01
1.188026171808329856e+01
1.188055958214251895e+01
1.188078738485154418e+01
1.188032061682807061e+01
1.188041729479361841e+01
1.188080714201272592e+01
1.188045874711500716e+01
1.188030919936314511e+01
1.188072975511933294e+01
1.188063002870759455e+01
1.188026390156316481e+01
1.188059273774905300e+01
1.188076694742021644e+01
1.188030144673257560e+01
1.188044532881351500e+01
1.188081429216443929e+01
1.188042087643231959e+01
1.188032813258061182e+01
1.188075785801263251e+01
1.188058767002971194e+01
1.188026937892847812e+01
1.188062763502548513e+01
1.188073937990159479e+01
1.188028801110077382e+01
1.188047547397417425e+01
1.188081385749234364e+01
1.188038798030821397e+01
1.188034835862183058e+01
1.188078241637911781e+01
1.188054539866548964e+01
1.188027705691228242e+01
1.188066365582386297e+01
1.188070603169885153e+01
1.188027920056446973e+01
1.188050850817768911e+01
1.188080524122507065e+01
1.188036042764290734e+01
1.188037063040698094e+01
1.188080153797044503e+01
1.188050511826177669e+01
1.188028641119628404e+01
1.188069947536865811e+01
1.188066876635575753e+01
1.188027376812984315e+01
1.188054470418995656e+01
1.188078864353094488e+01
1.188033787191930557e+01
1.188039597917041590e+01
1.188081362228722782e+01
1.188046819197281678e+01
1.188029760753422437e+01
1.188073324990074653e+01
1.188062966554325328e+01
1.188027067946657134e+01
1.188058362415592661e+01
1.188076503308822041e+01
1.188031943987466654e+01
1.188042534143542817e+01
1.188081766139729289e+01
1.188043526970800023e+01
1.188031142433233356e+01
1.188076293521248772e+01
1.188059068963072207e+01
1.188026941479414234e+01
1.188062408304308626e+01
1.188073598693661559e+01
1.188030403246297517e+01
1.188045920909429221e+01
1.188081341181409023e+01
1.188040627347867684e+01
1.188032899311975932e+01
1.188078665430834313e+01
1.188055336090918246e+01
1.188027013488484762e+01
1.188066428886343040e+01
1.188070342442685501e+01
1.188029067945767103e+01
1.188049738640862607e+01
1.188080142153535768e+01
1.188038054350899309e+01
1.188035143599264387e+01
1.188080302218934214e+01
1.188051854452137590e+01
1.188027365077068609e+01
1.188070212726981723e+01
1.188066927357673208e+01
1.188027886735451588e+01
1.188053890451265460e+01
1.188078292101040745e+01
1.188035711493525426e+01
1.188037950273960952e+01
1.188081136196145593e+01
1.188048638169514959e+01
1.188028120084274697e+01
1.188073551850823684e+01
1.188063513393474580e+01
1.188026874757563078e+01
1.188058211099186501e+01
1.188075959381647451e+01
1.188033507031624580e+01
1.188041329453705330e+01
1.188081178627372836e+01
1.188045639056037217e+01
1.188029410505551375e+01
1.188076275813938665e+01
1.188060201642380953e+01
1.188026115406623262e+01
1.188062491410619614e+01
1.188073325709725481e+01
1.188031388799472765e+01
1.188045213086378205e+01
1.188080514195340953e+01
1.188042771346863091e+01
1.188031339552447108e+01
1.188078277155913476e+01
1.188057022617419456e+01
1.188025742107266858e+01
1.188066512060938607e+01
1.188070551211583137e+01
1.188029368926189555e+01
1.188049458627903121e+01
1.188079282310272511e+01
1.188039946121948987e+01
1.188033951196660709e+01
1.188079524729130476e+01
1.188053941627708632e+01
1.188025906032711632e+01
1.188070078385386452e+01
1.188067744897714029e+01
1.188027530394753839e+01
1.188053868865366880e+01
1.188077647335920695e+01
1.188037107610633747e+01
1.188037212348869254e+01
1.188080063637182349e+01
1.188050880127032194e+01
1.188026739192723724e+01
1.188073048986244373e+01
1.188064948173262003e+01
1.188026013241670675e+01
1.188058222977231182e+01
1.188075763221375070e+01
1.188034261424557414e+01
1.188041011159439364e+01
1.188080001233480587e+01
1.188047748714033958e+01
1.188028321738133997e+01
1.188075353855895244e+01
1.188062135422221921e+01
1.188024985179815118e+01
1.188062311201700183e+01
1.188073741111224635e+01
1.188031485856270386e+01
1.188045171782011344e+01
1.188079480226220142e+01
1.188044484308803383e+01
1.188030659986388926e+01
1.188076999751527651e+01
1.188059231594188603e+01
1.188024605425165348e+01
1.188065965832350379e+01
1.188071628433650773e+01
1.188028922795077413e+01
1.188049481963550846e+01
1.188078643674229973e+01
1.188041081466244542e+01
1.188033679375995710e+01
1.188078061197809099e+01
1.188056143216172345e+01
1.188024990422290017e+01
1.188069083622478672e+01
1.188069404695369435e+01
1.188026751833204209e+01
1.188053726693511436e+01
1.188077600419032898e+01
1.188037608278357737e+01
1.188037233828793227e+01
1.188078657073840994e+01
1.188052795827924513e+01
1.188026188187557963e+01
1.188071636417809884e+01
1.188066994995294401e+01
1.188025155559200030e+01
1.188057720767337777e+01
1.188076400171000380e+01
1.188034202229632719e+01
1.188041129205277713e+01
1.188078916720724543e+01
1.188049167881810497e+01
1.188028166081264914e+01
1.188073667343917883e+01
1.188064298513181427e+01
1.188024284429336141e+01
1.188061334859895268e+01
1.188075024597667628e+01
1.188031048323302841e+01
1.188045155088722815e+01
1.188078943895085615e+01
1.188045311029622120e+01
1.188030814558586812e+01
1.188075271373461561e+01
1.188061225576395330e+01
1.188024228005255623e+01
1.188064511111118726e+01
1.188073396520422342e+01
1.188028346570788685e+01
1.188049118069887022e+01
1.188078788330677682e+01
1.188041351056986095e+01
1.188033965930142521e+01
1.188076563237371808e+01
1.188057733593693222e+01
1.188024997841700170e+01
1.188067264547878921e+01
1.188071405380239298e+01
1.188026276784058588e+01
1.188052870801755567e+01
1.188078432277447405e+01
1.188037470506860060e+01
1.188037423492208688e+01
1.188077640598867646e+01
1.188053851417489426e+01
1.188026525556642454e+01
1.188069668019731395e+01
1.188068943298901203e+01
1.188024967380145824e+01
1.188056332123688108e+01
1.188077795205326659e+01
1.188033879076517074e+01
1.188040994687289675e+01
1.188078552612728167e+01
1.188049685399374056e+01
1.188028676458110766e+01
1.188071822538392652e+01
1.188065942436707800e+01
1.188024473812349591e+01
1.188059493645317133e+01
1.188076755787557204e+01
1.188030779137614701e+01
1.188044522402178416e+01
1.188079282141644200e+01
1.188045406909315282e+01
1.188031275311075952e+01
1.188073820357461408e+01
1.188062403026264668e+01
1.188024771034388571e+01
1.188062409328988345e+01
1.188075186316327603e+01
1.188028332860727332e+01
1.188047909127072543e+01
1.188079745860400038e+01
1.188041226311746357e+01
1.188034138555218533e+01
1.188075711085821951e+01
1.188058404481346031e+01
1.188025761687333848e+01
1.188065168808084771e+01
1.188072990821295072e+01
1.188026636738904607e+01
1.188051128519824395e+01
1.188079812344225061e+01
1.188037360029568035e+01
1.188037107083004607e+01
1.188077479872085540e+01
1.188054098112311685e+01
1.188027297891509093e+01
1.188067861033843187e+01
1.188070136274390798e+01
1.188025708663637303e+01
1.188054219807790268e+01
1.188079334205036197e+01
1.188033996803221370e+01
1.188040073862494062e+01
1.188079042873677871e+01
1.188049685289133350e+01
1.188029211751627123e+01
1.188070538524816300e+01
1.188066668564523454e+01
1.188025490505336279e+01
1.188057264558766768e+01
1.188078186262518443e+01
1.188031268962540565e+01
1.188043000206343791e+01
1.188080261092693135e+01
1.188045386850006224e+01
1.188031348849211355e+01
1.188073191870558709e+01
1.188062710593865923e+01
1.188025865429974992e+01
1.188060351525628811e+01
1.188076299325410368e+01
1.188029234468775641e+01
1.188045915068154912e+01
1.188080969617113425e+01
1.188041409347541588e+01
1.188033598710889471e+01
1.188075740603999364e+01
1.188058445148125486e+01
1.188026685988778830e+01
1.188063539632505439e+01
1.188073680719067227e+01
1.188027873863224038e+01
1.188048895663682814e+01
1.188081015103023752e+01
1.188037913813343849e+01
1.188035915428764788e+01
1.188078042491628317e+01
1.188054087408097104e+01
1.188027807576881045e+01
1.188066829206180763e+01
1.188070417816669710e+01
1.188027102728537265e+01
1.188052034109361088e+01
1.188080291451421644e+01
1.188034993245329751e+01
1.188038321838341638e+01
1.188079919296523101e+01
1.188049852047329225e+01
1.188029121100873731e+01
1.188070148367141776e+01
1.188066666027269491e+01
1.188026796740995117e+01
1.188055399759546837e+01
1.188078764449728908e+01
1.188032664036923691e+01
1.188040894314505636e+01
1.188081192812923703e+01
1.188045920299843594e+01
1.188030577534723520e+01
1.188073357555335008e+01
1.188062625099441583e+01
1.188026824381061530e+01
1.188059007629232156e+01
1.188076480651322875e+01
1.188030873327218018e+01
1.188043731763329447e+01
1.188081721684020842e+01
1.188042413481003301e+01
1.188032196888295111e+01
1.188076271280249685e+01
1.188058507918531781e+01
1.188027081141977348e+01
1.188062800499451122e+01
1.188073560763305991e+01
1.188029520484181845e+01
1.188046917934742730e+01
1.188081429598162941e+01
1.188039379139547336e+01
1.188034057433268131e+01
1.188078691950840593e+01
1.188054506728401982e+01
1.188027517556414026e+01
1.188066648544439019e+01
1.188070180337027715e+01
1.188028488398914462e+01
1.188050487553454104e+01
1.188080319285417197e+01
1.188036793164728167e+01
1.188036267569875015e+01
1.188080447023931896e+01
1.188050763363369811e+01
1.188028152795400416e+01
1.188070366599372463e+01
1.188066541068614335e+01
1.188027678577798518e+01
1.188054404417722232e+01
1.188078471444556783e+01
1.188034577264572889e+01
1.188038928746214751e+01
1.188081420087347695e+01
1.188047350483228293e+01
1.188029068513405306e+01
1.188073745051810093e+01
1.188062837038813946e+01
1.188027042136839739e+01
1.188058556088056683e+01
1.188076030299081687e+01
1.188032628230452303e+01
1.188042099865610979e+01
1.188081569600122656e+01
1.188044268425226591e+01
1.188030384072686552e+01
1.188076586476474006e+01
1.188059222400209336e+01
1.188026597808383400e+01
1.188062766285438698e+01
1.188073178133664598e+01
1.188030853265463449e+01
1.188045771743253987e+01
1.188080933348171442e+01
1.188041458339184864e+01
1.188032220703760800e+01
1.188078738846685489e+01
1.188055788157923587e+01
1.188026430530500832e+01
1.188066822156322644e+01
1.188070102401826311e+01
1.188029203412963497e+01
1.188049856919405656e+01
1.188079619211475624e+01
1.188038828869370711e+01
1.188034664805874563e+01
1.188080118512209360e+01
1.188052553866616989e+01
1.188026670470107504e+01
1.188070509540629693e+01
