1.188024147592623159e+01
1.188026370518077890e+01
1.188031888347815190e+01
1.188037893955143254e+01
1.188041449468978428e+01
1.188040964115872988e+01
1.188036838416090468e+01
1.188031091583960652e+01
1.188026344955335212e+01
1.188024702658071163e+01
1.188026921510648926e+01
1.188032079145662223e+01
1.188037867139083659e+01
1.188041527086137172e+01
1.188041161364228060e+01
1.188036800177550312e+01
1.188030542605414297e+01
1.188025536789936076e+01
1.188024304800515374e+01
1.188027396934293201e+01
1.188033169966032254e+01
1.188038750904435403e+01
1.188041533484240198e+01
1.188040359134174118e+01
1.188035887179125005e+01
1.188030174300649122e+01
1.188025777370082636e+01
1.188024716556290272e+01
1.188027596213781933e+01
1.188033211447842419e+01
1.188038940483828831e+01
1.188041932025694791e+01
1.188040590599285729e+01
1.188035517919858819e+01
1.188029267504862219e+01
1.188024984370500547e+01
1.188024731122750666e+01
1.188028484779131944e+01
1.188034302563777977e+01
1.188039410904085180e+01
1.188041524549501027e+01
1.188039771975227055e+01
1.188034963480281014e+01
1.188029232950817615e+01
1.188025193407458602e+01
1.188024822120624613e+01
1.188028464880098234e+01
1.188034489914678637e+01
1.188039950950779655e+01
1.188042068014629038e+01
1.188039739912163384e+01
1.188034167141604591e+01
1.188028183160839646e+01
1.188024716230152933e+01
1.188025315490783917e+01
1.188029525926019936e+01
1.188035286990345973e+01
1.188039969890681213e+01
1.188041501269717770e+01
1.188039178164990695e+01
1.188033973174919389e+01
1.188028216977838625e+01
1.188024652007094950e+01
1.188025130054730027e+01
1.188029567671582853e+01
1.188035830204555765e+01
1.188040767510463525e+01
1.188041889597725920e+01
1.188038697811469113e+01
1.188032882830437487e+01
1.188027338289665025e+01
1.188024653820032306e+01
1.188025941303767397e+01
1.188030486711604006e+01
1.188036197439584996e+01
1.188040517640406435e+01
1.188041464628314259e+01
1.188038489086276783e+01
1.188032841544962182e+01
1.188027158464666577e+01
1.188024268576446119e+01
1.188025718935983477e+01
1.188030856648529721e+01
1.188037097785648832e+01
1.188041301400505745e+01
1.188041441938315224e+01
1.188037595803843693e+01
1.188031750400823050e+01
1.188026693278077417e+01
1.188024685597086538e+01
1.188026547839803193e+01
1.188031416444826327e+01
1.188037128477039239e+01
1.188041080405332828e+01
1.188041337665818098e+01
1.188037609029756503e+01
1.188031566616042944e+01
1.188026164276563179e+01
1.188024153849119280e+01
1.188026586275708674e+01
1.188032212045997937e+01
1.188038172368286816e+01
1.188041549408409381e+01
1.188040836282643298e+01
1.188036542633146375e+01
1.188030769540048404e+01
1.188026152078047915e+01
1.188024732149241913e+01
1.188027158674684536e+01
1.188032409059504246e+01
1.188038131309054890e+01
1.188041600141703924e+01
1.188041010083977511e+01
1.188036497559273030e+01
1.188030232192943636e+01
1.188025365178638637e+01
1.188024353415373291e+01
1.188027643720599968e+01
1.188033498662904286e+01
1.188039004842497981e+01
1.188041590077715703e+01
1.188040189832692839e+01
1.188035572730277423e+01
1.188029866300300696e+01
1.188025624347700315e+01
1.188024791509411493e+01
1.188027861832597409e+01
1.188033539552895768e+01
1.188039174664779374e+01
1.188041962033297239e+01
1.188040403283003776e+01
1.188035202231521303e+01
1.188028972564326580e+01
1.188024850032133095e+01
1.188024822269754210e+01
1.188028759550978641e+01
1.188034630548052384e+01
1.188039634547859968e+01
1.188041535385324998e+01
1.188039564195460862e+01
1.188034637384486913e+01
1.188028945906731515e+01
1.188025082954997380e+01
1.188024939798309632e+01
1.188028752908127927e+01
1.188034810488148096e+01
1.188040152321632803e+01
1.188042055503859373e+01
1.188039519512505393e+01
1.188033842636061621e+01
1.188027908154938750e+01
1.188024622275642628e+01
1.188025449026663516e+01
1.188029824412042146e+01
1.188035607453200981e+01
1.188040157659700036e+01
1.188041465578037936e+01
1.188038936661471823e+01
1.188033642853030258e+01
1.188027956533980500e+01
1.188024585040265357e+01
1.188025286876969489e+01
1.188029872630690420e+01
1.188036138632945615e+01
1.188040933760995976e+01
1.188041834812970166e+01
1.188038447000187325e+01
1.188032554173896038e+01
1.188027088428175304e+01
1.188024603387406231e+01
1.188026115912796499e+01
1.188030803087191600e+01
1.188036503068783389e+01
1.188040665123254236e+01
1.188041383605512813e+01
1.188038219761538627e+01
1.188032513872607687e+01
1.188026928658158710e+01
1.188024244797838413e+01
1.188025911353730457e+01
1.188031173867098644e+01
1.188037389953433376e+01
1.188041429993062614e+01
1.188041344824387835e+01
1.188037317695314421e+01
1.188031423295629452e+01
1.188026474301384106e+01
1.188024680989390092e+01
1.188026760442170193e+01
1.188031743659227857e+01
1.188037412399904014e+01
1.188041184981056730e+01
1.188041214156170255e+01
1.188037318001306275e+01
1.188031247316308914e+01
1.188025967850996700e+01
1.188024172609631179e+01
1.188026811235958391e+01
1.188032537242115971e+01
1.188038443869334060e+01
1.188041637343911283e+01
1.188040697092231923e+01
1.188036241552558181e+01
1.188030450772468072e+01
1.188025969482805344e+01
1.188024774029587327e+01
1.188027404432926026e+01
1.188032739670055449e+01
1.188038387932112983e+01
1.188041660996248616e+01
1.188040847775634923e+01
1.188036190368126022e+01
1.188029925861095926e+01
1.188025204350029007e+01
1.188024414348558189e+01
1.188027898465180243e+01
1.188033827162231226e+01
1.188039250538255587e+01
1.188041634330813068e+01
1.188040009979656730e+01
1.188035254541956931e+01
1.188029563150173473e+01
1.188025482456850668e+01
1.188024878575049215e+01
1.188028134767143662e+01
1.188033866673155714e+01
1.188039400014053903e+01
1.188041979574785323e+01
1.188040205832083629e+01
1.188034883597097213e+01
1.188028683276291630e+01
1.188024727231200472e+01
1.188024925313330549e+01
1.188029040896442368e+01
1.188034956658176533e+01
1.188039848778498886e+01
1.188041533763054858e+01
1.188039346847717326e+01
1.188034309168153335e+01
1.188028665205492551e+01
1.188024984294961151e+01
1.188025069097526121e+01
1.188029046831305813e+01
1.188035128398060536e+01
1.188040343731885962e+01
1.188042030500271551e+01
1.188039290071967891e+01
1.188033516867696271e+01
1.188027640257369555e+01
1.188024540388694028e+01
1.188025593820298020e+01
1.188030127980628414e+01
1.188035924411736843e+01
1.188040335014778393e+01
1.188041417524403620e+01
1.188038686737028726e+01
1.188033312070973402e+01
1.188027703823827963e+01
1.188024530322276284e+01
1.188025454613386600e+01
1.188030181941522301e+01
1.188036442757899991e+01
1.188041089110637749e+01
1.188041767752745415e+01
1.188038188414181029e+01
1.188032225951524978e+01
1.188026846985673934e+01
1.188024565327474846e+01
1.188026300945824865e+01
1.188031122975715093e+01
1.188036803630525995e+01
1.188040801370469701e+01
1.188041290528917671e+01
1.188037943314504474e+01
1.188032187420770214e+01
1.188026707848744223e+01
1.188024233501497662e+01
1.188026113765394776e+01
1.188031493801369187e+01
1.188037676258561781e+01
1.188041546958570471e+01
1.188041235887708069e+01
1.188037033215244342e+01
1.188031098298401211e+01
1.188026264891673200e+01
1.188024688840144272e+01
1.188026982459152769e+01
1.188032072760370639e+01
1.188037689777460315e+01
1.188041277689945119e+01
1.188041079114094778e+01
1.188037021287708406e+01
1.188030930910723981e+01
1.188025781527115754e+01
1.188024203847239768e+01
1.188027045072115229e+01
1.188032863465519107e+01
1.188038708068333982e+01
1.188041713152530221e+01
1.188040546747580706e+01
1.188035935606331783e+01
1.188030135735895243e+01
1.188025797429660102e+01
1.188024828240249064e+01
1.188027658435753509e+01
1.188033070504053690e+01
1.188038636637496381e+01
1.188041709558545378e+01
1.188040674670903307e+01
1.188035879047964727e+01
1.188029624053987732e+01
1.188025054536575809e+01
1.188024487509925464e+01
1.188028160798175925e+01
1.188034154990914715e+01
1.188039487641323788e+01
1.188041666183359091e+01
1.188039819833969801e+01
1.188034933068477095e+01
1.188029265282886904e+01
1.188025351901723425e+01
1.188024977631425472e+01
1.188028414627957829e+01
1.188034192337634742e+01
1.188039616204091331e+01
1.188041984622308789e+01
1.188039998531526820e+01
1.188034562478370404e+01
1.188028400058972878e+01
1.188024616142719481e+01
1.188025040101602059e+01
1.188029328409103869e+01
1.188035280427245510e+01
1.188040053291723197e+01
1.188041519686502312e+01
1.188039120242118507e+01
1.188033979299510179e+01
1.188028391249675408e+01
1.188024897571932215e+01
1.188025209835897478e+01
1.188029346227571459e+01
1.188035443184313777e+01
1.188040524903005135e+01
1.188041993039741406e+01
1.188039051923693989e+01
1.188033190307992015e+01
1.188027379852920795e+01
1.188024470683572176e+01
1.188025749660676667e+01
1.188030436196177320e+01
1.188036237413873408e+01
1.188040501703411600e+01
1.188041357176569157e+01
1.188038428747272590e+01
1.188032981302240465e+01
1.188027459212500503e+01
1.188024487935530971e+01
1.188025633024492045e+01
1.188030495157191169e+01
1.188036742138473834e+01
1.188041233334779356e+01
1.188041688515992256e+01
1.188037922428835280e+01
1.188031898636044481e+01
1.188026614306442141e+01
1.188024539691498305e+01
1.188026496136482812e+01
1.188031445920407769e+01
1.188037098695922111e+01
1.188040926185997748e+01
1.188041185528957655e+01
1.188037660139674756e+01
1.188031862659457616e+01
1.188026496357448814e+01
1.188024234706309912e+01
1.188026325878857925e+01
1.188031815987691431e+01
1.188037956287093166e+01
1.188041652130384662e+01
1.188041115288623573e+01
1.188036742774577448e+01
1.188030775874459266e+01
1.188026065346291027e+01
1.188024709136564816e+01
1.188027213573902685e+01
1.188032403278756099e+01
1.188037960211930155e+01
1.188041358395985192e+01
1.188040932730221044e+01
1.188036719315017109e+01
1.188030617857216420e+01
1.188025605576149246e+01
1.188024247517124721e+01
1.188027287444725033e+01
1.188033190244060400e+01
1.188038964585795831e+01
1.188041776728733367e+01
1.188040385467693305e+01
1.188035625233506209e+01
1.188029824879651741e+01
1.188025636163477294e+01
1.188024894704603796e+01
1.188027920321690623e+01
1.188033401087947816e+01
1.188038877065861243e+01
1.188041745755040779e+01
1.188040491016974798e+01
1.188035564048549908e+01
1.188029327209235397e+01
1.188024915954946081e+01
1.188024572791775135e+01
1.188028430338810537e+01
1.188034481676782761e+01
1.188039715813647490e+01
1.188041685593025321e+01
1.188039619669372371e+01
1.188034608768894707e+01
1.188028973123446974e+01
1.188025232870169390e+01
1.188025088539506768e+01
1.188028701015643840e+01
1.188034516077472702e+01
1.188039822920512378e+01
1.188041977165952545e+01
1.188039781680461182e+01
1.188034239340690057e+01
1.188028123321888607e+01
1.188024516924903828e+01
1.188025166465808979e+01
1.188029621673645408e+01
1.188035601391688445e+01
1.188040247797227522e+01
1.188041493177421692e+01
1.188038884702126019e+01
1.188033648249156293e+01
1.188028124432118737e+01
1.188024822913303780e+01
1.188025361814612069e+01
1.188029650667033010e+01
1.188035754391319188e+01
1.188040695571161365e+01
1.188041943176019188e+01
1.188038805413329158e+01
1.188032863429588915e+01
1.188027127315646503e+01
1.188024413257041623e+01
1.188025916320882303e+01
1.188030748616369081e+01
1.188036546013209538e+01
1.188040657488460639e+01
1.188041284619999338e+01
1.188038163059415453e+01
1.188032651020273889e+01
1.188027223053438597e+01
1.188024457944705503e+01
1.188025821855478981e+01
1.188030811825225186e+01
1.188037036340536545e+01
1.188041366224773476e+01
1.188041597219130630e+01
1.188037649430183507e+01
1.188031572698906757e+01
1.188026390722186676e+01
1.188024526512860923e+01
1.188026701203757796e+01
1.188031771460086894e+01
1.188037387844004122e+01
1.188041039390258113e+01
1.188041068753219953e+01
1.188037370641200319e+01
1.188031540056211810e+01
1.188026294491892543e+01
1.188024248413213435e+01
1.188026547388089327e+01
1.188032139959185507e+01
1.188038229634080345e+01
1.188041745358781576e+01
1.188040983204247603e+01
1.188036446792856360e+01
1.188030456485457798e+01
1.188025875948399701e+01
1.188024741847936205e+01
1.188027453456458815e+01
1.188032734742856356e+01
1.188038223315555442e+01
1.188041426980448811e+01
1.188040775211469935e+01
1.188036412516810181e+01
1.188030308608873042e+01
1.188025440254428666e+01
1.188024303556625938e+01
1.188027538002076788e+01
1.188033517104776138e+01
1.188039213053237120e+01
1.188041827984559440e+01
1.188040213487319541e+01
1.188035310879521766e+01
1.188029518647058858e+01
1.188025485913585833e+01
1.188024973328375111e+01
1.188028189717922700e+01
1.188033730948577826e+01
1.188039108869795513e+01
1.188041769529959168e+01
1.188040297076176799e+01
1.188035245824904074e+01
1.188029035757324614e+01
1.188024788805691223e+01
1.188024670069009581e+01
1.188028706695933856e+01
1.188034806749270800e+01
1.188039934729988012e+01
1.188041692535386673e+01
1.188039409774047073e+01
1.188034282106351824e+01
1.188028687088633362e+01
1.188025125533434334e+01
1.188025211143203563e+01
1.188028993521442800e+01
1.188034837426615198e+01
1.188040019862568819e+01
1.188041957213754962e+01
1.188039555591712748e+01
1.188033914652299572e+01
1.188027853465266404e+01
1.188024429718931252e+01
1.188025304220550638e+01
1.188029920266446382e+01
1.188035919091933046e+01
1.188040432019095505e+01
1.188041454275476205e+01
1.188038640564078463e+01
1.188033316489380375e+01
1.188027865135360983e+01
1.188024760429096283e+01
1.188025524818710110e+01
1.188029959712583050e+01
1.188036061568654134e+01
1.188040855487611758e+01
1.188041880980650511e+01
1.188038550898522239e+01
1.188032536705605224e+01
1.188026883008325463e+01
1.188024368188228408e+01
1.188026093558417706e+01
1.188031064792801672e+01
1.188036849769662773e+01
1.188040802148491615e+01
1.188041199957748617e+01
1.188037890051740142e+01
1.188032321697782123e+01
1.188026995687898690e+01
1.188024440396653603e+01
1.188026020836595897e+01
1.188031131488217085e+01
1.188037324937399575e+01
1.188041487588235334e+01
1.188041493995892317e+01
1.188037369814350619e+01
1.188031248609617485e+01
1.188026176551562685e+01
1.188024525807021448e+01
1.188026915852398702e+01
1.188032099129818064e+01
1.188037670662331458e+01
1.188041140820402930e+01
1.188040940366239795e+01
1.188037075232298534e+01
1.188031220075434646e+01
1.188026102545843798e+01
1.188024274605196773e+01
1.188026777973583847e+01
1.188032465246411462e+01
1.188038495904156555e+01
1.188041826511177668e+01
1.188040839828203055e+01
1.188036145697624590e+01
1.188030140588719696e+01
1.188025696966568923e+01
1.188024786925660514e+01
1.188027701764226229e+01
1.188033066679790295e+01
1.188038478711154866e+01
1.188041483342061255e+01
1.188040606780760733e+01
1.188036101333567274e+01
1.188030003613287633e+01
1.188025285803020736e+01
1.188024371885336805e+01
1.188027796380712253e+01
1.188033843574563519e+01
1.188039453113711730e+01
1.188041866849747841e+01
1.188040031056616641e+01
1.188034992995580197e+01
1.188029217474801413e+01
1.188025346893447143e+01
1.188025063999765862e+01
1.188028466240830205e+01
1.188034059613854865e+01
1.188039331714322877e+01
1.188041780845384210e+01
1.188040093125591845e+01
1.188034924836653694e+01
1.188028750120993848e+01
1.188024673272960818e+01
1.188024779199311531e+01
1.188028989468588925e+01
1.188035129740098839e+01
1.188040144078388494e+01
1.188041687003955538e+01
1.188039190450206561e+01
1.188033953547408217e+01
1.188028407586402224e+01
1.188025030045909958e+01
1.188025345269594446e+01
1.188029291727823988e+01
1.188035155922481501e+01
1.188040206743576910e+01
1.188041924791692772e+01
1.188039320591352066e+01
1.188033588883667058e+01
1.188027590879470452e+01
1.188024354648744563e+01
1.188025453164052436e+01
1.188030223756195980e+01
1.188036233073067827e+01
1.188040605696199847e+01
1.188041403038182864e+01
1.188038388176705951e+01
1.188032984493484712e+01
1.188027613731093446e+01
1.188024710211801427e+01
1.188025698617392578e+01
1.188030272920529029e+01
1.188036364271713197e+01
1.188041004419053159e+01
1.188041806542876166e+01
1.188038288748414395e+01
1.188032210608955275e+01
1.188026647281940562e+01
1.188024335538505838e+01
1.188026281115554106e+01
1.188031384271634039e+01
1.188037148250104202e+01
1.188040935478093196e+01
1.188041103310313673e+01
1.188037610113061859e+01
1.188031993806065145e+01
1.188026777444460258e+01
1.188024435320339300e+01
1.188026229683527646e+01
1.188031453684485328e+01
1.188037607510428906e+01
1.188041597249317505e+01
1.188041378997129449e+01
1.188037083986983156e+01
1.188030926835062218e+01
1.188025972099716654e+01
1.188024537571494221e+01
1.188027139773340934e+01
1.188032428461581347e+01
1.188037946747580698e+01
1.188041230330551201e+01
1.188040800549261533e+01
1.188036774334664614e+01
1.188030903177720354e+01
1.188025920798797230e+01
1.188024313247323605e+01
1.188027017302822230e+01
1.188032791378044983e+01
1.188038754712100165e+01
1.188041895472316511e+01
1.188040685370342686e+01
1.188035839923807302e+01
1.188029828636580731e+01
1.188025528654392815e+01
1.188024844303324201e+01
1.188027958142463092e+01
1.188033398616004632e+01
1.188038726032666048e+01
1.188041527397147767e+01
1.188040427676689248e+01
1.188035786212034672e+01
1.188029703311919327e+01
1.188025142447376759e+01
1.188024452405217168e+01
1.188028062205944480e+01
1.188034169180863664e+01
1.188039684422325415e+01
1.188041893271835114e+01
1.188039838440791662e+01
1.188034672037997197e+01
1.188028921792298753e+01
1.188025219300348923e+01
1.188025166589622827e+01
1.188028749496544201e+01
1.188034386613440141e+01
1.188039545277380249e+01
1.188041779681313059e+01
1.188039879456662362e+01
1.188034601547371594e+01
1.188028470714622742e+01
1.188024569524236007e+01
1.188024900023349417e+01
1.188029278246586173e+01
1.188035450183942920e+01
1.188040343560622958e+01
1.188041669010191548e+01
1.188038962013655997e+01
1.188033623561373275e+01
1.188028135015298226e+01
1.188024946544913263e+01
1.188025490729173228e+01
1.188029595209082601e+01
1.188035471106631391e+01
1.188040383291330038e+01
1.188041879943648027e+01
1.188039077018228618e+01
1.188033262506804100e+01
1.188027335944438434e+01
1.188024291820871703e+01
1.188025613078458775e+01
1.188030531704509940e+01
1.188036542885495983e+01
1.188040768582573747e+01
1.188041339540828645e+01
1.188038127900630414e+01
1.188032652735104655e+01
1.188027370579618136e+01
1.188024672336246645e+01
1.188025882964351254e+01
1.188030589841232398e+01
1.188036662062345883e+01
1.188041142147963569e+01
1.188041719969499432e+01
1.188038019343103002e+01
1.188031885611673211e+01
1.188026420475174127e+01
1.188024315351407090e+01
1.188026478719704393e+01
1.188031706594241044e+01
1.188037441028977526e+01
1.188041057288172553e+01
1.188040994815459328e+01
1.188037323642163656e+01
1.188031667814333403e+01
1.188026568638553293e+01
1.188024442726796082e+01
1.188026448097809151e+01
1.188031777948735801e+01
1.188037883649646176e+01
1.188041695048963575e+01
1.188041252390596547e+01
1.188036792362667526e+01
1.188030607838833852e+01
1.188025777657846582e+01
1.188024561785850253e+01
1.188027372644149793e+01
1.188032758984946113e+01
1.188038215706127865e+01
1.188041307791999301e+01
1.188040649499982848e+01
1.188036468377860189e+01
1.188030589819192429e+01
1.188025749515572826e+01
1.188024364286783907e+01
1.188027265030748403e+01
1.188033117881555967e+01
1.188039005683392446e+01
1.188041952144436664e+01
1.188040520056451399e+01
1.188035529913087274e+01
1.188029521075738337e+01
1.188025371250123818e+01
1.188024913896794033e+01
1.188028222224795094e+01
1.188033730077952299e+01
1.188038964925672758e+01
1.188041559079755061e+01
1.188040238153186579e+01
1.188035467604585094e+01
1.188029408139453125e+01
1.188025010397011805e+01
1.188024545000735621e+01
1.188028335092399246e+01
1.188034493452340712e+01
1.188039906646727850e+01
1.188041907216234350e+01
1.188039635919717796e+01
1.188034348467542500e+01
1.188028632021089237e+01
1.188025103315121811e+01
1.188025280951619322e+01
1.188029039081508742e+01
1.188034711479420835e+01
1.188039749250283883e+01
1.188041766035685498e+01
1.188039656374770914e+01
1.188034276423906554e+01
1.188028197943637920e+01
1.188024477710088789e+01
1.188025032365007405e+01
1.188029572611092810e+01
1.188035767619106231e+01
1.188040532892625301e+01
1.188041638583485948e+01
1.188038724793340783e+01
1.188033292619630821e+01
1.188027869763883615e+01
1.188024875150490089e+01
1.188025647316123212e+01
1.188029903531952414e+01
1.188035782525422057e+01
1.188040549248490585e+01
1.188041822731341668e+01
1.188038825223481609e+01
1.188032935994589856e+01
1.188027089029136540e+01
1.188024241324274044e+01
1.188025783730142138e+01
1.188030843666563463e+01
1.188036848085579678e+01
1.188040920447764925e+01
1.188041263876361420e+01
1.188037860107847088e+01
1.188032321687528281e+01
1.188027136029338315e+01
1.188024646859487277e+01
1.188026077598125063e+01
1.188030910019751474e+01
1.188036954509487053e+01
1.188041268472910872e+01
1.188041621384738455e+01
1.188037743073099506e+01
1.188031562184227852e+01
1.188026202913921736e+01
1.188024307652563394e+01
1.188026686083809835e+01
1.188032031297869118e+01
1.188037727688914558e+01
1.188041167406226961e+01
1.188040874628020660e+01
1.188037031047228353e+01
1.188031344189034044e+01
1.188026369572004803e+01
1.188024462609108767e+01
1.188026675767251561e+01
1.188032103812732032e+01
1.188038152954320914e+01
1.188041780845139250e+01
1.188041114360709116e+01
1.188036495364331202e+01
1.188030292080567207e+01
1.188025593502785604e+01
1.188024598411749366e+01
1.188027614129486764e+01
1.188033090227745348e+01
1.188038477154614014e+01
1.188041373093405717e+01
1.188040487432265202e+01
1.188036157798700465e+01
1.188030280450849929e+01
1.188025588945932398e+01
1.188024427652966608e+01
1.188027520800266679e+01
1.188033444283886730e+01
1.188039248454752617e+01
1.188041996447409687e+01
1.188040344127913350e+01
1.188035216113270565e+01
1.188029218346609461e+01
1.188025224976331273e+01
1.188024995604340717e+01
1.188028493633739480e+01
1.188034060592775631e+01
1.188039195047913310e+01
1.188041578341744575e+01
1.188040038479150162e+01
1.188035145968565587e+01
1.188029118523178873e+01
1.188024889845201315e+01
1.188024649539035771e+01
1.188028614644571057e+01
1.188034815919558795e+01
1.188040119467595090e+01
1.188041908666281010e+01
1.188039423787532201e+01
1.188034022748782270e+01
1.188028348574223259e+01
1.188024999101880397e+01
1.188025406922466232e+01
1.188029334583061569e+01
1.188035033746982805e+01
1.188039943338171689e+01
1.188041739924388018e+01
1.188039424198800553e+01
1.188033949935715050e+01
1.188027932203931059e+01
1.188024397963966550e+01
1.188025176031637820e+01
1.188029872135237497e+01
1.188036081588180437e+01
1.188040711804896432e+01
1.188041595771116121e+01
1.188038479130874414e+01
1.188032961194960180e+01
1.188027612210178496e+01
1.188024815965239078e+01
1.188025814808611713e+01
1.188030216256227511e+01
1.188036089730662859e+01
1.188040704372960654e+01
1.188041753234246656e+01
1.188038565570034599e+01
1.188032609820088581e+01
1.188026850491027808e+01
1.188024203230216891e+01
1.188025964870044149e+01
1.188031159191730701e+01
1.188037148236279705e+01
1.188041061077168159e+01
1.188041176155257084e+01
1.188037585181189826e+01
1.188031991823013911e+01
1.188026910416254012e+01
1.188024633820725384e+01
1.188026282242472753e+01
1.188031232996498332e+01
1.188037241189777049e+01
1.188041383208843982e+01
1.188041510930042222e+01
1.188037460338765428e+01
1.188031240794850873e+01
1.188025994910822547e+01
1.188024312449666020e+01
1.188026902906760007e+01
1.188032357916306658e+01
1.188038007821331199e+01
1.188041265676590719e+01
1.188040742919681314e+01
1.188036732745247903e+01
1.188031023393181762e+01
1.188026180532605025e+01
1.188024494942423637e+01
1.188026912366392374e+01
1.188032430805967543e+01
1.188038415033544126e+01
1.188041854513032192e+01
1.188040965108278613e+01
1.188036193422635556e+01
1.188029980015276621e+01
1.188025419896601598e+01
1.188024647392995092e+01
1.188027863881587720e+01
1.188033421716755278e+01
1.188038730720494485e+01
1.188041426140948964e+01
1.188040314575832745e+01
1.188035843040622908e+01
1.188029975517915560e+01
1.188025439324221999e+01
1.188024503257564035e+01
1.188027784242756191e+01
1.188033770112134846e+01
1.188039482674662395e+01
1.188042028318857923e+01
1.188040157841372846e+01
1.188034898977641163e+01
1.188028920882698003e+01
1.188025090039581322e+01
1.188025089306782256e+01
1.188028771981248077e+01
1.188034389688983339e+01
1.188039416069771903e+01
1.188041585152864421e+01
1.188039828938063458e+01
1.188034821765640459e+01
1.188028834882374341e+01
1.188024780968704519e+01
1.188024765870125954e+01
1.188028900457387493e+01
1.188035136115657942e+01
1.188040322579085206e+01
1.188041897623259580e+01
1.188039202352212165e+01
1.188033695349408347e+01
1.188028071855671186e+01
1.188024906807785896e+01
1.188025544322146487e+01
1.188029635580026877e+01
1.188035352955078494e+01
1.188040127260429735e+01
1.188041701381229842e+01
1.188039183260676346e+01
1.188033622554185165e+01
1.188027673881285118e+01
1.188024330401999329e+01
1.188025330814338432e+01
1.188030176384724257e+01
1.188036391638708089e+01
1.188040880042892411e+01
1.188041540638179328e+01
1.188038225380043222e+01
1.188032629760859393e+01
1.188027362721119573e+01
1.188024769074167430e+01
1.188025992969106959e+01
1.188030532935398043e+01
1.188036392280258724e+01
1.188040848438228991e+01
1.188041671549473932e+01
1.188038298432076800e+01
1.188032284455872656e+01
1.188026620675557332e+01
1.188024177592168762e+01
1.188026156234029429e+01
1.188031477824231530e+01
1.188037442907782371e+01
1.188041190272332237e+01
1.188041076505359683e+01
1.188037303513780962e+01
1.188031663612115274e+01
1.188026694063477606e+01
1.188024633241252381e+01
1.188026496606771509e+01
1.188031558307899260e+01
1.188037521688169917e+01
1.188041486187359652e+01
1.188041388763889472e+01
1.188037171549736648e+01
1.188030921908862680e+01
1.188025796764809350e+01
1.188024329732457751e+01
1.188027128873821781e+01
1.188032685980549452e+01
1.188038281027017007e+01
1.188041351960659320e+01
1.188040599878725700e+01
1.188036429161429197e+01
1.188030705885692839e+01
1.188026001793693176e+01
1.188024539683985381e+01
1.188027157556962621e+01
1.188032758456344595e+01
1.188038669506794065e+01
1.188041915945236227e+01
1.188040804850222543e+01
1.188035886975356981e+01
1.188029672092702071e+01
1.188025257086222730e+01
1.188024708655613360e+01
1.188028121540766868e+01
1.188033752978374480e+01
1.188038976042574291e+01
1.188041466858466855e+01
1.188040131175937297e+01
1.188035524553052369e+01
1.188029675459199197e+01
1.188025300869034595e+01
1.188024590994697149e+01
1.188028054978597225e+01
1.188034094894231529e+01
1.188039708003871731e+01
1.188042047714242422e+01
1.188039961468361483e+01
1.188034578964309596e+01
1.188028629109970780e+01
1.188024966630140256e+01
1.188025194867656786e+01
1.188029056869264721e+01
1.188034716897129606e+01
1.188039627674754151e+01
1.188041579500791478e+01
1.188039609827584187e+01
1.188034495461128692e+01
1.188028557627702142e+01
1.188024683927506864e+01
1.188024893827095774e+01
1.188029192116796295e+01
1.188035453577026601e+01
1.188040515689279708e+01
1.188041874106399298e+01
1.188038971935133681e+01
1.188033366739566254e+01
1.188027802259741428e+01
1.188024826562836722e+01
1.188025692954175128e+01
1.188029941643323006e+01
1.188035668647090048e+01
1.188040300751092815e+01
1.188041650457897092e+01
1.188038933904889483e+01
1.188033294751956603e+01
1.188027423350824385e+01
1.188024275122832130e+01
1.188025496488254262e+01
1.188030484918455087e+01
1.188036697323826907e+01
1.188041037367390018e+01
1.188041473267498205e+01
1.188037963906303673e+01
1.188032298790861674e+01
1.188027121652030438e+01
1.188024734544568162e+01
1.188026181544721283e+01
1.188030853117286156e+01
1.188036689738845375e+01
1.188040981233699434e+01
1.188041577791632797e+01
1.188038024194520581e+01
1.188031960373337803e+01
1.188026399915657194e+01
1.188024164445722697e+01
1.188026357543271594e+01
1.188031799103788977e+01
1.188037731678120323e+01
1.188041307851243999e+01
1.188040965071699162e+01
1.188037015508465899e+01
1.188031337523002939e+01
1.188026487280773402e+01
1.188024645124418122e+01
1.188026720386432977e+01
1.188031885487059292e+01
1.188037795598533819e+01
1.188041577256945125e+01
1.188041255061562218e+01
1.188036877124334367e+01
1.188030605988000232e+01
1.188025608760680818e+01
1.188024359472745139e+01
1.188027363657092828e+01
1.188033015019477823e+01
1.188038546916707361e+01
1.188041426137088763e+01
1.188040445709769344e+01
1.188036120728577316e+01
1.188030392120724699e+01
1.188025833613764526e+01
1.188024596773196251e+01
1.188027410988373234e+01
1.188033086290851337e+01
1.188038916004480328e+01
1.188041965051901983e+01
1.188040633819254666e+01
1.188035576466756282e+01
1.188029368756662407e+01
1.188025105303081830e+01
1.188024782107963162e+01
1.188028386735931363e+01
1.188034083539305819e+01
1.188039212771528597e+01
1.188041495187561658e+01
1.188039937493010356e+01
1.188035202790755385e+01
1.188029380706463378e+01
1.188025173782894583e+01
1.188024690741067424e+01
1.188028332617722604e+01
1.188034418159620920e+01
1.188039924115886770e+01
1.188042054606927600e+01
1.188039755294905220e+01
1.188034256535553901e+01
1.188028343446246282e+01
1.188024854921702378e+01
1.188025312133420286e+01
1.188029347890299015e+01
1.188035041750486975e+01
1.188039829559941829e+01
1.188041561391150047e+01
1.188039381459119426e+01
1.188034167523332485e+01
1.188028287160620700e+01
1.188024598864593173e+01
1.188025033226357507e+01
1.188029489200358668e+01
1.188035767843966184e+01
1.188040698520602412e+01
1.188041838152846985e+01
1.188038732870608349e+01
1.188033037391178759e+01
1.188027540170515195e+01
1.188024758479680898e+01
1.188025852605879429e+01
1.188030252336573689e+01
1.188035980371483902e+01
1.188040463559229387e+01
1.188041587223876583e+01
1.188038676488001677e+01
1.188032967002243723e+01
1.188027180976470554e+01
1.188024232207483699e+01
1.188025672812898925e+01
1.188030797289166784e+01
1.188036998202919037e+01
1.188041183554830482e+01
1.188041393759501752e+01
1.188037695086249812e+01
1.188031968757858969e+01
1.188026889346112647e+01
1.188024712425921692e+01
1.188026380267574744e+01
1.188031176344700590e+01
1.188036981678416559e+01
1.188041102564991469e+01
1.188041472092665352e+01
1.188037743252450973e+01
1.188031638042029847e+01
1.188026188531266314e+01
1.188024163808547407e+01
1.188026568504646896e+01
1.188032122566290560e+01
1.188038014133773856e+01
1.188041413648591771e+01
1.188040842016279264e+01
1.188036721577234545e+01
1.188031014020793741e+01
1.188026290364106430e+01
1.188024669455625926e+01
1.188026953263344154e+01
1.188032214064436509e+01
1.188038062524230476e+01
1.188041656283193959e+01
1.188041110014891011e+01
1.188036577488964696e+01
1.188030293489755351e+01
1.188025431168689572e+01
1.188024401624442206e+01
1.188027606915973955e+01
1.188033344560533067e+01
1.188038805111643015e+01
1.188041488101968390e+01
1.188040280633464718e+01
1.188035807886478779e+01
1.188030082547023625e+01
1.188025676236097006e+01
1.188024666131702389e+01
1.188027672298219350e+01
1.188033413836241792e+01
1.188039154168478184e+01
1.188042001760869226e+01
1.188040452263547309e+01
1.188035262346938126e+01
1.188029070444417279e+01
1.188024964762784919e+01
1.188024867640867299e+01
1.188028659085116523e+01
1.188034412927234484e+01
1.188039440570402583e+01
1.188041511087686786e+01
1.188039733802285625e+01
1.188034878213183454e+01
1.188029091683806548e+01
1.188025058251966648e+01
1.188024802356133947e+01
1.188028616760173684e+01
1.188034739439937404e+01
1.188040130697438101e+01
1.188042048988218902e+01
1.188039539621117235e+01
1.188033932157154915e+01
1.188028064300593378e+01
1.188024755071139538e+01
1.188025440933666133e+01
1.188029644628007553e+01
1.188035363785719944e+01
1.188040021436425953e+01
1.188041530847503147e+01
1.188039144157376015e+01
1.188033838422867383e+01
1.188028023872804440e+01
1.188024525905739281e+01
1.188025183867906875e+01
1.188029791277857150e+01
1.188036078461354883e+01
1.188040870810220007e+01
1.188041789817613569e+01
1.188038485505399500e+01
1.188032707777270147e+01
1.188027285961293344e+01
1.188024702653454412e+01
1.188026023048706392e+01
1.188030567216739009e+01
1.188036287682462699e+01
1.188040615449300752e+01
1.188041511766357949e+01
1.188038411378133041e+01
1.188032639778153410e+01
1.188026947110422782e+01
1.188024201719230355e+01
1.188025859532501904e+01
1.188031113044073628e+01
1.188037293842239528e+01
1.188041318397640111e+01
1.188041302232078777e+01
1.188037419307077869e+01
1.188031640133417355e+01
1.188026666133953135e+01
1.188024702749826744e+01
1.188026588855176868e+01
1.188031502156093033e+01
1.188037267678937958e+01
1.188041212254222323e+01
1.188041354601659627e+01
1.188037456010556170e+01
1.188031317928965791e+01
1.188025986828870373e+01
1.188024175680360628e+01
1.188026788811162504e+01
1.188032447744454245e+01
1.188038289870269715e+01
1.188041507516001261e+01
1.188040707517848560e+01
1.188036422140629611e+01
1.188030693566877005e+01
1.188026103595224292e+01
1.188024706202352476e+01
1.188027194906319295e+01
1.188032543568514221e+01
1.188038322078688225e+01
1.188041723149003914e+01
1.188040953831980140e+01
1.188036273077502614e+01
1.188029984866716582e+01
1.188025264244155643e+01
1.188024456123634387e+01
1.188027858297659201e+01
1.188033674130397088e+01
1.188039055244115261e+01
1.188041537768970990e+01
1.188040104886182746e+01
1.188035491081266848e+01
1.188029777607280302e+01
1.188025529888402865e+01
1.188024747663510183e+01
1.188027941112800256e+01
1.188033740619719758e+01
1.188039383652641234e+01
1.188042026017769004e+01
1.188040260446377161e+01
1.188034945071207282e+01
1.188028777586039020e+01
1.188024835664798751e+01
1.188024965127767096e+01
1.188028938196035611e+01
1.188034740671509759e+01
1.188039659115097990e+01
1.188041514536203991e+01
1.188039520393404480e+01
1.188034551283817031e+01
1.188028808807048442e+01
1.188024954445787706e+01
1.188024925682316102e+01
1.188028906996678202e+01
1.188035058269679922e+01
1.188040327448932842e+01
1.188042030867376297e+01
1.188039314760762011e+01
1.188033606297724276e+01
1.188027792072743871e+01
1.188024667218277663e+01
1.188025581081370419e+01
1.188029946657798774e+01
1.188035682543546301e+01
1.188040203029725816e+01
1.188041487911321070e+01
1.188038898259896747e+01
1.188033508631982826e+01
1.188027768145582286e+01
1.188024465159333687e+01
1.188025345535612942e+01
1.188030097911915384e+01
1.188036384979299953e+01
1.188041032310417222e+01
1.188041729173493977e+01
1.188038230198229250e+01
1.188032378371281261e+01
1.188027039994061873e+01
1.188024659161646213e+01
1.188026204038549594e+01
1.188030885834752226e+01
1.188036590140602300e+01
1.188040756201503356e+01
1.188041424190106987e+01
1.188038138954429535e+01
1.188032313552005803e+01
1.188026722092648413e+01
1.188024183703514325e+01
1.188026056376378037e+01
1.188031431725517173e+01
1.188037583815542497e+01
1.188041441704529788e+01
1.188041198820409861e+01
1.188037136966026353e+01
1.188031313387104149e+01
1.188026452333049399e+01
1.188024705529952918e+01
1.188026807010835917e+01
1.188031830086219109e+01
1.188037547328952925e+01
1.188041310140261508e+01
1.188041225484632335e+01
1.188037162882546660e+01
1.188031000497964484e+01
1.188025795101060211e+01
1.188024200042929657e+01
1.188027018142395619e+01
1.188032774168502748e+01
1.188038558492761787e+01
1.188041589322248370e+01
1.188040561771639325e+01
1.188036117627141408e+01
1.188030376618260675e+01
1.188025927241246293e+01
1.188024755314196135e+01
1.188027444971580060e+01
1.188032873526480948e+01
1.188038573885959615e+01
1.188041777754741446e+01
1.188040786736910803e+01
1.188035964330668826e+01
1.188029680565918156e+01
1.188025108227097881e+01
1.188024522888672863e+01
1.188028117437642983e+01
1.188034003255672388e+01
1.188039296957992974e+01
1.188041575069476430e+01
1.188039918719675114e+01
1.188035170764782400e+01
1.188029477737493877e+01
1.188025394782502531e+01
1.188024841255117003e+01
1.188028217047656732e+01
1.188034066169613645e+01
1.188039604123302162e+01
1.188042037786102334e+01
1.188040058645744246e+01
1.188034625099410491e+01
1.188028490603792520e+01
1.188024718192166418e+01
1.188025074424908745e+01
1.188029223666640810e+01
1.188035066303818077e+01
1.188039868094834794e+01
1.188041505528416408e+01
1.188039297570002972e+01
1.188034222469496548e+01
1.188028532483134470e+01
1.188024862517022306e+01
1.188025060545219169e+01
1.188029202909238258e+01
1.188035374186879523e+01
1.188040514084885757e+01
1.188042000271598653e+01
1.188039081040807332e+01
1.188033279428034561e+01
1.188027527152517138e+01
1.188024591485692660e+01
1.188025732373160359e+01
1.188030253547437809e+01
1.188035997569400770e+01
1.188040374080178907e+01
1.188041432641919570e+01
1.188038644116572407e+01
1.188033178623883224e+01
1.188027520349387167e+01
1.188024416716217502e+01
1.188025517997528802e+01
1.188030408658625348e+01
1.188036686953787324e+01
1.188041182788957073e+01
1.188041656310963035e+01
1.188037967319256083e+01
1.188032049646392885e+01
1.188026802618968958e+01
1.188024628063983990e+01
1.188026395316102679e+01
1.188031207736162820e+01
1.188036887313486822e+01
1.188040885612080189e+01
1.188041324617317329e+01
1.188037859606524016e+01
1.188031988794651816e+01
1.188026506250393943e+01
1.188024178187877133e+01
1.188026263059312626e+01
1.188031752871627944e+01
1.188037867704694861e+01
1.188041553300767639e+01
1.188041083676773013e+01
1.188036848469804418e+01
1.188030988985808101e+01
1.188026248247350836e+01
1.188024720762023101e+01
1.188027034424083261e+01
1.188032159666809306e+01
1.188037820226173480e+01
1.188041396078964063e+01
1.188041084924293500e+01
1.188036864290558725e+01
1.188030686208977293e+01
1.188025613626112076e+01
1.188024236860097282e+01
1.188027256164953016e+01
1.188033101366839794e+01
1.188038819616597408e+01
1.188041658953447310e+01
1.188040404989088827e+01
1.188035808472590737e+01
1.188030063626905530e+01
1.188025761554282411e+01
1.188024816722946930e+01
1.188027703103246857e+01
1.188033203464909526e+01
1.188038817581258932e+01
1.188041820018386474e+01
1.188040608969413725e+01
1.188035651695398620e+01
1.188029381028194820e+01
1.188024963341888807e+01
1.188024601820290727e+01
1.188028383960244838e+01
1.188034331463564186e+01
1.188039529909235803e+01
1.188041599952669891e+01
1.188039722400710829e+01
1.188034847393921822e+01
1.188029183366343844e+01
1.188025271114014458e+01
1.188024946775680846e+01
1.188028499708125096e+01
1.188034390016059838e+01
1.188039815259751286e+01
1.188042037047292609e+01
1.188039847153973660e+01
1.188034302895275474e+01
1.188028209911528243e+01
1.188024612511244626e+01
1.188025195371548115e+01
1.188029515085704269e+01
1.188035389358859995e+01
1.188040067212601869e+01
1.188041484077574239e+01
1.188039065649270754e+01
1.188033892239753442e+01
1.188028263109553251e+01
1.188024782601243778e+01
1.188025206753884078e+01
1.188029504071731424e+01
1.188035686733766383e+01
1.188040690334327998e+01
1.188041957245987490e+01
1.188038838800950892e+01
1.188032952020338762e+01
1.188027269919259687e+01
1.188024527978538813e+01
1.188025894589610232e+01
1.188030564857669624e+01
1.188036308414087294e+01
1.188040534343318733e+01
1.188041365116376546e+01
1.188038382089142075e+01
1.188032848872049918e+01
1.188027280843224531e+01
1.188024380649556910e+01
1.188025701006223045e+01
1.188030723068189154e+01
1.188036983947317360e+01
1.188041322029410551e+01
1.188041571338045266e+01
1.188037697249546909e+01
1.188031722074845042e+01
1.188026574173825445e+01
1.188024609402352283e+01
1.188026596607229024e+01
1.188031532461790007e+01
1.188037178776328062e+01
1.188041003493617254e+01
1.188041213187433520e+01
1.188037573733972430e+01
1.188031665974800966e+01
1.188026299897716598e+01
1.188024185181922121e+01
1.188026479281976400e+01
1.188032076016986061e+01
1.188038145100275855e+01
1.188041653028432876e+01
1.188040956970322171e+01
1.188036554234008335e+01
1.188030667393075746e+01
1.188026054166824252e+01
1.188024748423818266e+01
1.188027270771118893e+01
1.188032490427240262e+01
1.188038085978057978e+01
1.188041469943376249e+01
1.188040933119781428e+01
1.188036560664548702e+01
1.188030375517428539e+01
1.188025442667588649e+01
1.188024286077835256e+01
1.188027502532954571e+01
1.188033428866724961e+01
1.188039072867870516e+01
1.188041716313216156e+01
1.188040237397535925e+01
1.188035495119506635e+01
1.188029755039082325e+01
1.188025606771070919e+01
1.188024890342685325e+01
1.188027968933852030e+01
1.188033532910436207e+01
1.188039052811489427e+01
1.188041849875652645e+01
1.188040420784530760e+01
1.188035335624194389e+01
1.188029086687550517e+01
1.188024829796935045e+01
1.188024692801747406e+01
1.188028657479149430e+01
1.188034658282558276e+01
1.188039753766385687e+01
1.188041612385614165e+01
1.188039516210693947e+01
1.188034521429983137e+01
1.188028894914574884e+01
1.188025159062080327e+01
1.188025064077203474e+01
1.188028788689902981e+01
1.188034711691674516e+01
1.188040016754697525e+01
1.188042023800714020e+01
1.188039626277293692e+01
1.188033978925745515e+01
1.188027935914089284e+01
1.188024518771463711e+01
1.188025327790182217e+01
1.188029812033410515e+01
1.188035709375012772e+01
1.188040256185581711e+01
1.188041450214856809e+01
1.188038824961499174e+01
1.188033561066133359e+01
1.188028001073759299e+01
1.188024714816737948e+01
1.188025364101063808e+01
1.188029810050523061e+01
1.188035995457427418e+01
1.188040855941199148e+01
1.188041901853479487e+01
1.188038588393133921e+01
1.188032624547692784e+01
1.188027020741300355e+01
1.188024476784394778e+01
1.188026067495552773e+01
1.188030880142853007e+01
1.188036614634422428e+01
1.188040683590222635e+01
1.188041285429421023e+01
1.188038112550670711e+01
1.188032519849558177e+01
1.188027049974156313e+01
1.188024357014736054e+01
1.188025894299138407e+01
1.188031040685562090e+01
1.188037275529537951e+01
1.188041449831470686e+01
1.188041474380157148e+01
1.188037420380527109e+01
1.188031396127253814e+01
1.188026354983616351e+01
1.188024603200729423e+01
1.188026807623358394e+01
1.188031859548383373e+01
1.188037464112577268e+01
1.188041109675312690e+01
1.188041090056951887e+01
1.188037281745678087e+01
1.188031345558343155e+01
1.188026103335028338e+01
1.188024204677299345e+01
1.188026704731352545e+01
1.188032400693293411e+01
1.188038415602165543e+01
1.188041740746639974e+01
1.188040818886845429e+01
1.188036254682524273e+01
1.188030349068434610e+01
1.188025870367038728e+01
1.188024788475209981e+01
1.188027515715278781e+01
1.188032821895212443e+01
1.188038344202376351e+01
1.188041531623920832e+01
1.188040770286376890e+01
1.188036252441674812e+01
1.188030068873559131e+01
1.188025282473955357e+01
1.188024347624321386e+01
1.188027756888526021e+01
1.188033756194955970e+01
1.188039317883960244e+01
1.188041761322811496e+01
1.188040059239890134e+01
1.188035178016486348e+01
1.188029451294727856e+01
1.188025463112636793e+01
1.188024976069907090e+01
1.188028242084864416e+01
1.188033861390444734e+01
1.188039279235749923e+01
1.188041867280077923e+01
1.188040222452242389e+01
1.188035016574477964e+01
1.188028797970533113e+01
1.188024707784371792e+01
1.188024795698994573e+01
1.188028937597963619e+01
1.188034983243099596e+01
1.188039968211046471e+01
1.188041612353296905e+01
1.188039300445257851e+01
1.188034193338002886e+01
1.188028612794392735e+01
1.188025058789102140e+01
1.188025192994744650e+01
1.188029083579630196e+01
1.188035030732229558e+01
1.188040208314711954e+01
1.188041998063689419e+01
1.188039396335397591e+01
1.188033653660305866e+01
1.188027669006726050e+01
1.188024437105112696e+01
1.188025471486806595e+01
1.188030114081956157e+01
1.188036025895002012e+01
1.188040434745555984e+01
1.188041403989327094e+01
1.188038575849603795e+01
1.188033229421521320e+01
1.188027746752620750e+01
1.188024659264333671e+01
1.188025532363518799e+01
1.188030120405090528e+01
1.188036299910454652e+01
1.188041010664715280e+01
1.188041834174757838e+01
1.188038330181034219e+01
1.188032297483272259e+01
1.188026779975422897e+01
1.188024437973139591e+01
1.188026250840420417e+01
1.188031198951594192e+01
1.188036915793875714e+01
1.188040821607842901e+01
1.188041193693296727e+01
1.188037835885015703e+01
1.188032192028400225e+01
1.188026828076799113e+01
1.188024345849277097e+01
1.188026097598966757e+01
1.188031361051108803e+01
1.188037561277858423e+01
1.188041566011239780e+01
1.188041365579929654e+01
1.188037137113416009e+01
1.188031072271942357e+01
1.188026145360036168e+01
1.188024609465156445e+01
1.188027028061898349e+01
1.188032188529288824e+01
1.188037742914520933e+01
1.188041204003221196e+01
1.188040955399195475e+01
1.188036984059308487e+01
1.188031028007680945e+01
1.188025916848669183e+01
1.188024236647716769e+01
1.188026939081189504e+01
1.188032726430046360e+01
1.188038678820123195e+01
1.188041816331742950e+01
1.188040669628496637e+01
1.188035950246915462e+01
1.188030034466744667e+01
1.188025697108766465e+01
1.188024840858217956e+01
1.188027768907515558e+01
1.188033153597428360e+01
1.188038594527759884e+01
1.188041581028554461e+01
1.188040596655197234e+01
1.188035940065668150e+01
1.188029766721777669e+01
1.188025133278227585e+01
1.188024421410041853e+01
1.188028018862318724e+01
1.188034082878550635e+01
1.188039554314051571e+01
1.188041793921245137e+01
1.188039870774285944e+01
1.188034857617551054e+01
1.188029152826811341e+01
1.188025330783974631e+01
1.188025073783667906e+01
1.188028522167240197e+01
1.188034188433741178e+01
1.188039496525827055e+01
1.188041872203090676e+01
1.188040014257083854e+01
1.188034695007932662e+01
1.188028515295620480e+01
1.188024597479791566e+01
1.188024910360871900e+01
1.188029223910784005e+01
1.188035305878269554e+01
1.188040172938338834e+01
1.188041599858653186e+01
1.188039075413840173e+01
1.188033863586086269e+01
1.188028337408869817e+01
1.188024970440511652e+01
1.188025333346659806e+01
1.188029383955484874e+01
1.188035346677316362e+01
1.188040389660650575e+01
1.188041959871469011e+01
1.188039157660979939e+01
1.188033327570310504e+01
1.188027409574529614e+01
1.188024367627151001e+01
1.188025626251191724e+01
1.188030420796168585e+01
1.188036338466551456e+01
1.188040602639291698e+01
1.188041345467862264e+01
1.188038318668636251e+01
1.188032897779457997e+01
1.188027500511875090e+01
1.188024616027255753e+01
1.188025711302339715e+01
1.188030434688656634e+01
1.188036599651596603e+01
1.188041154279713041e+01
1.188041754308134479e+01
1.188038064539539818e+01
1.188031971299697886e+01
1.188026547966347479e+01
1.188024411596852303e+01
1.188026444358604650e+01
1.188031520827404997e+01
1.188037211463192655e+01
1.188040948199311764e+01
1.188041090037602387e+01
1.188037552486273007e+01
1.188031865878800630e+01
1.188026615472846359e+01
1.188024347172787287e+01
1.188026310614049130e+01
1.188031683701266950e+01
1.188037840778063092e+01
1.188041670401493199e+01
1.188041245097000775e+01
1.188036847858653289e+01
1.188030750974259497e+01
1.188025945601039268e+01
1.188024628183726072e+01
1.188027257606675136e+01
1.188032518935116322e+01
1.188038014783871255e+01
1.188041286340478209e+01
1.188040809404066600e+01
1.188036681100690650e+01
1.188030713781062175e+01
1.188025740710488698e+01
1.188024281048979880e+01
1.188027181992467973e+01
1.188033052755212182e+01
1.188038934374343825e+01
1.188041879677511936e+01
1.188040509413504964e+01
1.188035641365807038e+01
1.188029724037534507e+01
1.188025534637611003e+01
1.188024905497094075e+01
1.188028029986903356e+01
1.188033485060271310e+01
1.188038836594234304e+01
1.188041618082898232e+01
1.188040412472859586e+01
1.188035623986191247e+01
1.188029469500025925e+01
1.188024995297632813e+01
1.188024507327921064e+01
1.188028288074037775e+01
1.188034408445422407e+01
1.188039781819638385e+01
1.188041814065367596e+01
1.188039672273710678e+01
1.188034534381496066e+01
1.188028860060716951e+01
1.188025209973755913e+01
1.188025183345761704e+01
1.188028808781970902e+01
1.188034513571235529e+01
1.188039704366664751e+01
1.188041864634055322e+01
1.188039796497734280e+01
1.188034371389837140e+01
1.188028239072618142e+01
1.188024499041991611e+01
1.188025036619322172e+01
1.188029516002784547e+01
1.188035625724452515e+01
1.188040367657340646e+01
1.188041574922558752e+01
1.188038841439240656e+01
1.188033532644735679e+01
1.188028069151369870e+01
1.188024894144559873e+01
1.188025484934857623e+01
1.188029689387786725e+01
1.188035659071011807e+01
1.188040560528050982e+01
1.188041909277177233e+01
1.188038910599262188e+01
1.188033001128299482e+01
1.188027157991878369e+01
1.188024310435041819e+01
1.188025791857187485e+01
1.188030731734130896e+01
1.188036646643036853e+01
1.188040759628905363e+01
1.188041274735055275e+01
1.188038053785267500e+01
1.188032566613465058e+01
1.188027262705604592e+01
1.188024585171007352e+01
1.188025900663287970e+01
1.188030752448831073e+01
1.188036894246383035e+01
1.188041286576977207e+01
1.188041662369409757e+01
1.188037791854216962e+01
1.188031646468348512e+01
1.188026325046241283e+01
1.188024397689737555e+01
1.188026647769838817e+01
1.188031845309349066e+01
1.188037501221015368e+01
1.188041063184223667e+01
1.188040974609103984e+01
1.188037262758212265e+01
1.188031541868548047e+01
1.188026412470602011e+01
1.188024360986927874e+01
1.188026533038794774e+01
1.188032008169209774e+01
1.188038113624902969e+01
1.188041762851920780e+01
1.188041113107786373e+01
1.188036553035304621e+01
1.188030432695914307e+01
1.188025755990413934e+01
1.188024659326601018e+01
1.188027495928380972e+01
1.188032850294418807e+01
1.188038279332333680e+01
1.188041356567492990e+01
1.188040652277771159e+01
1.188036373303202531e+01
1.188030403331924312e+01
1.188025575177459991e+01
1.188024337819052612e+01
1.188027433113890829e+01
1.188033379195908701e+01
1.188039181896010632e+01
1.188041930695286119e+01
1.188040338475860125e+01
1.188035328484248510e+01
1.188029418224362921e+01
1.188025383183651762e+01
1.188024982298429677e+01
1.188028298581154196e+01
1.188033815810488392e+01
1.188039070053739188e+01
1.188041642730348002e+01
1.188040218001129134e+01
1.188035304658200175e+01
1.188029177639141487e+01
1.188024868733299755e+01
1.188024605253476196e+01
1.188028564132988940e+01
1.188034732425065698e+01
1.188040000075013936e+01
1.188041821729932046e+01
1.188039464025610492e+01
