1.188024147592623692e+01
1.188035371801325191e+01
1.188024590378340051e+01
1.188034734969199846e+01
1.188025167673009896e+01
1.188034231378947858e+01
1.188025826619115222e+01
1.188033184250745755e+01
1.188027251619787883e+01
1.188031643445475538e+01
1.188028634355671720e+01
1.188030455163899290e+01
1.188029840916096447e+01
1.188029003823169205e+01
1.188031527669486742e+01
1.188027343768523458e+01
1.188032881088944315e+01
1.188026340952564475e+01
1.188033745192103119e+01
1.188025379584544439e+01
1.188034811062812324e+01
1.188024455372432797e+01
1.188035323297882151e+01
1.188024392397972306e+01
1.188035161262924078e+01
1.188024521741870210e+01
1.188035099002968131e+01
1.188024738054820695e+01
1.188034475627580910e+01
1.188025793850376921e+01
1.188033226787141139e+01
1.188026955235710247e+01
1.188032213414633631e+01
1.188028019948281688e+01
1.188030856785835887e+01
1.188029688885846902e+01
1.188029120583981957e+01
1.188031199953607775e+01
1.188027909422245187e+01
1.188032302218730862e+01
1.188026673560943713e+01
1.188033702023107807e+01
1.188025344522164417e+01
1.188034672373087197e+01
1.188024806172722592e+01
1.188034976710141777e+01
1.188024476500591220e+01
1.188035385810074906e+01
1.188024199437531614e+01
1.188035259377744346e+01
1.188024791319708129e+01
1.188034414773375325e+01
1.188025606177748728e+01
1.188033711750998478e+01
1.188026383516405815e+01
1.188032605516716522e+01
1.188027871116915080e+01
1.188030959400459885e+01
1.188029376541000204e+01
1.188029696840096072e+01
1.188030566977447933e+01
1.188028329538877692e+01
1.188032166613144369e+01
1.188026716279367001e+01
1.188033492834778393e+01
1.188025784034902799e+01
1.188034202145118634e+01
1.188025038291637259e+01
1.188035058265300847e+01
1.188024271055180314e+01
1.188035449505311192e+01
1.188024354070497601e+01
1.188035075435204924e+01
1.188024738691121129e+01
1.188034781699517772e+01
1.188025114213919764e+01
1.188034056523117954e+01
1.188026275179625912e+01
1.188032655817677963e+01
1.188027615152905447e+01
1.188031502523774208e+01
1.188028733113792335e+01
1.188030164322331927e+01
1.188030374191404626e+01
1.188028418304819667e+01
1.188031917244916258e+01
1.188027215444703621e+01
1.188032924276423508e+01
1.188026145738733064e+01
1.188034151200618460e+01
1.188024945404664656e+01
1.188035026004401118e+01
1.188024529145031494e+01
1.188035135695664657e+01
1.188024450534874887e+01
1.188035302448669128e+01
1.188024353915285225e+01
1.188035049346103378e+01
1.188025077143474562e+01
1.188034021459154310e+01
1.188026113060090516e+01
1.188033123716216899e+01
1.188027005421109195e+01
1.188031974676948366e+01
1.188028522700123624e+01
1.188030261643337049e+01
1.188030122144503054e+01
1.188028939317309707e+01
1.188031286026056321e+01
1.188027676569794266e+01
1.188032763952769422e+01
1.188026148022569117e+01
1.188034037075143701e+01
1.188025295363318534e+01
1.188034589502870020e+01
1.188024774819003859e+01
1.188035214320038513e+01
1.188024187970859025e+01
1.188035474418342297e+01
1.188024408739677895e+01
1.188034904945069137e+01
1.188025038521839960e+01
1.188034378182762296e+01
1.188025577028021296e+01
1.188033559951900919e+01
1.188026816638664052e+01
1.188032041760607527e+01
1.188028308382096476e+01
1.188030761979308103e+01
1.188029470606710092e+01
1.188029461222828864e+01
1.188031049317885746e+01
1.188027745771217170e+01
1.188032593745246501e+01
1.188026565699113490e+01
1.188033498497210516e+01
1.188025676306662604e+01
1.188034525431688415e+01
1.188024635694896247e+01
1.188035285255802798e+01
1.188024342708328973e+01
1.188035208743371207e+01
1.188024512037727654e+01
1.188035124523026020e+01
1.188024607883296113e+01
1.188034744415474186e+01
1.188025444306893696e+01
1.188033561313371322e+01
1.188026678736724939e+01
1.188032478754499088e+01
1.188027681110463973e+01
1.188031301719714961e+01
1.188029196552794353e+01
1.188029561657348765e+01
1.188030857496229586e+01
1.188028196989025354e+01
1.188031985138437641e+01
1.188027055329279236e+01
1.188033310811507626e+01
1.188025648206051521e+01
1.188034503625674887e+01
1.188024884715175666e+01
1.188034900022588225e+01
1.188024592919628475e+01
1.188035277935343537e+01
1.188024206934215243e+01
1.188035396817042333e+01
1.188024556852657732e+01
1.188034652117228518e+01
1.188025415327332013e+01
1.188033896775031906e+01
1.188026117882086119e+01
1.188032993706070428e+01
1.188027410315877930e+01
1.188031394533238583e+01
1.188029022272424484e+01
1.188030005893281782e+01
1.188030219058120984e+01
1.188028758878649249e+01
1.188031704059102189e+01
1.188027113860959361e+01
1.188033217115080298e+01
1.188025972738024905e+01
1.188034014297805818e+01
1.188025272679463384e+01
1.188034819677989518e+01
1.188024419983228874e+01
1.188035444997020917e+01
1.188024251456541158e+01
1.188035193865733774e+01
1.188024659324626775e+01
1.188034856477327317e+01
1.188024956196844428e+01
1.188034349202838769e+01
1.188025887892569088e+01
1.188033041486348829e+01
1.188027292876380692e+01
1.188031789330491073e+01
1.188028398157430843e+01
1.188030597640830344e+01
1.188029882484628352e+01
1.188028870675884363e+01
1.188031569371404039e+01
1.188027483990921596e+01
1.188032651463892719e+01
1.188026475969122941e+01
1.188033799173353522e+01
1.188025224575349625e+01
1.188034883917825013e+01
1.188024560526367424e+01
1.188035127516251777e+01
1.188024495224792254e+01
1.188035249388735082e+01
1.188024326728847591e+01
1.188035217535920474e+01
1.188024797241564556e+01
1.188034320424213597e+01
1.188025862156729318e+01
1.188033347110525817e+01
1.188026726555394852e+01
1.188032367074908890e+01
1.188028047379407681e+01
1.188030724353244949e+01
1.188029744101186580e+01
1.188029248614813582e+01
1.188030964657841615e+01
1.188028068967952500e+01
1.188032328520580627e+01
1.188026532485768882e+01
1.188033776221509186e+01
1.188025448104595228e+01
1.188034461851973411e+01
1.188024941436454007e+01
1.188035030223936772e+01
1.188024300985168757e+01
1.188035502113076447e+01
1.188024258306470138e+01
1.188035090339536026e+01
1.188024889529026140e+01
1.188034504244842537e+01
1.188025391843541456e+01
1.188033870189259034e+01
1.188026401615296557e+01
1.188032469905609645e+01
1.188027944609577524e+01
1.188031068609877750e+01
1.188029143190704140e+01
1.188029874283769161e+01
1.188030570027597754e+01
1.188028199530800499e+01
1.188032245252040653e+01
1.188026813888544098e+01
1.188033272489464665e+01
1.188025948229233464e+01
1.188034221943832769e+01
1.188024883328023051e+01
1.188035171179775773e+01
1.188024329673918444e+01
1.188035266998809014e+01
1.188024483221614069e+01
1.188035130449501686e+01
1.188024544180093223e+01
1.188034939478837870e+01
1.188025127067294662e+01
1.188033914469177610e+01
1.188026371158955641e+01
1.188032739900942225e+01
1.188027391450025227e+01
1.188031690707975407e+01
1.188028718150861529e+01
1.188030041609715504e+01
1.188030461319273634e+01
1.188028504415555631e+01
1.188031693442400538e+01
1.188027403272355187e+01
1.188032913213362640e+01
1.188026010473585892e+01
1.188034261356173005e+01
1.188025002063820068e+01
1.188034832307467425e+01
1.188024688223709902e+01
1.188035154668771298e+01
1.188024279552037576e+01
1.188035455580482669e+01
1.188024364373553254e+01
1.188034898766274594e+01
1.188025198668176685e+01
1.188034075078546792e+01
1.188025906122468101e+01
1.188033315624745256e+01
1.188026977853945176e+01
1.188031855191120023e+01
1.188028622734349682e+01
1.188030330167318027e+01
1.188029902181149389e+01
1.188029144146485905e+01
1.188031248541222240e+01
1.188027558523440419e+01
1.188032873561316549e+01
1.188026199376538727e+01
1.188033836308766311e+01
1.188025481277861317e+01
1.188034573001768024e+01
1.188024629069238003e+01
1.188035360568651022e+01
1.188024197286643968e+01
1.188035314826865552e+01
1.188024557235948109e+01
1.188034924282942306e+01
1.188024854273373876e+01
1.188034567578681866e+01
1.188025541794908335e+01
1.188033439962602600e+01
1.188026933728484558e+01
1.188032086688379074e+01
1.188028099852202502e+01
1.188030976435423014e+01
1.188029412199428414e+01
1.188029356745755116e+01
1.188031161778461176e+01
1.188027787180236672e+01
1.188032391593951509e+01
1.188026773474406284e+01
1.188033449149238407e+01
1.188025555483026530e+01
1.188034664410901442e+01
1.188024643358673060e+01
1.188035117995700851e+01
1.188024517657314938e+01
1.188035191905161447e+01
1.188024354724590026e+01
1.188035306487650189e+01
1.188024568882826593e+01
1.188034621121435919e+01
1.188025581714181911e+01
1.188033577366869764e+01
1.188026488860466046e+01
1.188032695382804604e+01
1.188027607713384270e+01
1.188031206571647580e+01
1.188029315912593376e+01
1.188029587693061728e+01
1.188030660746405687e+01
1.188028420158967435e+01
1.188031907330612391e+01
1.188026957317153531e+01
1.188033443864149241e+01
1.188025651997452314e+01
1.188034331888092687e+01
1.188025083546156502e+01
1.188034847245129377e+01
1.188024464804600910e+01
1.188035449249748865e+01
1.188024166591413966e+01
1.188035268824122959e+01
1.188024716421114313e+01
1.188034635340351741e+01
1.188025250311138414e+01
1.188034108701980784e+01
1.188026035206417497e+01
1.188032903691372510e+01
1.188027540649182612e+01
1.188031399591581483e+01
1.188028838218203376e+01
1.188030237049560078e+01
1.188030118459995066e+01
1.188028680151231420e+01
1.188031833934558890e+01
1.188027110110092011e+01
1.188033045742600535e+01
1.188026190940902538e+01
1.188033927939771850e+01
1.188025173946699198e+01
1.188034979006277503e+01
1.188024378999245734e+01
1.188035312628964846e+01
1.188024433230132892e+01
1.188035142087146312e+01
1.188024523823525591e+01
1.188035057998767385e+01
1.188024869121690585e+01
1.188034260789792462e+01
1.188026032668467202e+01
1.188033020439403842e+01
1.188027128657584974e+01
1.188032020768359942e+01
1.188028281120513796e+01
1.188030533800289490e+01
1.188030012852056139e+01
1.188028854705415327e+01
1.188031404465614571e+01
1.188027715437291221e+01
1.188032535779261778e+01
1.188026404848329065e+01
1.188033947029052584e+01
1.188025181888403203e+01
1.188034749323434447e+01
1.188024762561315661e+01
1.188035040632648709e+01
1.188024391965004156e+01
1.188035436421241720e+01
1.188024238802398003e+01
1.188035128389372730e+01
1.188024958752714966e+01
1.188034269238141327e+01
1.188025724101064284e+01
1.188033571501519425e+01
1.188026599455712073e+01
1.188032313477410717e+01
1.188028182232673124e+01
1.188030691051659637e+01
1.188029592476696905e+01
1.188029486053730643e+01
1.188030825377240163e+01
1.188028022062668754e+01
1.188032467021783489e+01
1.188026485447277381e+01
1.188033643264843420e+01
1.188025666497748922e+01
1.188034341899836299e+01
1.188024871038821573e+01
1.188035200570913652e+01
1.188024214092839514e+01
1.188035411479709502e+01
1.188024437224427743e+01
1.188035006589280940e+01
1.188024782570348847e+01
1.188034715263408181e+01
1.188025260440044839e+01
1.188033822582872112e+01
1.188026544637846271e+01
1.188032414367264167e+01
1.188027813153907175e+01
1.188031304285034651e+01
1.188028986956701338e+01
1.188029847065832101e+01
1.188030702470031663e+01
1.188028144276492704e+01
1.188032119196531156e+01
1.188027043020913887e+01
1.188033123496690990e+01
1.188025909251824075e+01
1.188034375348670402e+01
1.188024797563852175e+01
1.188035080081816730e+01
1.188024524782498936e+01
1.188035150221589298e+01
1.188024410457797408e+01
1.188035323285714284e+01
1.188024413059674878e+01
1.188034894582047762e+01
1.188025281029625191e+01
1.188033832629124653e+01
1.188026266168359513e+01
1.188032966222481335e+01
1.188027225168519863e+01
1.188031678121918411e+01
1.188028848448391273e+01
1.188029973583591570e+01
1.188030348339761133e+01
1.188028737385867473e+01
1.188031521075545527e+01
1.188027392466343457e+01
1.188033051195695755e+01
1.188025924228371721e+01
1.188034172570848490e+01
1.188025210202173554e+01
1.188034684154814613e+01
1.188024650662222470e+01
1.188035326371995914e+01
1.188024151722067856e+01
1.188035411535819641e+01
1.188024530632369391e+01
1.188034787958251037e+01
1.188025125232298507e+01
1.188034285276671831e+01
1.188025736301470481e+01
1.188033312733800706e+01
1.188027109910788681e+01
1.188031769762952372e+01
1.188028529310374637e+01
1.188030559369282102e+01
1.188029713226578288e+01
1.188029156895848537e+01
1.188031374036488685e+01
1.188027468778776630e+01
1.188032791387384890e+01
1.188026415600260677e+01
1.188033660479161924e+01
1.188025477796457707e+01
1.188034722618957595e+01
1.188024505741944559e+01
1.188035317220016829e+01
1.188024375443468728e+01
1.188035174201214161e+01
1.188024518738942170e+01
1.188035112972496421e+01
1.188024686421719700e+01
1.188034570179599392e+01
1.188025678881454539e+01
1.188033333069051700e+01
1.188026865985550806e+01
1.188032304469358458e+01
1.188027901587798674e+01
1.188031007330674704e+01
1.188029529043826393e+01
1.188029259540038218e+01
1.188031091615044232e+01
1.188028005124551356e+01
1.188032193552374594e+01
1.188026801000560084e+01
1.188033577644413974e+01
1.188025436074494934e+01
1.188034623372993259e+01
1.188024831117887281e+01
1.188034948749441888e+01
1.188024515450284824e+01
1.188035355500241508e+01
1.188024192876282115e+01
1.188035311625208479e+01
1.188024713086522155e+01
1.188034489858098297e+01
1.188025544785701548e+01
1.188033776696531696e+01
1.188026288386562612e+01
1.188032738864279558e+01
1.188027720033517731e+01
1.188031097584800477e+01
1.188029263696611793e+01
1.188029800099558386e+01
1.188030447260673661e+01
1.188028474047497873e+01
1.188032017296396781e+01
1.188026839659669420e+01
1.188033408375720157e+01
1.188025845241510581e+01
1.188034137280141778e+01
1.188025116826870509e+01
1.188034984179449083e+01
1.188024311220332052e+01
1.188035455573193389e+01
1.188024318405769364e+01
1.188035111921134934e+01
1.188024713901622675e+01
1.188034810416714748e+01
1.188025053913740159e+01
1.188034159700615788e+01
1.188026146783481529e+01
1.188032778881692231e+01
1.188027512213635006e+01
1.188031598941726408e+01
1.188028616762279555e+01
1.188030311616043022e+01
1.188030213655184752e+01
1.188028560893799579e+01
1.188031808511507492e+01
1.188027303185394068e+01
1.188032830890913338e+01
1.188026256853875573e+01
1.188034038670063453e+01
1.188025029024242230e+01
1.188034986927719672e+01
1.188024537098594990e+01
1.188035130755635649e+01
1.188024466780398569e+01
1.188035288814345947e+01
1.188024336439150019e+01
1.188035112502812574e+01
1.188024982802829221e+01
1.188034117010383284e+01
1.188026033092812384e+01
1.188033199626063841e+01
1.188026906746685185e+01
1.188032109918767532e+01
1.188028365886961879e+01
1.188030408951070704e+01
1.188030002778841343e+01
1.188029040888783960e+01
1.188031175947221740e+01
1.188027809382970901e+01
1.188032622573084396e+01
1.188026267250092793e+01
1.188033958666103729e+01
1.188025343115243970e+01
1.188034545186313551e+01
1.188024831709261697e+01
1.188035156918928337e+01
1.188024216805051481e+01
1.188035491905775665e+01
1.188024356026510731e+01
1.188034963913808539e+01
1.188024991777683681e+01
1.188034422202040652e+01
1.188025508630903460e+01
1.188033669388007496e+01
1.188026678081161691e+01
1.188032179025920598e+01
1.188028192948735828e+01
1.188030863147154470e+01
1.188029357773433858e+01
1.188029602172457189e+01
1.188030891910476505e+01
1.188027889044439611e+01
1.188032485930937732e+01
1.188026645015274774e+01
1.188033421486534280e+01
1.188025768657496073e+01
1.188034427744192278e+01
1.188024709413505242e+01
1.188035256242514848e+01
1.188024334585279185e+01
1.188035226376583608e+01
1.188024504796630509e+01
1.188035128851091571e+01
1.188024579232302713e+01
1.188034816893475387e+01
1.188025336539448418e+01
1.188033675130821898e+01
1.188026581087611966e+01
1.188032565368430227e+01
1.188027580003743644e+01
1.188031436062176027e+01
1.188029037767102913e+01
1.188029714968234174e+01
1.188030733200795552e+01
1.188028296168068110e+01
1.188031885986904079e+01
1.188027173728173125e+01
1.188033180856020365e+01
1.188025760611394332e+01
1.188034432178378097e+01
1.188024919235514076e+01
1.188034876394597639e+01
1.188024626779925619e+01
1.188035239251856368e+01
1.188024223293223969e+01
1.188035425017332614e+01
1.188024489045363374e+01
1.188034731910668818e+01
1.188025347048925084e+01
1.188033956374344413e+01
1.188026041892679707e+01
1.188033107147854928e+01
1.188027265027569612e+01
1.188031542967932452e+01
1.188028895968316156e+01
1.188030111099212682e+01
1.188030110994287725e+01
1.188028890724010900e+01
1.188031553528443496e+01
1.188027254653079723e+01
1.188033111737152758e+01
1.188026043291771217e+01
1.188033954281100790e+01
1.188025344371755310e+01
1.188034739541828877e+01
1.188024481803638643e+01
1.188035426240204728e+01
1.188024228423092055e+01
1.188035233044558936e+01
1.188024628440240704e+01
1.188034879707492664e+01
1.188024916112109075e+01
1.188034429485500354e+01
1.188025769575785873e+01
1.188033170863847765e+01
1.188027178966130037e+01
1.188031886162197104e+01
1.188028295589501937e+01
1.188030728539383674e+01
1.188029725472446607e+01
1.188029026576784197e+01
1.188031442050277775e+01
1.188027580069398681e+01
1.188032564163491678e+01
1.188026577715225685e+01
1.188033683877255342e+01
1.188025327422422173e+01
1.188034820458366880e+01
1.188024582216144154e+01
1.188035124185782720e+01
1.188024505296759870e+01
1.188035231071063436e+01
1.188024329507503474e+01
1.188035255797399259e+01
1.188024716496214772e+01
1.188034418851480112e+01
1.188025773365530213e+01
1.188033422233125513e+01
1.188026643442271535e+01
1.188032482441649762e+01
1.188027898838095453e+01
1.188030880560879687e+01
1.188029608970754936e+01
1.188029357008200293e+01
1.188030862372460028e+01
1.188028189345016017e+01
1.188032188417379054e+01
1.188026667507292977e+01
1.188033674994962041e+01
1.188025509635213339e+01
1.188034418999111530e+01
1.188024991168141575e+01
1.188034969958913223e+01
1.188024348956690623e+01
1.188035493873831072e+01
1.188024221704281658e+01
1.188035149510114863e+01
1.188024835487166619e+01
1.188034546900923338e+01
1.188025340114229955e+01
1.188033956871811725e+01
1.188026275716873670e+01
1.188032611715985354e+01
1.188027816376618340e+01
1.188031174904111786e+01
1.188029040016650484e+01
1.188029999497342892e+01
1.188030418402840915e+01
1.188028354416153221e+01
1.188032117104007668e+01
1.188026906114949277e+01
1.188033197623191484e+01
1.188026031611238764e+01
1.188034124180655127e+01
1.188024973906073178e+01
1.188035116843899530e+01
1.188024339051487033e+01
1.188035283090598071e+01
1.188024469394633797e+01
1.188035133681665911e+01
1.188024532377762199e+01
1.188034987225323036e+01
1.188025035649526728e+01
1.188034028886176685e+01
1.188026263468803023e+01
1.188032830107009019e+01
1.188027301683588455e+01
1.188031806132240931e+01
1.188028569767081777e+01
1.188030201932784102e+01
1.188030319801968382e+01
1.188028614972040309e+01
1.188031597729441913e+01
1.188027510256588748e+01
1.188032786777687733e+01
1.188026136415692768e+01
1.188034166171674677e+01
1.188025054341121489e+01
1.188034806379933883e+01
1.188024715309400214e+01
1.188035116117105794e+01
1.188024311854005965e+01
1.188035458187387050e+01
1.188024315644100248e+01
1.188034975920215075e+01
1.188025122591616523e+01
1.188034137212461872e+01
1.188025842638985452e+01
1.188033407438349087e+01
1.188026847328461955e+01
1.188032005987828477e+01
1.188028482604726577e+01
1.188030444866160451e+01
1.188029799173345324e+01
1.188029261773023926e+01
1.188031105673476340e+01
1.188027708708289332e+01
1.188032747043928872e+01
1.188026286920881347e+01
1.188033774155672617e+01
1.188025545137201178e+01
1.188034495187184092e+01
1.188024704792333353e+01
1.188035316580804768e+01
1.188024194929318789e+01
1.188035349044112721e+01
1.188024520045777876e+01
1.188034949720246836e+01
1.188024827063795819e+01
1.188034624313907273e+01
1.188025441991587172e+01
1.188033567367656573e+01
1.188026809315124233e+01
1.188032191119135383e+01
1.188028003947598066e+01
1.188031090286547808e+01
1.188029267210555240e+01
1.188029517381837685e+01
1.188031016663063433e+01
1.188027898674901373e+01
1.188032303068284357e+01
1.188026865604041760e+01
1.188033339210926975e+01
1.188025669129699580e+01
1.188034577295517380e+01
1.188024686141135078e+01
1.188035108400518247e+01
1.188024522030722174e+01
1.188035176358886424e+01
1.188024369752823262e+01
1.188035320320314270e+01
1.188024509496700531e+01
1.188034713882319160e+01
1.188025485334695119e+01
1.188033658518008551e+01
1.188026413669816428e+01
1.188032791202194716e+01
1.188027475407550071e+01
1.188031362702972515e+01
1.188029166748908594e+01
1.188029709413709156e+01
1.188030558632989653e+01
1.188028528652490756e+01
1.188031776246660698e+01
1.188027099157523736e+01
1.188033321639416684e+01
1.188025733923828575e+01
1.188034282470013459e+01
1.188025127281613536e+01
1.188034791258139045e+01
1.188024523313181824e+01
1.188035416886035556e+01
1.188024153083601675e+01
1.188035319524046862e+01
1.188024657026180364e+01
1.188034683062470620e+01
1.188025207112047354e+01
1.188034173998593701e+01
1.188025929246145118e+01
1.188033040832868714e+01
1.188027402197996985e+01
1.188031516948107758e+01
1.188028736779870798e+01
1.188030347940390286e+01
1.188029979837808092e+01
1.188028837276560523e+01
1.188031688294003452e+01
1.188027221101380704e+01
1.188032964882123110e+01
1.188026267220952015e+01
1.188033836836506651e+01
1.188025272288445322e+01
1.188034902067587595e+01
1.188024412000638108e+01
1.188035318482887703e+01
1.188024415425016578e+01
1.188035150234679804e+01
1.188024520274678864e+01
1.188035083456622232e+01
1.188024800517357171e+01
1.188034366510588136e+01
1.188025918276810700e+01
1.188033119611399968e+01
1.188027042017098189e+01
1.188032119604502057e+01
1.188028149691601953e+01
1.188030691530866179e+01
1.188029857882006368e+01
1.188028981731762634e+01
1.188031303971350283e+01
1.188027813607774341e+01
1.188032419082125024e+01
1.188026534863015549e+01
1.188033831891826608e+01
1.188025257138390245e+01
1.188034712458810205e+01
1.188024786113640197e+01
1.188035007756797512e+01
1.188024431223999144e+01
1.188035416957914947e+01
1.188024214694187997e+01
1.188035193667938749e+01
1.188024878888754543e+01
1.188034338721720928e+01
1.188025664639303791e+01
1.188033644976623115e+01
1.188026489442373368e+01
1.188032456968372230e+01
1.188028032865463857e+01
1.188030819590314024e+01
1.188029486241500976e+01
1.188029592832476311e+01
1.188030695752538435e+01
1.188028171957089896e+01
1.188032324129924078e+01
1.188026594274260184e+01
1.188033570456133248e+01
1.188025726386134373e+01
1.188034271415469512e+01
1.188024951382133132e+01
1.188035135926651620e+01
1.188024236960723279e+01
1.188035431680242660e+01
1.188024398335015874e+01
1.188035038482932215e+01
1.188024759519450591e+01
1.188034752722266774e+01
1.188025183975753230e+01
1.188033938449423133e+01
1.188026415012785009e+01
1.188032530023775735e+01
1.188027715579949728e+01
1.188031405265166285e+01
1.188028858807440713e+01
1.188030002699541754e+01
1.188030545196276933e+01
1.188028274566594433e+01
1.188032021083329859e+01
1.188027130018825517e+01
1.188033023304578428e+01
1.188026024239526990e+01
1.188034270140270543e+01
1.188024864953511361e+01
1.188035055443426380e+01
1.188024528600369223e+01
1.188035141107805437e+01
1.188024428846195235e+01
1.188035317936294888e+01
1.188024378839052630e+01
1.188034972363374919e+01
1.188025182944017644e+01
1.188033922741205473e+01
1.188026190536807292e+01
1.188033047502688788e+01
1.188027113030748971e+01
1.188031824555735483e+01
1.188028691631175882e+01
1.188030111129665123e+01
1.188030238215909051e+01
1.188028839115400359e+01
1.188031402681957971e+01
1.188027531633525768e+01
1.188032914428908704e+01
1.188026029023575170e+01
1.188034108155341784e+01
1.188025253579671414e+01
1.188034635479307077e+01
1.188024710729370348e+01
1.188035276068769264e+01
1.188024164030759167e+01
1.188035444834942389e+01
1.188024472254836184e+01
1.188034843003677565e+01
1.188025082199446203e+01
1.188034335036612354e+01
1.188025653222748801e+01
1.188033435868914722e+01
1.188026968229286773e+01
1.188031899843650407e+01
1.188028421619151587e+01
1.188030661707254687e+01
1.188029590458315710e+01
1.188029306893980674e+01
1.188031218130964639e+01
1.188027599989881367e+01
1.188032696491726448e+01
1.188026490887863496e+01
1.188033578385438105e+01
1.188025574942663631e+01
1.188034630130007940e+01
1.188024563974462744e+01
1.188035304392897906e+01
1.188024360432564386e+01
1.188035188853001856e+01
1.188024515126524605e+01
1.188035122817615452e+01
1.188024642502321271e+01
1.188034658304975899e+01
1.188025565249468585e+01
1.188033442082140922e+01
1.188026774688802689e+01
1.188032393148844612e+01
1.188027789045768579e+01
1.188031153392079631e+01
1.188029368478910897e+01
1.188029403520845229e+01
1.188030978714166785e+01
1.188028101051715701e+01
1.188032088190145963e+01
1.188026926277761497e+01
1.188033450372303612e+01
1.188025534793771953e+01
1.188034567690400145e+01
1.188024858243891480e+01
1.188034922460842324e+01
1.188024553464923194e+01
1.188035321425940971e+01
1.188024194135652678e+01
1.188035356701209899e+01
1.188024637243796278e+01
1.188034566826190108e+01
1.188025481788740478e+01
1.188033838925176333e+01
1.188026199810207117e+01
1.188032866426834033e+01
1.188027569765408309e+01
1.188031239542330653e+01
1.188029147034533928e+01
1.188029903059519654e+01
1.188030331645191850e+01
1.188028615136549959e+01
1.188031866483564691e+01
1.188026969191770554e+01
1.188033317640024400e+01
1.188025908553196075e+01
1.188034074334395918e+01
1.188025193795797207e+01
1.188034907046941413e+01
1.188024358915118839e+01
1.188035454108671729e+01
1.188024285863302332e+01
1.188035149702240467e+01
1.188024687709526894e+01
1.188034836331309130e+01
1.188025000638536888e+01
1.188034256011954248e+01
1.188026020609717825e+01
1.188032904510840027e+01
1.188027406199994118e+01
1.188031694536845428e+01
1.188028505311729077e+01
1.188030454181877182e+01
1.188030053162070132e+01
1.188028708391678379e+01
1.188031694171304764e+01
1.188027392702903029e+01
1.188032739910334001e+01
1.188026365506556559e+01
1.188033924140606246e+01
1.188025119493971893e+01
1.188034940353085389e+01
1.188024548555089588e+01
1.188035126823855414e+01
1.188024481535536658e+01
1.188035272609370097e+01
1.188024326119110263e+01
1.188035168025558619e+01
1.188024891855943110e+01
1.188034214071551276e+01
1.188025950683549858e+01
1.188033274301332121e+01
1.188026813660655279e+01
1.188032239192675732e+01
1.188028210678620056e+01
1.188030559809041442e+01
1.188029878640146286e+01
1.188029143745135663e+01
1.188031068916419741e+01
1.188027938647432613e+01
1.188032480507608923e+01
1.188026392307827805e+01
1.188033873160992826e+01
1.188025394409380020e+01
1.188034501895872275e+01
1.188024886717385797e+01
1.188035097523068018e+01
1.188024252542626158e+01
1.188035501367461499e+01
1.188024307564276505e+01
1.188035023577977256e+01
1.188024943020381485e+01
1.188034464784506383e+01
1.188025446290677145e+01
1.188033771800987815e+01
1.188026542590592882e+01
1.188032318487500305e+01
1.188028073626433745e+01
1.188030965050945120e+01
1.188029248685629469e+01
1.188029738397769108e+01
1.188030735301172847e+01
1.188028036869083692e+01
1.188032371725797631e+01
1.188026727618800038e+01
1.188033345789931161e+01
1.188025858455313966e+01
1.188034328969187392e+01
1.188024789393982061e+01
1.188035219213390725e+01
1.188024331211983409e+01
1.188035244188215067e+01
1.188024495702607375e+01
1.188035131823466806e+01
1.188024556801304499e+01
1.188034881578852975e+01
1.188025233089603283e+01
1.188033789911067650e+01
1.188026480369728866e+01
1.188032652224534758e+01
1.188027483281115870e+01
1.188031564531052453e+01
1.188028881319628560e+01
1.188029871399318083e+01
1.188030603430272336e+01
1.188028398164489374e+01
1.188031788638766528e+01
1.188027288684965832e+01
1.188033051000965656e+01
1.188025878282714842e+01
1.188034353112850106e+01
1.188024958640653139e+01
1.188034852745350456e+01
1.188024658648809329e+01
1.188035199618176030e+01
1.188024245673695845e+01
1.188035445015403369e+01
1.188024426505257836e+01
1.188034811652570788e+01
1.188025276355969240e+01
1.188034015881822469e+01
1.188025970756885386e+01
1.188033213711009850e+01
1.188027123551483655e+01
1.188031693058911564e+01
1.188028765204214920e+01
1.188030218538802707e+01
1.188030005329819438e+01
1.188029018110377777e+01
1.188031404483311881e+01
1.188027399431273956e+01
1.188032999474312668e+01
1.188026118534990516e+01
1.188033894341822894e+01
1.188025413643798700e+01
1.188034659188461362e+01
1.188024549065975322e+01
1.188035399270805392e+01
1.188024211247392614e+01
1.188035271447524899e+01
1.188024595551244644e+01
1.188034902756469258e+01
1.188024881086672124e+01
1.188034502135782233e+01
1.188025656362164284e+01
1.188033300521176550e+01
1.188027061593371947e+01
1.188031984642121230e+01
1.188028196013796745e+01
1.188030853944125909e+01
1.188029571420395314e+01
1.188029184998718435e+01
1.188031308829172161e+01
1.188027680379646434e+01
1.188032477282323107e+01
1.188026676367855217e+01
1.188033569388779753e+01
1.188025434770965205e+01
1.188034749175355742e+01
1.188024609974903889e+01
1.188035119680800733e+01
1.188024513483916067e+01
1.188035212782738625e+01
1.188024337219126991e+01
1.188035286008425295e+01
1.188024641862846131e+01
1.188034516377184779e+01
1.188025681981979531e+01
1.188033498526452725e+01
1.188026563799002311e+01
1.188032591379003655e+01
1.188027754700786431e+01
1.188031037756210750e+01
1.188029469070071720e+01
1.188029469007830663e+01
1.188030761006331915e+01
1.188028305789441141e+01
1.188032050367579018e+01
1.188026805786674522e+01
1.188033566694261722e+01
1.188025577085852724e+01
1.188034374895671874e+01
1.188025038836402381e+01
1.188034910252623710e+01
1.188024401369242433e+01
1.188035477554019792e+01
1.188024191870193746e+01
1.188035206876360306e+01
1.188024779505509088e+01
1.188034590452844519e+01
1.188025292115649911e+01
1.188034036400025073e+01
1.188026155515705717e+01
1.188032753034676503e+01
1.188027684530250028e+01
1.188031284121363385e+01
1.188028938315461147e+01
1.188030119875346635e+01
1.188030270199509530e+01
1.188028511102078255e+01
1.188031982917694762e+01
1.188027003808228699e+01
1.188033121711890949e+01
1.188026112482967811e+01
1.188034027804593684e+01
1.188025068072854040e+01
1.188035054799616219e+01
1.188024355465900328e+01
1.188035296804591212e+01
1.188024454001974917e+01
1.188035137806062913e+01
1.188024524271160764e+01
1.188035027396259835e+01
1.188024950965028381e+01
1.188034141500627605e+01
1.188026153233683146e+01
1.188032922608190489e+01
1.188027213885017197e+01
1.188031915868669230e+01
1.188028426179074160e+01
1.188030362497219805e+01
1.188030173468086304e+01
1.188028730324299076e+01
1.188031501384819677e+01
1.188027614080631267e+01
1.188032662799640349e+01
1.188026264777868057e+01
1.188034064027829828e+01
1.188025113541334221e+01
1.188034777843147261e+01
1.188024740900350551e+01
1.188035078759995677e+01
1.188024347473423248e+01
1.188035453165636213e+01
1.188024274344843434e+01
1.188035050223879452e+01
1.188025044849507950e+01
1.188034201171859650e+01
1.188025781453004370e+01
1.188033492876306596e+01
1.188026722858803907e+01
1.188032155486867936e+01
1.188028338949727392e+01
1.188030563578217524e+01
1.188029696057162354e+01
1.188029375479124994e+01
1.188030966488089035e+01
1.188027859906561901e+01
1.188032614630766304e+01
1.188026380934714687e+01
1.188033709477679878e+01
1.188025607283485563e+01
1.188034419171829192e+01
1.188024783101449700e+01
1.188035265307553878e+01
1.188024200311717671e+01
1.188035379691165616e+01
1.188024481805740251e+01
1.188034976752749827e+01
1.188024802227103649e+01
1.188034674250434009e+01
1.188025349277646114e+01
1.188033692075533665e+01
1.188026682617819496e+01
1.188032298783650020e+01
1.188027908457282500e+01
1.188031199456428766e+01
1.188029127173511768e+01
1.188029677491280189e+01
1.188030866937295826e+01
1.188028015922713720e+01
1.188032212356254824e+01
1.188026955563868370e+01
1.188033231937145295e+01
1.188025784307116162e+01
1.188034483623108173e+01
1.188024736575746410e+01
1.188035094871086272e+01
1.188024525665481690e+01
1.188035162466750805e+01
1.188024386914484509e+01
1.188035327271370001e+01
1.188024457915419063e+01
1.188034802789918132e+01
1.188025387753752860e+01
1.188033742236150303e+01
1.188026339305162615e+01
1.188032881693292353e+01
1.188027349248611308e+01
1.188031516753810912e+01
1.188029014369183756e+01
1.188029836009377860e+01
1.188030454836270522e+01
1.188028634362792602e+01
1.188031648877687907e+01
1.188027241215250207e+01
1.188033193921433295e+01
1.188025823047419038e+01
1.188034229098338024e+01
1.188025170282693210e+01
1.188034737286330866e+01
1.188024583375889875e+01
1.188035377939734616e+01
1.188024147716988388e+01
1.188035365535329468e+01
1.188024597266120175e+01
1.188034732889731870e+01
1.188025164942376755e+01
1.188034233539455542e+01
1.188025830437668162e+01
1.188033174448171891e+01
1.188027261913152444e+01
1.188031638253980127e+01
1.188028634218633428e+01
1.188030455381242056e+01
1.188029846065143680e+01
1.188028993143137768e+01
1.188031538476342774e+01
1.188027338533252220e+01
1.188032880344822040e+01
1.188026342499641963e+01
1.188033748385806376e+01
1.188025371279074527e+01
1.188034819230465367e+01
1.188024453076629250e+01
1.188035319176303695e+01
1.188024397789047448e+01
1.188035160294725046e+01
1.188024517677465930e+01
1.188035103036070694e+01
1.188024739779880434e+01
1.188034467478775014e+01
1.188025803306195805e+01
1.188033221873961587e+01
1.188026954759212117e+01
1.188032214383543561e+01
1.188028024215316059e+01
1.188030846478805813e+01
1.188029700195938432e+01
1.188029114234486272e+01
1.188031200293063527e+01
1.188027910308194990e+01
1.188032305889604601e+01
1.188026664347174588e+01
1.188033711889343813e+01
1.188025340009269470e+01
1.188034670329192011e+01
1.188024810048600521e+01
1.188034976899242778e+01
1.188024471035728702e+01
1.188035391853048317e+01
1.188024198805451270e+01
1.188035253275281811e+01
1.188024799474759696e+01
1.188034410605767732e+01
1.188025604906483323e+01
1.188033713956809301e+01
1.188026386336062501e+01
1.188032596227234805e+01
1.188027882267988211e+01
1.188030952545561192e+01
1.188029377428945210e+01
1.188029697565946741e+01
1.188030570608348846e+01
1.188028319951800960e+01
1.188032177683192536e+01
1.188026709935005876e+01
1.188033492610416708e+01
1.188025786569959941e+01
1.188034203344303386e+01
1.188025031556242261e+01
1.188035066254943750e+01
1.188024268000721761e+01
1.188035445655253497e+01
1.188024360628757492e+01
1.188035072333370401e+01
1.188024736300452311e+01
1.188034785511405467e+01
1.188025115118204056e+01
1.188034048825178068e+01
1.188026285547716121e+01
1.188032649058874313e+01
1.188027616036771583e+01
1.188031503628146979e+01
1.188028736128542917e+01
1.188030154982673992e+01
1.188030385855273430e+01
1.188028410655423706e+01
1.188031918424264077e+01
1.188027216980535528e+01
1.188032926162919800e+01
1.188026138049795399e+01
1.188034160874023293e+01
1.188024940069660751e+01
1.188035024408213580e+01
1.188024534004348354e+01
1.188035133798567955e+01
1.188024446871781237e+01
1.188035308072223017e+01
1.188024352587278010e+01
1.188035043683953695e+01
1.188025086206040548e+01
1.188034015325296799e+01
1.188026113436033349e+01
1.188033125708978588e+01
1.188027007250430067e+01
1.188031966226636449e+01
1.188028534294126537e+01
1.188030253299369221e+01
1.188030124204908589e+01
1.188028940318280924e+01
1.188031288139425179e+01
1.188027668400511772e+01
1.188032774870156238e+01
1.188026140742169545e+01
1.188034037533930842e+01
1.188025298620331505e+01
1.188034588754881682e+01
1.188024769923426938e+01
1.188035221767890981e+01
1.188024184282235929e+01
1.188035471061259507e+01
1.188024416127294636e+01
1.188034899835765046e+01
1.188025037995016575e+01
1.188034381481741164e+01
1.188025577175330127e+01
1.188033552986665242e+01
1.188026827512800132e+01
1.188032033351059624e+01
1.188028310756306638e+01
1.188030762974309695e+01
1.188029472402693543e+01
1.188029453153845338e+01
1.188031060905026948e+01
1.188027737039228882e+01
1.188032595885774789e+01
1.188026567631933439e+01
1.188033498657042131e+01
1.188025670410838863e+01
1.188034534515542617e+01
1.188024629723061310e+01
1.188035284271819414e+01
1.188024348239249228e+01
1.188035204887392560e+01
1.188024510369895026e+01
1.188035129400912382e+01
1.188024605983023996e+01
1.188034739422050912e+01
1.188025453890639049e+01
1.188033553418801169e+01
1.188026680879535313e+01
1.188032480271470170e+01
1.188027682024770826e+01
1.188031294377833369e+01
1.188029208158363659e+01
1.188029552074503314e+01
1.188030860815809397e+01
1.188028198019681092e+01
1.188031985809344881e+01
1.188027048835090049e+01
1.188033321156519229e+01
1.188025640228948809e+01
1.188034504877148478e+01
1.188024888408979152e+01
1.188034897455884753e+01
1.188024590058729224e+01
1.188035284482745801e+01
1.188024202796108142e+01
1.188035394121938104e+01
1.188024564711913911e+01
1.188034645208762541e+01
1.188025416779191801e+01
1.188033899275606409e+01
1.188026117396977632e+01
1.188032987697239662e+01
1.188027421277415385e+01
1.188031384744116181e+01
1.188029026197612303e+01
1.188030006534167882e+01
1.188030219735977155e+01
1.188028752315479153e+01
1.188031715139077527e+01
1.188027104330101658e+01
1.188033220276565416e+01
1.188025974806903129e+01
1.188034012863542443e+01
1.188025268767863807e+01
1.188034827786831471e+01
1.188024413617672614e+01
1.188035444732509660e+01
1.188024257335466416e+01
1.188035188256792196e+01
1.188024659765090796e+01
1.188034860298947493e+01
1.188024953903067704e+01
1.188034345046843221e+01
1.188025897603774261e+01
1.188033032111937715e+01
1.188027296828939861e+01
1.188031790120865061e+01
1.188028398291280574e+01
1.188030591608597675e+01
1.188029893674193538e+01
1.188028860170568457e+01
1.188031573967812626e+01
1.188027484809637357e+01
1.188032650834458792e+01
1.188026471329567180e+01
1.188033808542532554e+01
1.188025216196847644e+01
1.188034886008941982e+01
1.188024564369495728e+01
1.188035123332324261e+01
1.188024494509838291e+01
1.188035254700748489e+01
1.188024322375976993e+01
1.188035215610025475e+01
1.188024805213497359e+01
1.188034311997578030e+01
1.188025865619483668e+01
1.188033348550181501e+01
1.188026725613695156e+01
1.188032362178598156e+01
1.188028058017394173e+01
1.188030713520995718e+01
1.188029749561965076e+01
1.188029248672744309e+01
1.188030964376338972e+01
1.188028064068777923e+01
1.188032338683314393e+01
1.188026522494140558e+01
1.188033780395476668e+01
1.188025450056849763e+01
1.188034459021772626e+01
1.188024939615501019e+01
1.188035037002626737e+01
1.188024294514697488e+01
1.188035502610891214e+01
1.188024264215903969e+01
1.188035083251698154e+01
1.188024892104246888e+01
1.188034506732414108e+01
1.188025389378664975e+01
1.188033866972227059e+01
1.188026411072355160e+01
1.188032459395441087e+01
1.188027950332856086e+01
1.188031068450551508e+01
1.188029142727240028e+01
1.188029869687240669e+01
1.188030580397482083e+01
1.188028188472144464e+01
1.188032251069058276e+01
1.188026814273207066e+01
1.188033270758377213e+01
1.188025945539949291e+01
1.188034229969230360e+01
1.188024874885466886e+01
1.188035174089904622e+01
1.188024333393529020e+01
1.188035261460830760e+01
1.188024484675445080e+01
1.188035134232329426e+01
1.188024539883858566e+01
1.188034938362318194e+01
1.188025134810272299e+01
1.188033904865047496e+01
1.188026376578517684e+01
1.188032740055856706e+01
1.188027390266488759e+01
1.188031687007492110e+01
1.188028728081571295e+01
1.188030030121420211e+01
1.188030468221242586e+01
1.188028503692704163e+01
1.188031692406694795e+01
1.188027400113822729e+01
1.188032922088246579e+01
1.188026000398194171e+01
1.188034266463032296e+01
1.188025003670904134e+01
1.188034828332881432e+01
1.188024688511668536e+01
1.188035159809974850e+01
1.188024273296020361e+01
1.188035456816020918e+01
1.188024370019516240e+01
1.188034890528080112e+01
1.188025203315788403e+01
1.188034076002702832e+01
1.188025903738515332e+01
1.188033313377914091e+01
1.188026986705982679e+01
1.188031843936994569e+01
1.188028630106109240e+01
1.188030328877419528e+01
1.188029901339061389e+01
1.188029141033737801e+01
1.188031257730257728e+01
1.188027547316597676e+01
1.188032880468027130e+01
1.188026199139347305e+01
1.188033833718266230e+01
1.188025480548584589e+01
1.188034579368242127e+01
1.188024620925312291e+01
1.188035364208783129e+01
1.188024200640591133e+01
1.188035308245492772e+01
1.188024560792117512e+01
1.188034926299323146e+01
1.188024850326210391e+01
1.188034567243717987e+01
1.188025549002022530e+01
1.188033429565283683e+01
1.188026940964746458e+01
1.188032085387374082e+01
1.188028098666152843e+01
1.188030973940400337e+01
1.188029421084129922e+01
1.188029345021530681e+01
1.188031169949283239e+01
1.188027785523499880e+01
1.188032390041747810e+01
1.188026772051244251e+01
1.188033456421967315e+01
1.188025545721787246e+01
1.188034670301344065e+01
1.188024644430788257e+01
1.188035113167067891e+01
1.188024519984841731e+01
1.188035195164392199e+01
1.188024349015830872e+01
1.188035308370204213e+01
1.188024574010761825e+01
1.188034612099530740e+01
1.188025588284727263e+01
1.188033576560023263e+01
1.188026486823410544e+01
1.188032694068342288e+01
1.188027615656832658e+01
1.188031194994929152e+01
1.188029324730194780e+01
1.188029585146594691e+01
1.188030659765246000e+01
1.188028418501481909e+01
1.188031915036190256e+01
1.188026946384325910e+01
1.188033451658401418e+01
1.188025650998020311e+01
1.188034328709013288e+01
1.188025084702751855e+01
1.188034851704849792e+01
1.188024457328921635e+01
1.188035453466106617e+01
1.188024169382476636e+01
1.188035261541028120e+01
1.188024721927013516e+01
1.188034635422283536e+01
1.188025247009602836e+01
1.188034109056195042e+01
1.188026041620565465e+01
1.188032892910414340e+01
1.188027549480381317e+01
1.188031396727729927e+01
1.188028837277985339e+01
1.188030235699248394e+01
1.188030126019893551e+01
1.188028668624630235e+01
1.188031843129308740e+01
1.188027107422688644e+01
1.188033043928860089e+01
1.188026191169508827e+01
1.188033933366064154e+01
1.188025164899018193e+01
1.188034985467056792e+01
1.188024379397780983e+01
1.188035307258988205e+01
1.188024437444754966e+01
1.188035143294754015e+01
1.188024518990229694e+01
1.188035060377180407e+01
1.188024873529803216e+01
1.188034251370611649e+01
1.188026040931164751e+01
1.188033017806334257e+01
1.188027127230955671e+01
1.188032020284682311e+01
1.188028287912636038e+01
1.188030522332048022e+01
1.188030022839481781e+01
1.188028850841389072e+01
1.188031403590177426e+01
1.188027715135205931e+01
1.188032541770003547e+01
1.188026394608657377e+01
1.188033955445246193e+01
1.188025180044363793e+01
1.188034745838928963e+01
1.188024765451597631e+01
1.188035043016200731e+01
1.188024385515153547e+01
1.188035441003124681e+01
1.188024240889700422e+01
1.188035120759242069e+01
1.188024965976600633e+01
1.188034267296441371e+01
1.188025721728643802e+01
1.188033572395387161e+01
1.188026604881417470e+01
1.188032302727853207e+01
1.188028192363861102e+01
1.188030686591001839e+01
1.188029592023725201e+01
1.188029485724016610e+01
1.188030831404813981e+01
1.188028011160242237e+01
1.188032476932518477e+01
1.188026481697523629e+01
1.188033641445715993e+01
1.188025668223397524e+01
1.188034345315475626e+01
1.188024863085952099e+01
1.188035207334754517e+01
1.188024213739756973e+01
1.188035405885965723e+01
1.188024443098732696e+01
1.188035005658944598e+01
1.188024778918240720e+01
1.188034717935586038e+01
1.188025263989192482e+01
1.188033813153317730e+01
1.188026554290291514e+01
1.188032409892477759e+01
1.188027812582509313e+01
1.188031304475672023e+01
1.188028992425318364e+01
1.188029836126454875e+01
1.188030713288996054e+01
1.188028139105925263e+01
1.188032118661000958e+01
1.188027043911670155e+01
1.188033127621210738e+01
1.188025900101374965e+01
1.188034384069544025e+01
1.188024794858169741e+01
1.188035076570507442e+01
1.188024529185533318e+01
1.188035150445314869e+01
1.188024405360915736e+01
1.188035327977046052e+01
1.188024414366471682e+01
1.188034886953971991e+01
1.188025289671362295e+01
1.188033828659472846e+01
1.188026264978900848e+01
1.188032967460088329e+01
1.188027229479798841e+01
1.188031667804321145e+01
1.188028859523810254e+01
1.188029967570456336e+01
1.188030348592886476e+01
1.188028737899425735e+01
1.188031525441795466e+01
1.188027382587604563e+01
1.188033061464878948e+01
1.188025919454954327e+01
1.188034170987537230e+01
1.188025213209406239e+01
1.188034685481711605e+01
1.188024644148554287e+01
1.188035333131045945e+01
1.188024150605501816e+01
1.188035406023081997e+01
1.188024537875633513e+01
1.188034784891711304e+01
1.188025123027831675e+01
1.188034288002225303e+01
1.188025738920966035e+01
1.188033303662032125e+01
1.188027120592322738e+01
1.188031763514415928e+01
1.188028529804867262e+01
1.188030560034593819e+01
1.188029717275570718e+01
1.188029146875347664e+01
1.188031385301196075e+01
1.188027462388016353e+01
1.188032791399956700e+01
1.188026417470104867e+01
1.188033662670685686e+01
1.188025470089489311e+01
1.188034731290733070e+01
1.188024502226309842e+01
1.188035313939414372e+01
1.188024381081972081e+01
1.188035172270608797e+01
1.188024515274852178e+01
1.188035117486276349e+01
1.188024686939004404e+01
1.188034562878925371e+01
1.188025688586630757e+01
1.188033327154225915e+01
1.188026866188062947e+01
1.188032305821705314e+01
1.188027904731710294e+01
1.188030997812137102e+01
1.188029540662694750e+01
1.188029252098529653e+01
1.188031092755920071e+01
1.188028006263484038e+01
1.188032196209824320e+01
1.188026792499545259e+01
1.188033587881481701e+01
1.188025430387714820e+01
1.188034622236367177e+01
1.188024835143624536e+01
1.188034947997627100e+01
1.188024510666565092e+01
1.188035361922184663e+01
1.188024191051874645e+01
1.188035306468603380e+01
1.188024721359357727e+01
1.188034484745961450e+01
1.188025544241137155e+01
1.188033779211653140e+01
1.188026290075606184e+01
1.188032730481792498e+01
1.188027731341725612e+01
1.188031089713732236e+01
1.188029265419612379e+01
1.188029801010543984e+01
1.188030449871180672e+01
1.188028465287709246e+01
1.188032028591216083e+01
1.188026832209598638e+01
1.188033409104435378e+01
1.188025847839276672e+01
1.188034137556997649e+01
1.188025110859386757e+01
1.188034992429393455e+01
1.188024307014240222e+01
1.188035452744328069e+01
1.188024324961130418e+01
1.188035107930249623e+01
1.188024712288264872e+01
1.188034814451393117e+01
1.188025053699443312e+01
1.188034153012387861e+01
1.188026157160319585e+01
1.188032771189801551e+01
1.188027513959118409e+01
1.188031600161729529e+01
1.188028618758155019e+01
1.188030303213388805e+01
1.188030225390128791e+01
1.188028552225122425e+01
1.188031810671654398e+01
1.188027304705698306e+01
1.188032831872465778e+01
1.188026250023308705e+01
1.188034048470150061e+01
1.188025022602918490e+01
1.188034986404522009e+01
1.188024541847406823e+01
1.188035128021248177e+01
1.188024463949665943e+01
1.188035294560130239e+01
1.188024334026982132e+01
1.188035107932868684e+01
1.188024991734255664e+01
1.188034110028914192e+01
1.188026034353780780e+01
1.188033201659695948e+01
1.188026907571484792e+01
1.188032102504891796e+01
1.188028377396514301e+01
1.188030399687571226e+01
1.188030005833185143e+01
1.188029041802242958e+01
1.188031177174729969e+01
1.188027802162637414e+01
1.188032633472112565e+01
1.188026258971006044e+01
1.188033960226686858e+01
1.188025346167821716e+01
1.188034543648463881e+01
1.188024827705629249e+01
1.188035164374219654e+01
1.188024212090498466e+01
1.188035489700028613e+01
1.188024363155799890e+01
1.188034958040691791e+01
1.188024992159459003e+01
1.188034425458782550e+01
1.188025507804833047e+01
1.188033663543069629e+01
1.188026688719437196e+01
1.188032169804529836e+01
1.188028196319600660e+01
1.188030863985506258e+01
1.188029358708067207e+01
1.188029595138547201e+01
1.188030903327572929e+01
1.188027879419946409e+01
1.188032489181192908e+01
1.188026646662469332e+01
1.188033420900474368e+01
1.188025763716321492e+01
1.188034436707864394e+01
1.188024702497548901e+01
1.188035256444086407e+01
1.188024339746186087e+01
1.188035221836017996e+01
1.188024504063422704e+01
1.188035133593163017e+01
1.188024576409639188e+01
1.188034813084062158e+01
1.188025345745579564e+01
1.188033666534741073e+01
1.188026584223660365e+01
1.188032566658810651e+01
1.188027580090718160e+01
1.188031429831921315e+01
1.188029049049900721e+01
1.188029704612733184e+01
1.188030737620550426e+01
1.188028296842388443e+01
1.188031885954626965e+01
1.188027168251646515e+01
1.188033190943353468e+01
1.188025751793631812e+01
1.188034434624878877e+01
1.188024922464332711e+01
1.188034873216496656e+01
1.188024624883080271e+01
1.188035245558595498e+01
1.188024218305319479e+01
1.188035423546385871e+01
1.188024496399544461e+01
1.188034724408981369e+01
1.188025349488368931e+01
1.188033958574209237e+01
1.188026040627675606e+01
1.188033102312493128e+01
1.188027275518497383e+01
1.188031532534147949e+01
1.188028900970895485e+01
1.188030111320333937e+01
1.188030111013607026e+01
1.188028885237883614e+01
1.188031564207665625e+01
1.188027244403199489e+01
1.188033116080207918e+01
1.188026044817008753e+01
1.188033952302643215e+01
1.188025341456509132e+01
1.188034747294618576e+01
1.188024474682671361e+01
1.188035427214532191e+01
1.188024233687102971e+01
1.188035226945005896e+01
1.188024629863429737e+01
1.188034883147501120e+01
1.188024913102515612e+01
1.188034426545482880e+01
1.188025778679130973e+01
1.188033160975285263e+01
1.188027183964669931e+01
1.188031886472972509e+01
1.188028295115170430e+01
1.188030723635275443e+01
1.188029736117872304e+01
1.188029015487532902e+01
1.188031447795106921e+01
1.188027580280281725e+01
1.188032563052562729e+01
1.188026574105209221e+01
1.188033692766737914e+01
1.188025318403194142e+01
1.188034823777330651e+01
1.188024585353903362e+01
1.188035119605912371e+01
1.188024505562276012e+01
1.188035235912343168e+01
1.188024324521628117e+01
1.188035255107043930e+01
1.188024723738580413e+01
1.188034410038525124e+01
1.188025777838642227e+01
1.188033423133305178e+01
1.188026641952283669e+01
1.188032478711356710e+01
1.188027908794010656e+01
1.188030869287692859e+01
1.188029615531394256e+01
1.188029356405579051e+01
1.188030861670306493e+01
1.188028185506219536e+01
1.188032197972216508e+01
1.188026657006828124e+01
1.188033680361606592e+01
1.188025510811135455e+01
1.188034415858956372e+01
1.188024990328371722e+01
1.188034976169529067e+01
1.188024341955390284e+01
1.188035495601581459e+01
1.188024226781742065e+01
1.188035142156833501e+01
