1.188024147592619961e+01
1.188031812115497665e+01
1.188033345245849226e+01
1.188024454263852370e+01
1.188030033657193663e+01
1.188034461288871491e+01
1.188025339920613810e+01
1.188028209114850853e+01
1.188035035212237389e+01
1.188026705341169631e+01
1.188026542895261706e+01
1.188035002718270938e+01
1.188028397554974980e+01
1.188025221668032572e+01
1.188034367447329132e+01
1.188030226980244741e+01
1.188024393452648653e+01
1.188033200569969949e+01
1.188031988663142968e+01
1.188024151035583387e+01
1.188031632813582839e+01
1.188033485239135523e+01
1.188024521575261438e+01
1.188029839816762134e+01
1.188034549044096977e+01
1.188025463559449690e+01
1.188028022452199117e+01
1.188035060898024753e+01
1.188026871455948630e+01
1.188026384322544615e+01
1.188034963456994575e+01
1.188028587535556646e+01
1.188025108950439446e+01
1.188034267637501706e+01
1.188030419542759297e+01
1.188024339218136838e+01
1.188033051393466799e+01
1.188032162234462596e+01
1.188024161360143793e+01
1.188031450982918891e+01
1.188033620373750310e+01
1.188024595302214692e+01
1.188029645702757442e+01
1.188034630602630060e+01
1.188025592429030475e+01
1.188027837801797304e+01
1.188035079743325895e+01
1.188027041030664321e+01
1.188026229822465929e+01
1.188034917477790131e+01
1.188028778817644415e+01
1.188025001909608314e+01
1.188034161984925419e+01
1.188030611102538892e+01
1.188024291628531515e+01
1.188032897903969598e+01
1.188032332611144248e+01
1.188024178553314769e+01
1.188031266852206613e+01
1.188033750479724837e+01
1.188024675351979198e+01
1.188029451559328820e+01
1.188034705861889151e+01
1.188025726367268753e+01
1.188027655395893056e+01
1.188035091724437642e+01
1.188027213852032027e+01
1.188026079589350736e+01
1.188034864838489213e+01
1.188028971160649760e+01
1.188024900680170859e+01
1.188034050622488280e+01
1.188030801418645765e+01
1.188024250743690047e+01
1.188032740294531742e+01
1.188032499578893564e+01
1.188024202593471301e+01
1.188031080653040661e+01
1.188033875393416317e+01
1.188024761623871939e+01
1.188029257630664581e+01
1.188034774727215037e+01
1.188025865205701237e+01
1.188027475463910854e+01
1.188035096826290804e+01
1.188027389702681624e+01
1.188025933812158108e+01
1.188034805605299660e+01
1.188029164322649223e+01
1.188024805389450833e+01
1.188033933690257626e+01
1.188030990251705887e+01
1.188024216615034945e+01
1.188032578763390390e+01
1.188032662927703598e+01
1.188024233450376954e+01
1.188030892619615386e+01
1.188033994957712380e+01
1.188024854009382736e+01
1.188029064160681436e+01
1.188034837111991671e+01
1.188026008769700326e+01
1.188027298232164064e+01
1.188035095042468647e+01
1.188027568361434128e+01
1.188025792674241288e+01
1.188034739852723298e+01
1.188029358060690299e+01
1.188024716157301519e+01
1.188033811335307632e+01
1.188031177364210933e+01
1.188024189285493115e+01
1.188032413513713514e+01
1.188032822452118964e+01
1.188024271085220285e+01
1.188030702988433163e+01
1.188034109022228257e+01
1.188024952392311562e+01
1.188028871392720376e+01
1.188034892937753284e+01
1.188026156878696504e+01
1.188027123923568240e+01
1.188035086375214000e+01
1.188027749603578087e+01
1.188025656353119608e+01
1.188034667663460731e+01
1.188029552131095201e+01
1.188024633095956695e+01
1.188033683711531729e+01
1.188031362520817247e+01
1.188024168789437951e+01
1.188032244753348010e+01
1.188032977951495361e+01
1.188024315450665469e+01
1.188030511998007377e+01
1.188034217443497376e+01
1.188025056648915623e+01
1.188028679569239365e+01
1.188034942134283689e+01
1.188026309346403231e+01
1.188026952757364363e+01
1.188035070835429252e+01
1.188027933201152564e+01
1.188025525020253426e+01
1.188034589128310614e+01
1.188029746289768518e+01
1.188024556309888169e+01
1.188033550979451647e+01
1.188031545488639829e+01
1.188024155152649364e+01
1.188032072694553953e+01
1.188033129230250395e+01
1.188024366490911454e+01
1.188030319888559205e+01
1.188034320085151307e+01
1.188025166648064435e+01
1.188028488931506566e+01
1.188034984639704916e+01
1.188026465981050350e+01
1.188026784948839065e+01
1.188035048442658770e+01
1.188028118923234544e+01
1.188025398840829006e+01
1.188034504346051357e+01
1.188029940292502751e+01
1.188024485895674687e+01
1.188033413306013841e+01
1.188031726037548097e+01
1.188024148392279500e+01
1.188031897553743121e+01
1.188033276098110491e+01
1.188024424141760704e+01
1.188030126901718297e+01
1.188034416818089767e+01
1.188025282251404491e+01
1.188028299719301373e+01
1.188035020400555553e+01
1.188026626585628698e+01
1.188026620709056935e+01
1.188035019225067757e+01
1.188028306536228307e+01
1.188025277973551042e+01
1.188034413423319258e+01
1.188030133895287932e+01
1.188024421941881670e+01
1.188033270864379176e+01
1.188031903940452771e+01
1.188024148516830536e+01
1.188031719551200993e+01
1.188033418370349459e+01
1.188024488330702866e+01
1.188029933280216532e+01
1.188034507520645633e+01
1.188025403313533346e+01
1.188028112170608530e+01
1.188035049371856644e+01
1.188026790958134349e+01
1.188026460244593707e+01
1.188034983219406548e+01
1.188028495804160656e+01
1.188025162570442284e+01
1.188034316474474394e+01
1.188030326854616270e+01
1.188024364528947530e+01
1.188033123833706561e+01
1.188032078973593819e+01
1.188024155526146330e+01
1.188031538910813367e+01
1.188033555868022262e+01
1.188024558977002165e+01
1.188029739267585327e+01
1.188034592078736118e+01
1.188025529682182757e+01
1.188027926521320765e+01
1.188035071517168362e+01
1.188026958891824592e+01
1.188026303757275848e+01
1.188034940470960166e+01
1.188028686488975794e+01
1.188025052776653823e+01
1.188034213621456381e+01
1.188030518927789991e+01
1.188024313729085080e+01
1.188032972398926468e+01
1.188032250916819699e+01
1.188024169411410291e+01
1.188031355859785698e+01
1.188033688418188127e+01
1.188024635991801858e+01
1.188029545107847973e+01
1.188034670386007008e+01
1.188025661198410710e+01
1.188027743004942494e+01
1.188035086808637253e+01
1.188027130175478341e+01
1.188026151443929379e+01
1.188034891033496976e+01
1.188028878350836948e+01
1.188024948730279817e+01
1.188034104993629470e+01
1.188030709873225277e+01
1.188024269606188099e+01
1.188032816750509113e+01
1.188032419553865715e+01
1.188024190155159232e+01
1.188031170628351774e+01
1.188033815854129926e+01
1.188024719278235786e+01
1.188029351045212323e+01
1.188034742343965000e+01
1.188025797696799479e+01
1.188027561852293879e+01
1.188035095227030880e+01
1.188027304593659750e+01
1.188026003496128702e+01
1.188034834969197817e+01
1.188029071148425331e+01
1.188024850562187318e+01
1.188033990727623213e+01
1.188030899450756905e+01
1.188024232215753884e+01
1.188032657084223764e+01
1.188032584672625092e+01
1.188024217731300780e+01
1.188030983449491274e+01
1.188033938015562896e+01
1.188024808731548454e+01
1.188029157323764373e+01
1.188034807862104003e+01
1.188025939005666132e+01
1.188027383291223771e+01
1.188035096761760023e+01
1.188027481926991591e+01
1.188025860099957853e+01
1.188034772348578549e+01
1.188029264639246740e+01
1.188024758395848934e+01
1.188033870967157490e+01
1.188031087421940057e+01
1.188024201604809704e+01
1.188032493600893957e+01
1.188032746065416845e+01
1.188024252105151390e+01
1.188030794558631342e+01
1.188034054748836077e+01
1.188024904239228619e+01
1.188028964187160419e+01
1.188034866858017402e+01
1.188026084947277106e+01
1.188027207546320874e+01
1.188035091410894850e+01
1.188027661952429170e+01
1.188025721435776028e+01
1.188034703250401947e+01
1.188029458579934605e+01
1.188024672347188648e+01
1.188033745862863455e+01
1.188031273550350875e+01
1.188024177811858451e+01
1.188032326506143477e+01
1.188032903529246553e+01
1.188024293233476492e+01
1.188030604193353312e+01
1.188034165907125939e+01
1.188025005681149437e+01
1.188028771878322409e+01
1.188034919257501976e+01
1.188026235338070613e+01
1.188027034838631124e+01
1.188035079181165621e+01
1.188027844443542236e+01
1.188025587677990380e+01
1.188034627761576978e+01
1.188029652726556051e+01
1.188024592524435263e+01
1.188033615572092927e+01
1.188031457601882579e+01
1.188024160866825341e+01
1.188032156010139317e+01
1.188033056866060910e+01
1.188024341064546263e+01
1.188030412593092144e+01
1.188034271350620763e+01
1.188025112929720528e+01
1.188028580639129750e+01
1.188034964994651688e+01
1.188026389988890763e+01
1.188026865385380937e+01
1.188035060087953809e+01
1.188028029170799194e+01
1.188025458994838068e+01
1.188034545977050982e+01
1.188029846834920100e+01
1.188024519027987758e+01
1.188033480258721930e+01
1.188031639345040702e+01
1.188024150791023459e+01
1.188031982327325942e+01
1.188033205882997123e+01
1.188024395538200295e+01
1.188030219998837467e+01
1.188034370946697393e+01
1.188025225850048372e+01
1.188028390710117499e+01
1.188035004011939577e+01
1.188026548705222396e+01
1.188026699399703467e+01
1.188035034155274694e+01
1.188028215901856477e+01
1.188025335548172379e+01
1.188034457999690829e+01
1.188030040660883024e+01
1.188024451950287741e+01
1.188033340092943213e+01
1.188031818551234409e+01
1.188024147597125690e+01
1.188031805676155805e+01
1.188033350392626986e+01
1.188024456585923083e+01
1.188030026652827154e+01
1.188034464570087323e+01
1.188025344300104180e+01
1.188028202330172256e+01
1.188035036260290589e+01
1.188026711287436754e+01
1.188026537090369850e+01
1.188035001415746095e+01
1.188028404401848448e+01
1.188025217493260222e+01
1.188034363940150406e+01
1.188030233960656368e+01
1.188024391375703637e+01
1.188033195251053087e+01
1.188031994995064800e+01
1.188024151289149266e+01
1.188031626278815445e+01
1.188033490213191001e+01
1.188024524130930892e+01
1.188029832798246588e+01
1.188034552103033192e+01
1.188025468130906503e+01
1.188028015736232135e+01
1.188035061699143924e+01
1.188026877531043901e+01
1.188026378661528248e+01
1.188034961910545384e+01
1.188028594433686713e+01
1.188025104978587621e+01
1.188034263916735966e+01
1.188030426491114255e+01
1.188024337380423390e+01
1.188033045915229025e+01
1.188032168454605042e+01
1.188024161862450789e+01
1.188031444360945521e+01
1.188033625168826823e+01
1.188024598088268213e+01
1.188029638678919930e+01
1.188034633435439602e+01
1.188025597186703664e+01
1.188027831162989223e+01
1.188035080296503310e+01
1.188027047226946920e+01
1.188026224312445578e+01
1.188034915689362414e+01
1.188028785758354644e+01
1.188024998145672662e+01
1.188034158055253009e+01
1.188030618010097150e+01
1.188024290032361208e+01
1.188032892273300867e+01
1.188032338711684233e+01
1.188024179303731387e+01
1.188031260151355895e+01
1.188033755089791654e+01
1.188024678364912567e+01
1.188029444539004231e+01
1.188034708465008471e+01
1.188025731305174837e+01
1.188027648842593820e+01
1.188035092028978035e+01
1.188027220161707476e+01
1.188026074237256324e+01
1.188034862810332015e+01
1.188028978135210423e+01
1.188024897128885549e+01
1.188034046488851381e+01
1.188030808276719696e+01
1.188024249391069986e+01
1.188032734518514566e+01
1.188032505552157403e+01
1.188024203591053762e+01
1.188031073881739985e+01
1.188033879812674698e+01
1.188024764859895654e+01
1.188029250622682298e+01
1.188034777097371020e+01
1.188025870317628474e+01
1.188027469004364178e+01
1.188035096881810659e+01
1.188027396117814227e+01
1.188025928624720962e+01
1.188034803339963652e+01
1.188029171322288136e+01
1.188024802055282159e+01
1.188033929357855811e+01
1.188030997051668791e+01
1.188024215507666881e+01
1.188032572849289181e+01
1.188032668766178190e+01
1.188024234693870262e+01
1.188030885786382385e+01
1.188033999180603928e+01
1.188024857464426454e+01
1.188029057173856629e+01
1.188034839246202168e+01
1.188026014049219903e+01
1.188027291874493585e+01
1.188035094848897977e+01
1.188027574873955494e+01
1.188025787657986854e+01
1.188034737353057579e+01
1.188029365076603483e+01
1.188024713044443281e+01
1.188033806809589166e+01
1.188031184097510540e+01
1.188024188424769356e+01
1.188032407468967477e+01
1.188032828148461206e+01
1.188024272573060358e+01
1.188030696101863093e+01
1.188034113043441664e+01
1.188024956062030135e+01
1.188028864435840681e+01
1.188034894833333688e+01
1.188026162319168044e+01
1.188027117675771116e+01
1.188035085932796875e+01
1.188027756205296548e+01
1.188025651514356795e+01
1.188034664932610340e+01
1.188029559154458425e+01
1.188024630208323984e+01
1.188033678998190013e+01
1.188031369178984420e+01
1.188024168176441897e+01
1.188032238585559064e+01
1.188032983498540673e+01
1.188024317180981093e+01
1.188030505066761222e+01
1.188034221257974821e+01
1.188025060528693011e+01
1.188028672651054052e+01
1.188034943788850661e+01
1.188026314940982964e+01
1.188026946627297775e+01
1.188035070144720962e+01
1.188027939883764894e+01
1.188025520365068566e+01
1.188034586169709605e+01
1.188029753311747072e+01
1.188024553651112925e+01
1.188033546084414560e+01
1.188031552063300467e+01
1.188024154788151598e+01
1.188032066411481225e+01
1.188033134621021603e+01
1.188024368461526059e+01
1.188030312921354259e+01
1.188034323688094673e+01
1.188025170733020808e+01
1.188028482060718183e+01
1.188034986051177455e+01
1.188026471722702482e+01
1.188026778944214001e+01
1.188035047504529196e+01
1.188028125678335201e+01
1.188025394375076615e+01
1.188034501163420487e+01
1.188029947304265477e+01
1.188024483469101078e+01
1.188033408235437882e+01
1.188031732520432371e+01
1.188024148276738323e+01
1.188031891163288023e+01
1.188033281325827062e+01
1.188024426350196450e+01
1.188030119907318038e+01
1.188034420204968100e+01
1.188025286536401559e+01
1.188028292904551186e+01
1.188035021567157656e+01
1.188026632467131094e+01
1.188026614837425576e+01
1.188035018040697288e+01
1.188028313355321153e+01
1.188025273702848494e+01
1.188034410020662790e+01
1.188030140888015929e+01
1.188024419750562188e+01
1.188033265624642709e+01
1.188031910323407736e+01
1.188024148650391254e+01
1.188031713061401540e+01
1.188033423428436741e+01
1.188024490774181174e+01
1.188029926267418546e+01
1.188034510687199230e+01
1.188025407793181998e+01
1.188028105420468172e+01
1.188035050292121397e+01
1.188026796972089905e+01
1.188026454513341257e+01
1.188034981790283418e+01
1.188028502678669085e+01
1.188025158500160749e+01
1.188034312856071573e+01
1.188030333819513551e+01
1.188024362575638015e+01
1.188033118431399870e+01
1.188032085248589809e+01
1.188024155908641255e+01
1.188031532329832984e+01
1.188033560750117701e+01
1.188024561652450295e+01
1.188029732245210113e+01
1.188034595020981676e+01
1.188025534350848567e+01
1.188027919844280156e+01
1.188035072189938113e+01
1.188026965030669047e+01
1.188026298173611295e+01
1.188034938798882933e+01
1.188028693410252856e+01
1.188025048911913117e+01
1.188034209791857521e+01
1.188030525856096453e+01
1.188024312016241879e+01
1.188032966840843940e+01
1.188032257075964893e+01
1.188024170042358740e+01
1.188031349195900432e+01
1.188033693118151568e+01
1.188024638895854501e+01
1.188029538084727754e+01
1.188034673100243488e+01
1.188025666050221574e+01
1.188027736409400070e+01
1.188035087233066278e+01
1.188027136431490050e+01
1.188026146014875195e+01
1.188034889120568494e+01
1.188028885310177074e+01
1.188024945075941297e+01
1.188034100957652583e+01
1.188030716756227356e+01
1.188024268135966466e+01
1.188032811043641424e+01
1.188032425589413066e+01
1.188024191033766463e+01
1.188031163889944075e+01
1.188033820366050719e+01
1.188024722407240219e+01
1.188029344030180567e+01
1.188034744826778955e+01
1.188025802725652902e+01
1.188027555346545228e+01
1.188035095402585029e+01
1.188027310958970340e+01
1.188025998228513558e+01
1.188034832817823983e+01
1.188029078137075878e+01
1.188024847122846239e+01
1.188033986490343885e+01
1.188030906279796817e+01
1.188024230990002472e+01
1.188032651235749171e+01
1.188032590576983694e+01
1.188024218856462788e+01
1.188030976645036318e+01
1.188033942333764692e+01
1.188024812081569515e+01
1.188029150325644423e+01
1.188034810110372774e+01
1.188025944205236861e+01
1.188027376883451502e+01
1.188035096688218673e+01
1.188027488393595021e+01
1.188025855000407027e+01
1.188034769961465642e+01
1.188029271648417229e+01
1.188024755175831970e+01
1.188033866533904970e+01
1.188031094188428405e+01
1.188024200625070925e+01
1.188032487618167998e+01
1.188032751831160105e+01
1.188024253475452419e+01
1.188030787696687796e+01
1.188034058867887666e+01
1.188024907806052255e+01
1.188028957214755010e+01
1.188034868868912852e+01
1.188026090311025484e+01
1.188027201244584496e+01
1.188035091088350015e+01
1.188027668512192569e+01
1.188025716510703766e+01
1.188034700630552010e+01
1.188029465600809509e+01
1.188024669350545537e+01
1.188033741239214258e+01
1.188031280245776777e+01
1.188024177079363675e+01
1.188032320396691333e+01
1.188032909149122673e+01
1.188024294847192941e+01
1.188030597282551426e+01
1.188034169821847108e+01
1.188025009460289638e+01
1.188028764940399995e+01
1.188034921028495816e+01
1.188026240859250393e+01
1.188027028650856387e+01
1.188035078610023021e+01
1.188027851088213893e+01
1.188025582933591728e+01
1.188034624912284976e+01
1.188029659750304923e+01
1.188024589754935256e+01
1.188033610763862491e+01
1.188031464217825039e+01
1.188024160382496142e+01
1.188032149781645685e+01
1.188033062333001055e+01
1.188024342919648646e+01
1.188030405642124343e+01
1.188034275056087807e+01
1.188025116916424118e+01
1.188028573744417571e+01
1.188034966523514946e+01
1.188026395660557455e+01
1.188026859319351480e+01
1.188035059268931981e+01
1.188028035892021705e+01
1.188025454437079809e+01
1.188034542901900892e+01
1.188029853852708229e+01
1.188024516489114113e+01
1.188033475271957862e+01
1.188031645873178732e+01
1.188024150555469305e+01
1.188031975987624023e+01
1.188033211190125726e+01
1.188024397632355367e+01
1.188030213016446446e+01
1.188034374438249507e+01
1.188025230039299984e+01
1.188028383867287374e+01
1.188035005296750057e+01
1.188026554520242151e+01
1.188026693463048389e+01
1.188035033089404280e+01
1.188028222691176161e+01
1.188025331182786815e+01
1.188034454702550136e+01
1.188030047663883337e+01
1.188024449645234171e+01
1.188033334933918006e+01
1.188031824983356799e+01
1.188024147610642878e+01
1.188031799233220731e+01
1.188033355533269031e+01
1.188024458916496862e+01
1.188030019647795577e+01
1.188034467843332287e+01
1.188025348686636207e+01
1.188028195547830101e+01
1.188035037299432162e+01
1.188026717238496133e+01
1.188026531290556242e+01
1.188035000104366645e+01
1.188028411250726535e+01
1.188025213325738783e+01
1.188034360425166902e+01
1.188030240940061510e+01
1.188024389307368800e+01
1.188033189926255062e+01
1.188032001323081310e+01
1.188024151551720742e+01
1.188031619740750067e+01
1.188033495180879839e+01
1.188024526694992034e+01
1.188029825779384474e+01
1.188034555153855365e+01
1.188025472709201047e+01
1.188028009022909082e+01
1.188035062491309901e+01
1.188026883610657158e+01
1.188026373005850900e+01
1.188034960355307312e+01
1.188028601333508227e+01
1.188025101014171625e+01
1.188034260188330116e+01
1.188030433438144939e+01
1.188024335551409116e+01
1.188033040431355758e+01
1.188032174670556529e+01
1.188024162373746151e+01
1.188031437735972595e+01
1.188033629957314652e+01
1.188024600882591564e+01
1.188029631655055596e+01
1.188034636260000276e+01
1.188025601951002308e+01
1.188027824527129717e+01
1.188035080840696622e+01
1.188027053427467372e+01
1.188026218808017553e+01
1.188034913892221489e+01
1.188028792700442082e+01
1.188024994389347988e+01
1.188034154118114571e+01
1.188030624916016365e+01
1.188024288444967702e+01
1.188032886637249597e+01
1.188032344807752594e+01
1.188024180063107060e+01
1.188031253447809377e+01
1.188033759693055202e+01
1.188024681385983605e+01
1.188029437518972564e+01
1.188034711059756177e+01
1.188025736249485220e+01
1.188027642292544428e+01
1.188035092324514785e+01
1.188027226475337095e+01
1.188026068891001863e+01
1.188034860773548473e+01
1.188028985110831393e+01
1.188024893585377306e+01
1.188034042347932129e+01
1.188030815132840345e+01
1.188024248047293696e+01
1.188032728737374200e+01
1.188032511520675172e+01
1.188024204597555489e+01
1.188031067108050998e+01
1.188033884224924996e+01
1.188024768103914930e+01
1.188029243615312325e+01
1.188034779459041168e+01
1.188025875435731749e+01
1.188027462548361690e+01
1.188035096928319057e+01
1.188027402536611277e+01
1.188025923443364107e+01
1.188034801066099888e+01
1.188029178322669388e+01
1.188024798729047049e+01
1.188033925018364023e+01
1.188031003849368794e+01
1.188024214409198720e+01
1.188032566930331591e+01
1.188032674599638305e+01
1.188024235946231322e+01
1.188030878951069980e+01
1.188034003396290750e+01
1.188024860927313853e+01
1.188029050187961744e+01
1.188034841371825046e+01
1.188026019334678907e+01
1.188027285520659149e+01
1.188035094646319578e+01
1.188027581389846432e+01
1.188025782648044348e+01
1.188034734844973173e+01
1.188029372092939973e+01
1.188024709939665513e+01
1.188033802276983764e+01
1.188031190828239581e+01
1.188024187572990620e+01
1.188032401419636663e+01
1.188032833839526603e+01
1.188024274069706010e+01
1.188030689213525015e+01
1.188034117057263295e+01
1.188024959739428965e+01
1.188028857480207812e+01
1.188034896720235878e+01
1.188026167765334407e+01
1.188027111432096206e+01
1.188035085481386233e+01
1.188027762810086330e+01
1.188025646682130088e+01
1.188034662193459567e+01
1.188029566177925211e+01
1.188024627328908167e+01
1.188033674278170793e+01
1.188031375834276382e+01
1.188024167572423195e+01
1.188032232413464406e+01
1.188032989040053167e+01
1.188024318920029287e+01
1.188030498134061119e+01
1.188034225064882321e+01
1.188025064415978882e+01
1.188028665734432465e+01
1.188034945434658596e+01
1.188026320541007230e+01
1.188026940501636020e+01
1.188035069445046155e+01
1.188027946569146032e+01
1.188025515716634928e+01
1.188034583202937888e+01
1.188029760333510509e+01
1.188024551000680873e+01
1.188033541182918995e+01
1.188031558634784624e+01
1.188024154432653567e+01
1.188032060124385048e+01
1.188033140006011301e+01
1.188024370440789390e+01
1.188030305953012444e+01
1.188034327283300584e+01
1.188025174825304120e+01
1.188028475191806521e+01
1.188034987453820790e+01
1.188026477469540509e+01
1.188026772944269460e+01
1.188035046557470586e+01
1.188028132435899309e+01
1.188025389916283459e+01
1.188034497972759773e+01
1.188029954315493164e+01
1.188024481050986481e+01
1.188033403158630819e+01
1.188031738999843512e+01
1.188024148170207184e+01
1.188031884769098312e+01
1.188033286547521250e+01
1.188024428567184465e+01
1.188030112912098346e+01
1.188034423583949462e+01
1.188025290828535852e+01
1.188028286091989472e+01
1.188035022724872469e+01
1.188026638353555242e+01
1.188026608970745102e+01
1.188035016847445036e+01
1.188028320176568542e+01
1.188025269439303777e+01
1.188034406610125515e+01
1.188030147879889320e+01
1.188024417567805813e+01
1.188033260378909617e+01
1.188031916702595758e+01
1.188024148792962187e+01
1.188031706568160750e+01
1.188033428480267162e+01
1.188024493226106415e+01
1.188029919254119804e+01
1.188034513845706286e+01
1.188025412279767856e+01
1.188028098672824662e+01
1.188035051203451609e+01
1.188026802990695963e+01
1.188026448787303480e+01
1.188034980352339076e+01
1.188028509555020129e+01
1.188025154437227293e+01
1.188034309229947638e+01
1.188030340783240035e+01
1.188024360630985754e+01
1.188033113023337961e+01
1.188032091519531974e+01
1.188024156300134138e+01
1.188031525745708272e+01
1.188033565625731036e+01
1.188024564336227940e+01
1.188029725222653710e+01
1.188034597955041782e+01
1.188025539026243038e+01
1.188027913170042282e+01
1.188035072853737439e+01
1.188026971173887070e+01
1.188026292595418276e+01
1.188034937118054835e+01
1.188028700333059184e+01
1.188025045054700257e+01
1.188034205954708256e+01
1.188030532782916104e+01
1.188024310312140308e+01
1.188032961277255950e+01
1.188032263230773466e+01
1.188024170682281344e+01
1.188031342529172640e+01
1.188033697811415124e+01
1.188024641808109827e+01
1.188029531061746091e+01
1.188034675806166440e+01
1.188025670908544207e+01
1.188027729816961653e+01
1.188035087648500010e+01
1.188027142691593596e+01
1.188026140591543545e+01
1.188034887198970324e+01
1.188028892270730630e+01
1.188024941429300974e+01
1.188034096914303461e+01
1.188030723637427322e+01
1.188024266674558227e+01
1.188032805331525132e+01
1.188032431620346507e+01
1.188024191921313744e+01
1.188031157148998851e+01
1.188033824871060418e+01
1.188024725544310201e+01
1.188029337015607290e+01
1.188034747301161431e+01
1.188025807760793207e+01
1.188027548844198655e+01
1.188035095569130029e+01
1.188027317328085708e+01
1.188025992966863953e+01
1.188034830657873542e+01
1.188029085126622242e+01
1.188024843691365717e+01
1.188033982245880793e+01
1.188030913106722686e+01
1.188024229773125739e+01
1.188032645382288699e+01
1.188032596476456604e+01
1.188024219990518482e+01
1.188030969838352036e+01
1.188033946644855554e+01
1.188024815439507620e+01
1.188029143328301984e+01
1.188034812350102598e+01
1.188025949410862125e+01
1.188027370479375477e+01
1.188035096605665863e+01
1.188027494863711198e+01
1.188025849907057463e+01
1.188034767565879335e+01
1.188029278658165921e+01
1.188024751963826375e+01
1.188033862093666926e+01
1.188031100952493979e+01
1.188024199654255852e+01
1.188032481630725812e+01
1.188032757591752464e+01
1.188024254854590467e+01
1.188030780832825783e+01
1.188034062979637184e+01
1.188024911380635729e+01
1.188028950243443838e+01
1.188034870871172899e+01
1.188026095680587524e+01
1.188027194946833376e+01
1.188035090756803491e+01
1.188027675075170642e+01
1.188025711592060496e+01
1.188034698002342537e+01
1.188029472621943050e+01
1.188024666362055015e+01
1.188033736608785773e+01
1.188031286938473841e+01
1.188024176355832395e+01
1.188032314282798652e+01
1.188032914763588366e+01
1.188024296469678909e+01
1.188030590370144779e+01
1.188034173729083243e+01
1.188025013247022343e+01
1.188028758003889429e+01
1.188034922790767034e+01
1.188026246385995677e+01
1.188027022467351657e+01
1.188035078029899339e+01
1.188027857735801085e+01
1.188025578195841447e+01
1.188034622054758493e+01
1.188029666773992155e+01
1.188024586993718579e+01
1.188033605949067351e+01
1.188031470830735614e+01
1.188024159907157973e+01
1.188032143548991471e+01
1.188033067794279241e+01
1.188024344783441322e+01
1.188030398689867440e+01
1.188034278753896267e+01
1.188025120910542753e+01
1.188028566851431300e+01
1.188034968043582040e+01
1.188026401337534921e+01
1.188026853257870030e+01
1.188035058440961400e+01
1.188028042615855995e+01
1.188025449886181306e+01
1.188034539818651680e+01
1.188029860870114973e+01
1.188024513958645123e+01
1.188033470278851667e+01
1.188031652397985560e+01
1.188024150328921813e+01
1.188031969644048402e+01
1.188033216491347055e+01
1.188024399735110137e+01
1.188030206033083047e+01
1.188034377921979257e+01
1.188025234235782079e+01
1.188028377026495619e+01
1.188035006572700247e+01
1.188026560340311732e+01
1.188026687531214165e+01
1.188035032014627390e+01
1.188028229482800313e+01
1.188025326824464756e+01
1.188034451397455982e+01
1.188030054666184121e+01
1.188024447348694501e+01
1.188033329768781243e+01
1.188031831411853645e+01
1.188024147633171168e+01
1.188031792786701502e+01
1.188033360667765592e+01
1.188024461255569619e+01
1.188030012642109234e+01
1.188034471108602119e+01
1.188025353080202784e+01
1.188028188767836824e+01
1.188035038329660864e+01
1.188026723194336753e+01
1.188026525495830654e+01
1.188034998784135787e+01
1.188028418101598227e+01
1.188025209165474116e+01
1.188034356902384658e+01
1.188030247918448090e+01
1.188024387247646807e+01
1.188033184595584757e+01
1.188032007647181665e+01
1.188024151823297281e+01
1.188031613199396119e+01
1.188033500142194221e+01
1.188024529267441132e+01
1.188029818760187695e+01
1.188034558196557278e+01
1.188025477294325505e+01
1.188028002312242037e+01
1.188035063274521086e+01
1.188026889694778454e+01
1.188026367355521806e+01
1.188034958791282847e+01
1.188028608235011241e+01
1.188025097057197499e+01
1.188034256452290371e+01
1.188030440383841047e+01
1.188024333731096149e+01
1.188033034941856236e+01
1.188032180882307287e+01
1.188024162894028279e+01
1.188031431108011837e+01
1.188033634739205802e+01
1.188024603685179947e+01
1.188029624631176340e+01
1.188034639076308707e+01
1.188025606721918415e+01
1.188027817894229088e+01
1.188035081375905833e+01
1.188027059632216442e+01
1.188026213309192514e+01
1.188034912086370731e+01
1.188028799643894828e+01
1.188024990640641221e+01
1.188034150173516501e+01
1.188030631820285166e+01
1.188024286866353663e+01
1.188032880995825380e+01
1.188032350899339740e+01
1.188024180831441257e+01
1.188031246741577540e+01
1.188033764289509620e+01
1.188024684415188048e+01
1.188029430499244476e+01
1.188034713646127827e+01
1.188025741200191554e+01
1.188027635745753230e+01
1.188035092611047716e+01
1.188027232792909693e+01
1.188026063550596234e+01
1.188034858728142495e+01
1.188028992087501656e+01
1.188024890049652704e+01
1.188034038199737807e+01
1.188030821986998298e+01
1.188024246712363841e+01
1.188032722951121123e+01
1.188032517484437278e+01
1.188024205612974527e+01
1.188031060331983291e+01
1.188033888630160462e+01
1.188024771355924081e+01
1.188029236608565498e+01
1.188034781812222995e+01
1.188025880560002534e+01
1.188027456095914580e+01
1.188035096965816173e+01
1.188027408959062114e+01
1.188025918268095715e+01
1.188034798783711565e+01
1.188029185323781789e+01
1.188024795410752077e+01
1.188033920671790256e+01
1.188031010644794883e+01
1.188024213319631528e+01
1.188032561006526855e+01
1.188032680428074706e+01
1.188024237207458889e+01
1.188030872113689185e+01
1.188034007604766984e+01
1.188024864398037472e+01
1.188029043203009039e+01
1.188034843488857462e+01
1.188026024626067922e+01
1.188027279170670880e+01
1.188035094434733807e+01
1.188027587909096994e+01
1.188025777644421410e+01
1.188034732328473098e+01
1.188029379109688577e+01
1.188024706842973544e+01
1.188033797737497643e+01
1.188031197556386864e+01
1.188024186730156906e+01
1.188032395365731553e+01
1.188032839525305917e+01
1.188024275575155286e+01
1.188030682323430831e+01
1.188034121063686399e+01
1.188024963424502545e+01
1.188028850525834379e+01
1.188034898598456124e+01
1.188026173217186887e+01
1.188027105192554167e+01
1.188035085020983317e+01
1.188027769417936952e+01
1.188025641856447123e+01
1.188034659446013031e+01
1.188029573201484013e+01
1.188024624457714218e+01
1.188033669551482419e+01
1.188031382486681764e+01
1.188024166977383267e+01
1.188032226237073274e+01
1.188032994576024137e+01
1.188024320667806322e+01
1.188030491199919503e+01
1.188034228864214192e+01
1.188025068310767018e+01
1.188028658819385264e+01
1.188034947071704117e+01
1.188026326146465728e+01
1.188026934380387978e+01
1.188035068736405719e+01
1.188027953257285851e+01
1.188025511074961216e+01
1.188034580228000792e+01
1.188029767355046395e+01
1.188024548358596277e+01
1.188033536274972946e+01
1.188031565203081641e+01
1.188024154086155093e+01
1.188032053833276080e+01
1.188033145385211142e+01
1.188024372428696473e+01
1.188030298983545663e+01
1.188034330870761224e+01
1.188025178924908332e+01
1.188028468324783304e+01
1.188034988847633322e+01
1.188026483221555196e+01
1.188026766949014501e+01
1.188035045601483120e+01
1.188028139195915855e+01
1.188025385464457351e+01
1.188034494774073480e+01
1.188029961326174799e+01
1.188024478641334092e+01
1.188033398075600289e+01
1.188031745475770862e+01
1.188024148072686970e+01
1.188031878371184646e+01
1.188033291763183996e+01
1.188024430792721731e+01
1.188030105916071832e+01
1.188034426955027989e+01
1.188025295127799019e+01
1.188028279281627064e+01
1.188035023873698570e+01
1.188026644244890839e+01
1.188026603109024038e+01
1.188035015645313486e+01
1.188028326999959638e+01
1.188025265182924173e+01
1.188034403191713295e+01
1.188030154870898514e+01
1.188024415393616806e+01
1.188033255127187182e+01
1.188031923078007424e+01
1.188024148944542269e+01
1.188031700071489816e+01
1.188033433525833082e+01
1.188024495686473969e+01
1.188029912240332919e+01
1.188034516996161827e+01
1.188025416773283283e+01
1.188028091927689189e+01
1.188035052105845679e+01
1.188026809013942575e+01
1.188026443066488902e+01
1.188034978905574945e+01
1.188028516433202952e+01
1.188025150381647599e+01
1.188034305596108986e+01
1.188030347745783111e+01
1.188024358694994653e+01
1.188033107609530603e+01
1.188032097786409658e+01
1.188024156700624090e+01
1.188031519158450067e+01
1.188033570494853386e+01
1.188024567028331191e+01
1.188029718199927665e+01
1.188034600880912350e+01
1.188025543708358711e+01
1.188027906498617448e+01
1.188035073508565276e+01
1.188026977321469069e+01
1.188026287022706029e+01
1.188034935428478001e+01
1.188028707257382521e+01
1.188025041205021637e+01
1.188034202110014093e+01
1.188030539708236866e+01
1.188024308616781610e+01
1.188032955708171912e+01
1.188032269381234585e+01
1.188024171331177037e+01
1.188031335859614046e+01
1.188033702497969912e+01
1.188024644728563217e+01
1.188029524038915063e+01
1.188034678503771246e+01
1.188025675773370970e+01
1.188027723227638077e+01
1.188035088054937205e+01
1.188027148955778856e+01
1.188026135173942421e+01
1.188034885268706908e+01
1.188028899232486069e+01
1.188024937790365598e+01
1.188034092863589386e+01
1.188030730516815048e+01
1.188024265221964981e+01
1.188032799614169299e+01
1.188032437646655737e+01
1.188024192817799651e+01
1.188031150405527647e+01
1.188033829369152983e+01
1.188024728689439868e+01
1.188029330001502970e+01
1.188034749767108167e+01
1.188025812802212400e+01
1.188027542345264997e+01
1.188035095726666235e+01
1.188027323700995197e+01
1.188025987711187881e+01
1.188034828489350225e+01
1.188029092117053054e+01
1.188024840267750548e+01
1.188033977994241752e+01
1.188030919931524387e+01
1.188024228565124751e+01
1.188032639523851941e+01
1.188032602371034052e+01
1.188024221133466796e+01
1.188030963029449438e+01
1.188033950948828732e+01
1.188024818805358507e+01
1.188029136331747537e+01
1.188034814581289211e+01
1.188025954622532687e+01
1.188027364079005466e+01
1.188035096514102484e+01
1.188027501337329106e+01
1.188025844819917332e+01
1.188034765161823891e+01
1.188029285668479318e+01
1.188024748759837301e+01
1.188033857646450109e+01
1.188031107714125412e+01
1.188024198692366973e+01
1.188032475638577523e+01
1.188032763347184328e+01
1.188024256242563226e+01
1.188030773967056675e+01
1.188034067084077350e+01
1.188024914962974243e+01
1.188028943273239157e+01
1.188034872864793456e+01
1.188026101055954520e+01
1.188027188653077282e+01
1.188035090416255635e+01
1.188027681641354683e+01
1.188025706679854565e+01
1.188034695365778681e+01
1.188029479643322261e+01
1.188024663381722057e+01
1.188033731971584750e+01
1.188031293628431051e+01
1.188024175641264435e+01
1.188032308164474316e+01
1.188032920372635282e+01
1.188024298100930665e+01
1.188030583456144385e+01
1.188034177628827592e+01
1.188025017041341869e+01
1.188028751068801370e+01
1.188034924544313675e+01
1.188026251918298470e+01
1.188027016288125637e+01
1.188035077440795995e+01
1.188027864386292087e+01
1.188025573464748064e+01
1.188034619189002505e+01
1.188029673797606023e+01
1.188024584240790915e+01
1.188033601127714789e+01
1.188031477440603823e+01
1.188024159440810479e+01
1.188032137312187864e+01
1.188033073249885874e+01
1.188024346655920205e+01
1.188030391736332270e+01
1.188034282444040279e+01
1.188025124912071462e+01
1.188028559960182129e+01
1.188034969554849773e+01
1.188026407019814634e+01
1.188026847200946179e+01
1.188035057604042422e+01
1.188028049342290338e+01
1.188025445342150732e+01
1.188034536727307966e+01
1.188029867887129498e+01
1.188024511436583808e+01
1.188033465279412226e+01
1.188031658919451061e+01
1.188024150111380983e+01
1.188031963296608851e+01
1.188033221786652227e+01
1.188024401846461409e+01
1.188030199048758995e+01
1.188034381397881667e+01
1.188025238439486841e+01
1.188028370187753069e+01
1.188035007839787660e+01
1.188026566165421194e+01
1.188026681604210566e+01
1.188035030930945979e+01
1.188028236276716676e+01
1.188025322473212597e+01
1.188034448084412453e+01
1.188030061667773118e+01
1.188024445060672996e+01
1.188033324597542695e+01
1.188031837836714288e+01
1.188024147664711094e+01
1.188031786336609663e+01
1.188033365796108498e+01
1.188024463603137271e+01
1.188030005635781272e+01
1.188034474365890780e+01
1.188025357480795563e+01
1.188028181990203080e+01
1.188035039350974387e+01
1.188026729154949912e+01
1.188026519706202144e+01
1.188034997455055120e+01
1.188028424954451978e+01
1.188025205012473506e+01
1.188034353371808294e+01
1.188030254895805093e+01
1.188024385196542632e+01
1.188033179259050698e+01
1.188032013967356093e+01
1.188024152103877462e+01
1.188031606654765682e+01
1.188033505097124554e+01
1.188024531848272503e+01
1.188029811740667085e+01
1.188034561231135200e+01
1.188025481886272949e+01
1.188027995604241838e+01
1.188035064048776235e+01
1.188026895783397130e+01
1.188026361710550738e+01
1.188034957218474830e+01
1.188028615138182609e+01
1.188025093107671815e+01
1.188034252708623129e+01
1.188030447328190142e+01
1.188024331919488930e+01
1.188033029446738986e+01
1.188032187089846126e+01
1.188024163423296642e+01
1.188031424477073550e+01
1.188033639514492457e+01
1.188024606496029634e+01
1.188029617607292465e+01
1.188034641884359033e+01
1.188025611499444345e+01
1.188027811264298705e+01
1.188035081902128987e+01
1.188027065841184182e+01
1.188026207815978097e+01
1.188034910271812805e+01
1.188028806588702047e+01
1.188024986899557867e+01
1.188034146221466081e+01
1.188030638722892185e+01
1.188024285296521754e+01
1.188032875349037631e+01
1.188032356986435545e+01
1.188024181608732022e+01
1.188031240032672109e+01
1.188033768879146024e+01
1.188024687452519679e+01
1.188029423479832225e+01
1.188034716224118803e+01
1.188025746157286733e+01
1.188027629202231772e+01
1.188035092888577182e+01
1.188027239114416211e+01
1.188026058216048497e+01
1.188034856674117812e+01
1.188028999065208779e+01
1.188024886521717249e+01
1.188034034044274989e+01
1.188030828839181829e+01
1.188024245386282018e+01
1.188032717159763862e+01
1.188032523443433774e+01
1.188024206637309810e+01
1.188031053553548588e+01
1.188033893028373456e+01
1.188024774615917600e+01
1.188029229602453540e+01
1.188034784156912238e+01
1.188025885690431593e+01
1.188027449647032796e+01
1.188035096994302364e+01
1.188027415385155905e+01
1.188025913098923603e+01
1.188034796492802592e+01
1.188029192325612904e+01
1.188024792100402038e+01
1.188033916318141614e+01
1.188031017437935688e+01
1.188024212238967436e+01
1.188032555077885100e+01
1.188032686251476910e+01
1.188024238477549943e+01
1.188030865274251191e+01
1.188034011806024992e+01
1.188024867876592872e+01
1.188029036219009171e+01
1.188034845597295863e+01
1.188026029923379134e+01
1.188027272824539793e+01
1.188035094214140663e+01
1.188027594431696521e+01
1.188025772647127454e+01
1.188034729803561795e+01
1.188029386126836684e+01
1.188024703754372169e+01
1.188033793191139509e+01
1.188031204281940845e+01
1.188024185896270346e+01
1.188032389307262093e+01
1.188032845205789556e+01
1.188024277089405523e+01
1.188030675431591732e+01
1.188034125062705115e+01
1.188024967117245012e+01
1.188028843572731219e+01
1.188034900467992117e+01
1.188026178674716604e+01
1.188027098957155481e+01
1.188035084551588838e+01
1.188027776028837756e+01
1.188025637037316073e+01
1.188034656690275703e+01
1.188029580225124171e+01
1.188024621594746399e+01
1.188033664818132173e+01
1.188031389136190441e+01
1.188024166391322822e+01
1.188032220056395794e+01
1.188033000106444703e+01
1.188024322424310597e+01
1.188030484264347919e+01
1.188034232655962974e+01
1.188025072213051203e+01
1.188028651905923638e+01
1.188034948699985627e+01
1.188026331757349929e+01
1.188026928263564130e+01
1.188035068018799834e+01
1.188027959948172629e+01
1.188025506440054535e+01
1.188034577244902579e+01
1.188029774376343717e+01
1.188024545724863046e+01
1.188033531360584583e+01
1.188031571768180861e+01
1.188024153748657952e+01
1.188032047538165159e+01
1.188033150758612067e+01
1.188024374425245178e+01
1.188030292012964395e+01
1.188034334450472151e+01
1.188025183031826160e+01
1.188028461459659368e+01
1.188034990232611854e+01
1.188026488978736950e+01
1.188026760958459960e+01
1.188035044636568749e+01
1.188028145958373294e+01
1.188025381019604154e+01
1.188034491567367112e+01
1.188029968336298303e+01
1.188024476240148530e+01
1.188033392986354819e+01
1.188031751948203052e+01
1.188024147984177681e+01
1.188031871969557685e+01
1.188033296972806596e+01
1.188024433026804161e+01
1.188030098919248800e+01
1.188034430318197643e+01
1.188025299434185200e+01
1.188028272473475155e+01
1.188035025013633650e+01
1.188026650141128471e+01
1.188026597252272687e+01
1.188035014434304415e+01
1.188028333825482363e+01
1.188025260933715721e+01
1.188034399765431992e+01
1.188030161861031253e+01
1.188024413227998366e+01
1.188033249869486241e+01
1.188031929449632074e+01
1.188024149105131677e+01
1.188031693571398151e+01
1.188033438565125444e+01
1.188024498155279574e+01
1.188029905226068195e+01
1.188034520138560701e+01
1.188025421273721172e+01
1.188028085185072236e+01
1.188035052999302543e+01
1.188026815041820328e+01
1.188026437350907827e+01
1.188034977449994400e+01
1.188028523313205831e+01
1.188025146333428417e+01
1.188034301954562189e+01
1.188030354707132652e+01
1.188024356767667378e+01
1.188033102189985968e+01
1.188032104049212911e+01
1.188024157110110579e+01
1.188031512568069736e+01
1.188033575357476934e+01
1.188024569728756141e+01
1.188029711177044057e+01
1.188034603798587518e+01
1.188025548397187769e+01
1.188027899830016310e+01
1.188035074154420556e+01
1.188026983473405096e+01
1.188026281455483613e+01
1.188034933730156339e+01
1.188028714183212387e+01
1.188025037362884007e+01
1.188034198257781604e+01
1.188030546632047191e+01
1.188024306930170049e+01
1.188032950133601240e+01
1.188032275527339188e+01
1.188024171989045641e+01
1.188031329187233887e+01
1.188033707177808651e+01
1.188024647657209343e+01
1.188029517016245329e+01
1.188034681193053821e+01
1.188025680644693871e+01
1.188027716641441067e+01
1.188035088452378218e+01
1.188027155224035525e+01
1.188026129762080885e+01
1.188034883329779845e+01
1.188028906195431667e+01
1.188024934159141210e+01
1.188034088805516575e+01
1.188030737394377745e+01
1.188024263778189393e+01
1.188032793891583694e+01
1.188032443668331162e+01
1.188024193723222410e+01
1.188031143659540589e+01
1.188033833860320954e+01
1.188024731842624604e+01
1.188029322987880576e+01
1.188034752224615076e+01
1.188025817849902310e+01
1.188027535849755267e+01
1.188035095875193470e+01
1.188027330077688148e+01
1.188025982461494223e+01
1.188034826312257231e+01
1.188029099108356768e+01
1.188024836852006771e+01
1.188033973735432447e+01
1.188030926754190020e+01
1.188024227366001817e+01
1.188032633660449200e+01
1.188032608260706091e+01
1.188024222285305243e+01
1.188030956218340783e+01
1.188033955245676765e+01
1.188024822179115780e+01
1.188029129335992806e+01
1.188034816803929594e+01
1.188025959840240553e+01
1.188027357682352658e+01
1.188035096413528713e+01
1.188027507814437911e+01
1.188025839738994627e+01
1.188034762749303042e+01
1.188029292679347293e+01
1.188024745563870077e+01
1.188033853192261624e+01
1.188031114473311689e+01
1.188024197739405174e+01
1.188032469641732369e+01
1.188032769097445396e+01
1.188024257639369097e+01
1.188030767099392015e+01
1.188034071181201234e+01
1.188024918553059983e+01
1.188028936304152161e+01
1.188034874849771505e+01
1.188026106437117413e+01
1.188027182363327228e+01
1.188035090066707511e+01
1.188027688210733146e+01
1.188025701774093612e+01
1.188034692720864705e+01
1.188029486664936663e+01
1.188024660409551814e+01
1.188033727327619360e+01
1.188031300315637395e+01
1.188024174935662103e+01
1.188032302041729693e+01
1.188032925976253473e+01
1.188024299740946077e+01
1.188030576540562677e+01
1.188034181521074473e+01
1.188025020843241641e+01
1.188028744135147008e+01
1.188034926289133608e+01
1.188026257456148471e+01
1.188027010113189164e+01
1.188035076842712812e+01
1.188027871039676953e+01
1.188025568740318860e+01
1.188034616315021630e+01
1.188029680821134804e+01
1.188024581496155108e+01
1.188033596299813155e+01
1.188031484047418651e+01
1.188024158983455436e+01
1.188032131071243924e+01
1.188033078699812606e+01
1.188024348537083341e+01
1.188030384781530913e+01
1.188034286126513628e+01
1.188025128921002782e+01
1.188028553070681959e+01
1.188034971057315659e+01
1.188026412707386470e+01
1.188026841148590051e+01
1.188035056758176999e+01
1.188028056071313543e+01
1.188025440804995903e+01
1.188034533627874900e+01
1.188029874903739547e+01
1.188024508922935496e+01
1.188033460273646824e+01
1.188031665437564399e+01
1.188024149902848059e+01
1.188031956945316026e+01
1.188033227076032539e+01
1.188024403966405984e+01
1.188030192063485835e+01
1.188034384865950521e+01
1.188025242650407343e+01
1.188028363351072159e+01
1.188035009098010875e+01
1.188026571995560943e+01
1.188026675682047717e+01
1.188035029838362178e+01
1.188028243072915124e+01
1.188025318129038510e+01
1.188034444763425945e+01
1.188030068668638251e+01
1.188024442781172851e+01
1.188033319420209466e+01
1.188031844257927716e+01
1.188024147705262124e+01
1.188031779882956940e+01
1.188033370918290288e+01
1.188024465959196618e+01
1.188029998628821637e+01
1.188034477615192408e+01
1.188025361888409570e+01
1.188028175214940241e+01
1.188035040363371841e+01
1.188026735120324773e+01
1.188026513921680838e+01
1.188034996117127129e+01
1.188028431809276597e+01
1.188025200866743702e+01
1.188034349833445624e+01
1.188030261872120974e+01
1.188024383154058583e+01
1.188033173916662122e+01
1.188032020283593937e+01
1.188024152393462352e+01
1.188031600106868702e+01
1.188033510045664798e+01
1.188024534437482949e+01
1.188029804720835081e+01
1.188034564257583625e+01
1.188025486485035742e+01
1.188027988898918785e+01
1.188035064814074815e+01
1.188026901876503949e+01
1.188026356070946221e+01
1.188034955636885215e+01
1.188028622043012028e+01
1.188025089165601145e+01
1.188034248957333538e+01
1.188030454271181746e+01
1.188024330116589589e+01
1.188033023946014310e+01
1.188032193293163274e+01
1.188024163961550528e+01
1.188031417843169457e+01
1.188033644283166801e+01
1.188024609315134761e+01
1.188029610583417117e+01
1.188034644684147167e+01
1.188025616283572283e+01
1.188027804637349405e+01
1.188035082419365551e+01
1.188027072054359046e+01
1.188026202328384429e+01
1.188034908448551086e+01
1.188028813534851480e+01
1.188024983166104853e+01
1.188034142261969528e+01
1.188030645623826764e+01
1.188024283735474818e+01
1.188032869696894522e+01
1.188032363069030239e+01
1.188024182394977935e+01
1.188031233321103564e+01
1.188033773461956422e+01
1.188024690497974056e+01
1.188029416460747179e+01
1.188034718793725197e+01
1.188025751120762408e+01
1.188027622661991245e+01
1.188035093157101407e+01
1.188027245439844926e+01
1.188026052887367356e+01
1.188034854611476554e+01
1.188029006043941926e+01
1.188024883001577336e+01
1.188034029881550424e+01
1.188030835689379572e+01
1.188024244069050894e+01
1.188032711363312721e+01
1.188032529397655246e+01
1.188024207670558852e+01
1.188031046772758614e+01
1.188033897419556695e+01
1.188024777883891048e+01
1.188029222596987999e+01
1.188034786493105344e+01
1.188025890827012176e+01
1.188027443201726641e+01
1.188035097013777097e+01
1.188027421814882878e+01
1.188025907935857539e+01
1.188034794193377053e+01
1.188029199328151719e+01
1.188024788798002263e+01
1.188033911957425204e+01
1.188031024228780197e+01
1.188024211167208932e+01
1.188032549144416450e+01
1.188032692069835861e+01
1.188024239756503064e+01
1.188030858432766834e+01
1.188034016000057136e+01
1.188024871362974544e+01
1.188029029235974221e+01
1.188034847697136520e+01
1.188026035226603305e+01
1.188027266482275834e+01
1.188035093984540858e+01
1.188027600957632934e+01
1.188025767656169940e+01
1.188034727270244240e+01
1.188029393144374346e+01
1.188024700673866896e+01
1.188033788637914689e+01
1.188031211004891041e+01
1.188024185071332184e+01
1.188032383244237877e+01
1.188032850880968283e+01
1.188024278612453344e+01
1.188030668538019263e+01
1.188034129054311627e+01
1.188024970817649795e+01
1.188028836620909701e+01
1.188034902328839948e+01
1.188026184137914498e+01
1.188027092725910094e+01
1.188035084073203329e+01
1.188027782642777019e+01
1.188025632224744577e+01
1.188034653926251316e+01
1.188029587248833785e+01
1.188024618740010219e+01
1.188033660078127518e+01
1.188031395782790156e+01
1.188024165814242572e+01
1.188032213871442977e+01
1.188033005631304739e+01
1.188024324189538206e+01
1.188030477327357559e+01
1.188034236440123337e+01
1.188025076122824686e+01
1.188028644994059668e+01
1.188034950319499572e+01
1.188026337373650598e+01
1.188026922151175668e+01
1.188035067292230629e+01
1.188027966641795530e+01
1.188025501811922524e+01
1.188034574253648579e+01
1.188029781397390572e+01
1.188024543099485797e+01
1.188033526439761722e+01
1.188031578330070914e+01
1.188024153420162143e+01
1.188032041239062231e+01
1.188033156126204837e+01
1.188024376430431950e+01
1.188030285041281431e+01
1.188034338022426439e+01
1.188025187146051032e+01
1.188028454596445727e+01
1.188034991608755675e+01
1.188026494741075823e+01
1.188026754972614896e+01
1.188035043662729251e+01
1.188028152723260789e+01
1.188025376581732750e+01
1.188034488352646179e+01
1.188029975345852129e+01
1.188024473847432994e+01
1.188033387890902937e+01
1.188031758417129424e+01
1.188024147904678784e+01
1.188031865564227552e+01
1.188033302176380879e+01
1.188024435269428025e+01
1.188030091921641507e+01
1.188034433673453805e+01
1.188025303747686579e+01
1.188028265667545114e+01
1.188035026144675044e+01
1.188026656042258367e+01
1.188026591400501353e+01
1.188035013214419777e+01
1.188028340653125881e+01
1.188025256691686593e+01
1.188034396331286757e+01
1.188030168850275103e+01
1.188024411070954045e+01
1.188033244605813898e+01
1.188031935817459761e+01
1.188024149274729702e+01
1.188031687067897124e+01
1.188033443598135896e+01
1.188024500632520386e+01
1.188029898211338242e+01
1.188034523272897758e+01
1.188025425781073707e+01
1.188028078444985702e+01
1.188035053883820424e+01
1.188026821074318562e+01
1.188026431640568958e+01
1.188034975985598862e+01
1.188028530195018106e+01
1.188025142292577030e+01
1.188034298305312220e+01
1.188030361667276402e+01
1.188024354849007125e+01
1.188033096764713648e+01
1.188032110307931077e+01
1.188024157528592539e+01
1.188031505974578650e+01
1.188033580213593687e+01
1.188024572437496929e+01
1.188029704154014432e+01
1.188034606708063734e+01
1.188025553092722753e+01
1.188027893164250770e+01
1.188035074791301682e+01
1.188026989629684493e+01
1.188026275893760264e+01
1.188034932023091983e+01
1.188028721110537234e+01
1.188025033528292695e+01
1.188034194398016652e+01
1.188030553554336244e+01
1.188024305252307222e+01
1.188032944553553172e+01
1.188032281669076440e+01
1.188024172655885380e+01
