1.188024147592619784e+01
1.188027574660734231e+01
1.188033819715512784e+01
1.188035542276795020e+01
1.188030766645178105e+01
1.188025207345011758e+01
1.188025504024325585e+01
1.188031363129837281e+01
1.188035895733467839e+01
1.188033753707905227e+01
1.188027449165760352e+01
1.188024388551858301e+01
1.188028126250363492e+01
1.188034173771879765e+01
1.188035315948378923e+01
1.188030149205211572e+01
1.188024748976220479e+01
1.188025494224539003e+01
1.188031528829154304e+01
1.188035769474359249e+01
1.188033269474095022e+01
1.188027054751107414e+01
1.188024536196189374e+01
1.188028740369125558e+01
1.188034724489444827e+01
1.188035414058119521e+01
1.188029964396092808e+01
1.188024763692413366e+01
1.188025891327381878e+01
1.188031943506430466e+01
1.188035703730250958e+01
1.188032681977008131e+01
1.188026428688116454e+01
1.188024341909141768e+01
1.188028922508365959e+01
1.188034812931904760e+01
1.188035120216649787e+01
1.188029551664118877e+01
1.188024749532294067e+01
1.188026430958358581e+01
1.188032624338127263e+01
1.188035997031072633e+01
1.188032523719185640e+01
1.188026250110740101e+01
1.188024520861002031e+01
1.188029310242741410e+01
1.188034899894692842e+01
1.188034646483093404e+01
1.188028839232300626e+01
1.188024359735607405e+01
1.188026545849282911e+01
1.188032876019708084e+01
1.188035939524093365e+01
1.188032183757152005e+01
1.188026102123164662e+01
1.188024914663661136e+01
1.188030029669623211e+01
1.188035378472415537e+01
1.188034591619919134e+01
1.188028534443020590e+01
1.188024294649316914e+01
1.188026816856537415e+01
1.188033069240065487e+01
1.188035634913629224e+01
1.188031482156854679e+01
1.188025547448160424e+01
1.188024896608277992e+01
1.188030365593479765e+01
1.188035561832495191e+01
1.188034408124325836e+01
1.188028314931772655e+01
1.188024505895884531e+01
1.188027476800425219e+01
1.188033683051587097e+01
1.188035734293067414e+01
1.188031137758401101e+01
1.188025255343063513e+01
1.188024977760240652e+01
1.188030590382121865e+01
1.188035442786698681e+01
1.188033811466757861e+01
1.188027662498758730e+01
1.188024321807959183e+01
1.188027807454588824e+01
1.188034069624073119e+01
1.188035765874614036e+01
1.188030929661420920e+01
1.188025288461368767e+01
1.188025492712945486e+01
1.188031258464448570e+01
1.188035709767711268e+01
1.188033515053795419e+01
1.188027199685116209e+01
1.188024172211361673e+01
1.188027977207450370e+01
1.188034111370780366e+01
1.188035346881531851e+01
1.188030270299825730e+01
1.188024945619359940e+01
1.188025737129936310e+01
1.188031776225420799e+01
1.188035977311533564e+01
1.188033403851303760e+01
1.188027098196626596e+01
1.188024485755483539e+01
1.188028603367942004e+01
1.188034518227997971e+01
1.188035168458382884e+01
1.188029720771344877e+01
1.188024565649806341e+01
1.188025772229404176e+01
1.188031919080577303e+01
1.188035773431611375e+01
1.188032834313343500e+01
1.188026643483254041e+01
1.188024588633705037e+01
1.188029160708105536e+01
1.188034999941881686e+01
1.188035223461081813e+01
1.188029557088415089e+01
1.188024660984683223e+01
1.188026264003086041e+01
1.188032402089335982e+01
1.188035750658043099e+01
1.188032292567157988e+01
1.188026075394387071e+01
1.188024433983844474e+01
1.188029323636716406e+01
1.188035006727935183e+01
1.188034827282168493e+01
1.188029067841241293e+01
1.188024604294193587e+01
1.188026768397642918e+01
1.188033037269266146e+01
1.188036009573114526e+01
1.188032151791376911e+01
1.188025977713276582e+01
1.188024720955388602e+01
1.188029795811552169e+01
1.188035137075931758e+01
1.188034379142550279e+01
1.188028387822523690e+01
1.188024241840356510e+01
1.188026867000879605e+01
1.188033210367357029e+01
1.188035840526788434e+01
1.188031720141842307e+01
1.188025784361989601e+01
1.188025097637817673e+01
1.188030496544032566e+01
1.188035597062269488e+01
1.188034340240410103e+01
1.188028158064237161e+01
1.188024289544557099e+01
1.188027235856901598e+01
1.188033451824458808e+01
1.188035545954032202e+01
1.188031023469130609e+01
1.188025237987995730e+01
1.188025062822356581e+01
1.188030761870639829e+01
1.188035668634650577e+01
1.188034054187038180e+01
1.188027886864418647e+01
1.188024496314579892e+01
1.188027904238889576e+01
1.188034068904647000e+01
1.188035664227038524e+01
1.188030744748257561e+01
1.188025054506401723e+01
1.188025249469925093e+01
1.188031042034454821e+01
1.188035550072763691e+01
1.188033436531279818e+01
1.188027218635165383e+01
1.188024289757436058e+01
1.188028174227920708e+01
1.188034351974484970e+01
1.188035589380719870e+01
1.188030477745269309e+01
1.188025089621434383e+01
1.188025796796836531e+01
1.188031739007518439e+01
1.188035844576100075e+01
1.188033196070362862e+01
1.188026852516414422e+01
1.188024245353121877e+01
1.188028405880831784e+01
1.188034390626117975e+01
1.188035128122103146e+01
1.188029776245740265e+01
1.188024712799475680e+01
1.188025989334411037e+01
1.188032168216119189e+01
1.188036010381986074e+01
1.188033020890898683e+01
1.188026754064118862e+01
1.188024609330963699e+01
1.188029087129007877e+01
1.188034839174132351e+01
1.188034998450232216e+01
1.188029306181084266e+01
1.188024428923786857e+01
1.188026089237317962e+01
1.188032308979300922e+01
1.188035749764775062e+01
1.188032384040912959e+01
1.188026248941659979e+01
1.188024665428528159e+01
1.188029574614109762e+01
1.188035232482268455e+01
1.188034989361136873e+01
1.188029143102256135e+01
1.188024585378065723e+01
1.188026659397964480e+01
1.188032851811234814e+01
1.188035773108956050e+01
1.188031902446116916e+01
1.188025759741186604e+01
1.188024572408759916e+01
1.188029738619258069e+01
1.188035175647081765e+01
1.188034505227558846e+01
1.188028584294982792e+01
1.188024481888334272e+01
1.188027113028686088e+01
1.188033419134293212e+01
1.188035974737537970e+01
1.188031759103825102e+01
1.188025726433492579e+01
1.188024955079251654e+01
1.188030290003124989e+01
1.188035354784679321e+01
1.188034099153892420e+01
1.188027959944442102e+01
1.188024170452937156e+01
1.188027215146602167e+01
1.188033528645731529e+01
1.188035704287554495e+01
1.188031239109671233e+01
1.188025481142491380e+01
1.188025297391551938e+01
1.188030947989870789e+01
1.188035771889491343e+01
1.188034056672862349e+01
1.188027791733783900e+01
1.188024323078776590e+01
1.188027680543211240e+01
1.188033826140294558e+01
1.188035437637967462e+01
1.188030571954242554e+01
1.188024967784458852e+01
1.188025265062636215e+01
1.188031154727653593e+01
1.188035737239641065e+01
1.188033667212022415e+01
1.188027459754446546e+01
1.188024506971367522e+01
1.188028332492200967e+01
1.188034421561341425e+01
1.188035555899244855e+01
1.188030348323408347e+01
1.188024889657645389e+01
1.188025560302229344e+01
1.188031500716653355e+01
1.188035637984787130e+01
1.188033053463744615e+01
1.188026800635923408e+01
1.188024296437908944e+01
1.188028551049250225e+01
1.188034602151197561e+01
1.188035369229725902e+01
1.188030010537957537e+01
1.188024907594908441e+01
1.188026115296866791e+01
1.188032201941184418e+01
1.188035942023314995e+01
1.188032861008063001e+01
1.188026532348025199e+01
1.188024364928303456e+01
1.188028857960125961e+01
1.188034657185816556e+01
1.188034890000756327e+01
1.188029291014971633e+01
1.188024514154028921e+01
1.188026262680339329e+01
1.188032539424691336e+01
1.188035996116799531e+01
1.188032606972705452e+01
1.188026417180929073e+01
1.188024755645970565e+01
1.188029570964454606e+01
1.188035130832239794e+01
1.188034803523798999e+01
1.188028905478627273e+01
1.188024338538355273e+01
1.188026443800177034e+01
1.188032698103793372e+01
1.188035701694273882e+01
1.188031925105186204e+01
1.188025877306149702e+01
1.188024769385914858e+01
1.188029981802135637e+01
1.188035421498489619e+01
1.188034712407541349e+01
1.188028722746452637e+01
1.188024534075387706e+01
1.188027071331739037e+01
1.188033286220435336e+01
1.188035767853020097e+01
1.188031512012352664e+01
1.188025483140418181e+01
1.188024757406228638e+01
1.188030167387314506e+01
1.188035322082547118e+01
1.188034159834843173e+01
1.188028107601684802e+01
1.188024385958382112e+01
1.188027464461069904e+01
1.188033767821921494e+01
1.188035891389516152e+01
1.188031345358667856e+01
1.188025494234832635e+01
1.188025217956723978e+01
1.188030786274181594e+01
1.188035549005230074e+01
1.188033806791259472e+01
1.188027558285998886e+01
1.188024147626787830e+01
1.188027591068061461e+01
1.188033832606631357e+01
1.188035535495095374e+01
1.188030747009039345e+01
1.188025196780378501e+01
1.188025513855522064e+01
1.188031380881128030e+01
1.188035900010669366e+01
1.188033739549909917e+01
1.188027433892982465e+01
1.188024391201834895e+01
1.188028144920087570e+01
1.188034187670677255e+01
1.188035309766445202e+01
1.188030131029627512e+01
1.188024740608286400e+01
1.188025505362086776e+01
1.188031545635476682e+01
1.188035771039051269e+01
1.188033252693853825e+01
1.188027038197653873e+01
1.188024538367971061e+01
1.188028757998573859e+01
1.188034736516797807e+01
1.188035406557326823e+01
1.188029946987682806e+01
1.188024758052641516e+01
1.188025905393668324e+01
1.188031961893222466e+01
1.188035705715068424e+01
1.188032665830925438e+01
1.188026413620626087e+01
1.188024345344509847e+01
1.188028939553407071e+01
1.188034822292076953e+01
1.188035109547104540e+01
1.188029532364484453e+01
1.188024743466894151e+01
1.188026444766170719e+01
1.188032641670899459e+01
1.188035997879680039e+01
1.188032507986060970e+01
1.188026237580735689e+01
1.188024527628139282e+01
1.188029329483888041e+01
1.188034909746161638e+01
1.188034635740923939e+01
1.188028820523880569e+01
1.188024354606507771e+01
1.188026559389181891e+01
1.188032891002169400e+01
1.188035936961488659e+01
1.188032165546056618e+01
1.188026088983487760e+01
1.188024921778426091e+01
1.188030048795767257e+01
1.188035387656644915e+01
1.188034581040880511e+01
1.188028517854069754e+01
1.188024292924198733e+01
1.188026833116811787e+01
1.188033084993002220e+01
1.188035631792734748e+01
1.188031463588769121e+01
1.188025534644594217e+01
1.188024903613377248e+01
1.188030382859014011e+01
1.188035567705287754e+01
1.188034394636786573e+01
1.188028297382440890e+01
1.188024504870833553e+01
1.188027493867713424e+01
1.188033698851036668e+01
1.188035731288117702e+01
1.188031120780808436e+01
1.188025245678009156e+01
1.188024987795121490e+01
1.188030608812195688e+01
1.188035447887362928e+01
1.188033796760336713e+01
1.188027644482123435e+01
1.188024320596393402e+01
1.188027823196040345e+01
1.188034082529290991e+01
1.188035759794788326e+01
1.188030911317177285e+01
1.188025279573964710e+01
1.188025504325822901e+01
1.188031277805001551e+01
1.188035715190852493e+01
1.188033501430155070e+01
1.188027184258981883e+01
1.188024174037562908e+01
1.188027994499442741e+01
1.188034123552810506e+01
1.188035338928936824e+01
1.188030250596549031e+01
1.188024936211220961e+01
1.188025747867284032e+01
1.188031793323841612e+01
1.188035979818082843e+01
1.188033388527243162e+01
1.188027083389304650e+01
1.188024489676248407e+01
1.188028622454975469e+01
1.188034531184730724e+01
1.188035161221949920e+01
1.188029702933554432e+01
1.188024558954830923e+01
1.188025784769032356e+01
1.188031935702070996e+01
1.188035773699531639e+01
1.188032816788094337e+01
1.188026627601812457e+01
1.188024591941150021e+01
1.188029178317056633e+01
1.188035010465061347e+01
1.188035214380441040e+01
1.188029539562905512e+01
1.188024656593614914e+01
1.188026279103673843e+01
1.188032420116802967e+01
1.188035751498430592e+01
1.188032276139230348e+01
1.188026061600001348e+01
1.188024439108668950e+01
1.188029341105264081e+01
1.188035014957768709e+01
1.188034815341304373e+01
1.188029048560857248e+01
1.188024599308301354e+01
1.188026782758415223e+01
1.188033053610238099e+01
1.188036008697183021e+01
1.188032135341011930e+01
1.188025966132446953e+01
1.188024729167393900e+01
1.188029815384130217e+01
1.188035145983880803e+01
1.188034367622106835e+01
1.188028369788914063e+01
1.188024238393788501e+01
1.188026881522589662e+01
1.188033224633840845e+01
1.188035836417083502e+01
1.188031701255389194e+01
1.188025771965269506e+01
1.188025105698352846e+01
1.188030515331675652e+01
1.188035604681610025e+01
1.188034328459190547e+01
1.188028141919585856e+01
1.188024289393286992e+01
1.188027253112577597e+01
1.188033467089629625e+01
1.188035541786612725e+01
1.188031004901175081e+01
1.188025226561354586e+01
1.188025071193087889e+01
1.188030778986517078e+01
1.188035672982557323e+01
1.188034039423841293e+01
1.188027869505988043e+01
1.188024496364820948e+01
1.188027921629201700e+01
1.188034083576477329e+01
1.188035659759717255e+01
1.188030727619493376e+01
1.188025046245259908e+01
1.188025261006988664e+01
1.188031060596940236e+01
1.188035554142768646e+01
1.188033421210273488e+01
1.188027201447586556e+01
1.188024290031971830e+01
1.188028190410523344e+01
1.188034363661340542e+01
1.188035581637072369e+01
1.188030458935591227e+01
1.188025081649277936e+01
1.188025809269653976e+01
1.188031757852180981e+01
1.188035848564925878e+01
1.188033181742953737e+01
1.188026838069299451e+01
1.188024248932018523e+01
1.188028423963643299e+01
1.188034402072703877e+01
1.188035119122517713e+01
1.188029756686940352e+01
1.188024704699790313e+01
1.188026000995781217e+01
1.188032184615110864e+01
1.188036011123815427e+01
1.188033004475309440e+01
1.188026739757974504e+01
1.188024614418527136e+01
1.188029106423912751e+01
1.188034851017022397e+01
1.188034990124695689e+01
1.188029288738509415e+01
1.188024423928526829e+01
1.188026103128651734e+01
1.188032325375509579e+01
1.188035748818671067e+01
1.188032365971767845e+01
1.188026233919602426e+01
1.188024669925149723e+01
1.188029592139844404e+01
1.188035241443925827e+01
1.188034978722931712e+01
1.188029125499665639e+01
1.188024582174227106e+01
1.188026675345731320e+01
1.188032869281537174e+01
1.188035772731523032e+01
1.188031885798828213e+01
1.188025747304494573e+01
1.188024579231630895e+01
1.188029756477137155e+01
1.188035182788015831e+01
1.188034492183596136e+01
1.188028565236345102e+01
1.188024478074884627e+01
1.188027127885360024e+01
1.188033434376064434e+01
1.188035972096113113e+01
1.188031741959201071e+01
1.188025715778018743e+01
1.188024964590747778e+01
1.188030309706195098e+01
1.188035362638256487e+01
1.188034086902245789e+01
1.188027942710590779e+01
1.188024168762322219e+01
1.188027230643313281e+01
1.188033542205869786e+01
1.188035698750489644e+01
1.188031219740915745e+01
1.188025469614616547e+01
1.188025306364443701e+01
1.188030966302340907e+01
1.188035777839340668e+01
1.188034043675755491e+01
1.188027776033738725e+01
1.188024324408780252e+01
1.188027698615248084e+01
1.188033840780760997e+01
1.188035432441204442e+01
1.188030553528748712e+01
1.188024957867899545e+01
1.188025274836666334e+01
1.188031171688442100e+01
1.188035740127860329e+01
1.188033651332551344e+01
1.188027442729985594e+01
1.188024508097285725e+01
1.188028350063540906e+01
1.188034434947669915e+01
1.188035549905556287e+01
1.188030331048925703e+01
1.188024882761499157e+01
1.188025573206624053e+01
1.188031519267945768e+01
1.188035641006165299e+01
1.188033037664211378e+01
1.188026784455164986e+01
1.188024298290000758e+01
1.188028567672640534e+01
1.188034612634658593e+01
1.188035359928713142e+01
1.188029991400993346e+01
1.188024900572247233e+01
1.188026128504445467e+01
1.188032220097934832e+01
1.188035944459081783e+01
1.188032845967335760e+01
1.188026518885496863e+01
1.188024370184502487e+01
1.188028876707141279e+01
1.188034667848979531e+01
1.188034880064471643e+01
1.188029271800811415e+01
1.188024507507334704e+01
1.188026275289457523e+01
1.188032555102465793e+01
1.188035995136907630e+01
1.188032589574832443e+01
1.188026403434022527e+01
1.188024761807839624e+01
1.188029590265254498e+01
1.188035141393717531e+01
1.188034794067803190e+01
1.188028888464318022e+01
1.188024335232150541e+01
1.188026458956636056e+01
1.188032714211120400e+01
1.188035699607182138e+01
1.188031906689719186e+01
1.188025863330166487e+01
1.188024775133141020e+01
1.188029999205678244e+01
1.188035428878391464e+01
1.188034700271223620e+01
1.188028705130728113e+01
1.188024532005560374e+01
1.188027087939336823e+01
1.188033302932652724e+01
1.188035766174998642e+01
1.188031495185202324e+01
1.188025472109810110e+01
1.188024765898215485e+01
1.188030185575761521e+01
1.188035328168917992e+01
1.188034145859754886e+01
1.188028088974295393e+01
1.188024383421483066e+01
1.188027479778795659e+01
1.188033781891837748e+01
1.188035886978863331e+01
1.188031327567785844e+01
1.188025484487110006e+01
1.188025228615360973e+01
1.188030805895796860e+01
1.188035555680282229e+01
1.188033793833966811e+01
1.188027541944003396e+01
1.188024147729291258e+01
1.188027607507832784e+01
1.188033845464520155e+01
1.188035528660249440e+01
1.188030727366019335e+01
1.188025186262979993e+01
1.188025523728355282e+01
1.188031398612374723e+01
1.188035904221072592e+01
1.188033725348056890e+01
1.188027418642854549e+01
1.188024393908234622e+01
1.188028163610614385e+01
1.188034201531048062e+01
1.188035303536778287e+01
1.188030112860735521e+01
1.188024732302520192e+01
1.188025516552975169e+01
1.188031562431191013e+01
1.188035772547130797e+01
1.188033235879935567e+01
1.188027021671592998e+01
1.188024540590739520e+01
1.188028775634625411e+01
1.188034748489464221e+01
1.188035398996157177e+01
1.188029929577039923e+01
1.188024752466606415e+01
1.188025919504815064e+01
1.188031980265333054e+01
1.188035707648681516e+01
1.188032649665707119e+01
1.188026398597876820e+01
1.188024348844458267e+01
1.188028956613622000e+01
1.188034831604271346e+01
1.188035098823763924e+01
1.188029513065787413e+01
1.188024737449853774e+01
1.188026458604224445e+01
1.188032658970825395e+01
1.188035998662575921e+01
1.188032492225430303e+01
1.188026225090402654e+01
1.188024534455321124e+01
1.188029348738178115e+01
1.188034919555045121e+01
1.188034624959422203e+01
1.188028801835080728e+01
1.188024349541096925e+01
1.188026572967634564e+01
1.188032905955345520e+01
1.188035934335574062e+01
1.188032147308117281e+01
1.188026075877985477e+01
1.188024928939122837e+01
1.188030067916166743e+01
1.188035396782277253e+01
1.188034570414137647e+01
1.188028501282515847e+01
1.188024291262527044e+01
1.188026849416549169e+01
1.188033100722381796e+01
1.188035628622146334e+01
1.188031445012618548e+01
1.188025521891706404e+01
1.188024910672924150e+01
1.188030400119884611e+01
1.188035573517604604e+01
1.188034381098888836e+01
1.188028279844394319e+01
1.188024503896209971e+01
1.188027510956103683e+01
1.188033714610162050e+01
1.188035728224770970e+01
1.188031103794999943e+01
1.188025236067532830e+01
1.188024997888973822e+01
1.188030627244271997e+01
1.188035452939925918e+01
1.188033782021217988e+01
1.188027626493537880e+01
1.188024319444144616e+01
1.188027838958024596e+01
1.188034095388420575e+01
1.188035753650096638e+01
1.188030892957326756e+01
1.188025270729408689e+01
1.188025515980965707e+01
1.188031297131081132e+01
1.188035720556870700e+01
1.188033487774903207e+01
1.188027168868323713e+01
1.188024175931506043e+01
1.188028011820248331e+01
1.188034135699883365e+01
1.188035330927016453e+01
1.188030230893547490e+01
1.188024926854982155e+01
1.188025758645470908e+01
1.188031810398943122e+01
1.188035982257173195e+01
1.188033373162259210e+01
1.188027068606843706e+01
1.188024493650545388e+01
1.188028641555835918e+01
1.188034544097572365e+01
1.188035153937816091e+01
1.188029685106042166e+01
1.188024552323896543e+01
1.188025797359956925e+01
1.188031952310459083e+01
1.188035773912759474e+01
1.188032799235719139e+01
1.188026611753852890e+01
1.188024595300406716e+01
1.188029195928951154e+01
1.188035020930569097e+01
1.188035205240421988e+01
1.188029522037725094e+01
1.188024652255318969e+01
1.188026294243217507e+01
1.188032438123081569e+01
1.188035752285891178e+01
1.188032259695666326e+01
1.188026047854304679e+01
1.188024444298229909e+01
1.188029358586586248e+01
1.188035023139697799e+01
1.188034803351714430e+01
1.188029029288100347e+01
1.188024594373372800e+01
1.188026797146303437e+01
1.188033069913642237e+01
1.188036007754175571e+01
1.188032118865151787e+01
1.188025954591990896e+01
1.188024737435355505e+01
1.188029834963229447e+01
1.188035154845828778e+01
1.188034356064894403e+01
1.188028351780197411e+01
1.188024235013481267e+01
1.188026896081438899e+01
1.188033238869719632e+01
1.188035832247078005e+01
1.188031682348395535e+01
1.188025759606830611e+01
1.188025113802966004e+01
1.188030534107992686e+01
1.188035612238631522e+01
1.188034316630901088e+01
1.188028125794079770e+01
1.188024289303576708e+01
1.188027270401976487e+01
1.188033482326611789e+01
1.188035537570544520e+01
1.188030986330796246e+01
1.188025215190152828e+01
1.188025079618556923e+01
1.188030796095767094e+01
1.188035677270762847e+01
1.188034024615244810e+01
1.188027852163796894e+01
1.188024496465301461e+01
1.188027939035157488e+01
1.188034098202341760e+01
1.188035655232682863e+01
1.188030710484470731e+01
1.188025038038969328e+01
1.188025272599033144e+01
1.188031079156379377e+01
1.188035558164009053e+01
1.188033405861621006e+01
1.188027184294380945e+01
1.188024290368211489e+01
1.188028206611930493e+01
1.188034375300902568e+01
1.188035573831438718e+01
1.188030440115205799e+01
1.188025073721422764e+01
1.188025821780288638e+01
1.188031776675593854e+01
1.188035852493173117e+01
1.188033167385224687e+01
1.188026823659638431e+01
1.188024252576981432e+01
1.188028442070764079e+01
1.188034413482201401e+01
1.188035110077298206e+01
1.188029737135397923e+01
1.188024696656467860e+01
1.188026012697319445e+01
1.188032200988224929e+01
1.188036011798620173e+01
1.188032988022673031e+01
1.188026725479341827e+01
1.188024619556798100e+01
1.188029125725711488e+01
1.188034862810664372e+01
1.188034981751361840e+01
1.188029271309130586e+01
1.188024418998093523e+01
1.188026117068244147e+01
1.188032341755634391e+01
1.188035747819777299e+01
1.188032347882133521e+01
1.188026218937119971e+01
1.188024674474550757e+01
1.188029609665475839e+01
1.188035250345980565e+01
1.188034968027373317e+01
1.188029107900492143e+01
1.188024579022182259e+01
1.188026691326341222e+01
1.188032886724019299e+01
1.188035772299270576e+01
1.188031869138848862e+01
1.188025734919441589e+01
1.188024586118354620e+01
1.188029774344824219e+01
1.188035189881152398e+01
1.188034479096294938e+01
1.188028546192273893e+01
1.188024474315217027e+01
1.188027142766524946e+01
1.188033449576471412e+01
1.188035969387274449e+01
1.188031724791693833e+01
1.188025705163580170e+01
1.188024974153699809e+01
1.188030329408782748e+01
1.188035370442141669e+01
1.188034074615941726e+01
1.188027925506065863e+01
1.188024167139548126e+01
1.188027246175125029e+01
1.188033555734117641e+01
1.188035693156626493e+01
1.188031200358431683e+01
1.188025458129479617e+01
1.188025315379974600e+01
1.188030984598644757e+01
1.188035783724081718e+01
1.188034030632849536e+01
1.188027760354566276e+01
1.188024325797904979e+01
1.188027716714634963e+01
1.188033855387969950e+01
1.188035427196443550e+01
1.188030535105831831e+01
1.188024948010687609e+01
1.188025284665094539e+01
1.188031188640641211e+01
1.188035742957748297e+01
1.188033635413382605e+01
1.188027425727250908e+01
1.188024509273641804e+01
1.188028367645605776e+01
1.188034448283147704e+01
1.188035543851448494e+01
1.188030313770158841e+01
1.188024875919857237e+01
1.188025586161167269e+01
1.188031537810510230e+01
1.188035643977721989e+01
1.188033021841636838e+01
1.188026768314458081e+01
1.188024300205617045e+01
1.188028584313072500e+01
1.188034623070246099e+01
1.188035350569515991e+01
1.188029972258954103e+01
1.188024893595757447e+01
1.188026141745751652e+01
1.188032238227183512e+01
1.188035946831322143e+01
1.188032830897628500e+01
1.188026505461786186e+01
1.188024375504110353e+01
1.188028895473129332e+01
1.188034678472470951e+01
1.188034870085957628e+01
1.188029252600492569e+01
1.188024500921036264e+01
1.188026287938017589e+01
1.188032570752397632e+01
1.188035994091445069e+01
1.188032572144707188e+01
1.188026389717780340e+01
1.188024768017817401e+01
1.188029609566283185e+01
1.188035151900924724e+01
1.188034784563961921e+01
1.188028871465565040e+01
1.188024331990526328e+01
1.188026474157321566e+01
1.188032730298828454e+01
1.188035697469022089e+01
1.188031888260258739e+01
1.188025849399625855e+01
1.188024780934083680e+01
1.188030016606588113e+01
1.188035436197781536e+01
1.188034688080629131e+01
1.188028687522124116e+01
1.188024529986701516e+01
1.188027104573687076e+01
1.188033319610524430e+01
1.188035764440260955e+01
1.188031478347832426e+01
1.188025461132799165e+01
1.188024774452085630e+01
1.188030203770378002e+01
1.188035334207459748e+01
1.188034131846803731e+01
1.188028070368436673e+01
1.188024380941236302e+01
1.188027495118820553e+01
1.188033795917534619e+01
1.188035882501559115e+01
1.188031309757358400e+01
1.188025474781223245e+01
1.188025239320765181e+01
1.188030825509771660e+01
1.188035562301834958e+01
1.188033780843729659e+01
1.188027525634894133e+01
1.188024147900129179e+01
1.188027623979899339e+01
1.188033858289084321e+01
1.188035521772374992e+01
1.188030707716370848e+01
1.188025175792971666e+01
1.188025533642759868e+01
1.188031416323412515e+01
1.188035908364631510e+01
1.188033711102468004e+01
1.188027403415491889e+01
1.188024396670979854e+01
1.188028182321700754e+01
1.188034215352803891e+01
1.188035297259409795e+01
1.188030094698709860e+01
1.188024724059015291e+01
1.188025527797115721e+01
1.188031579216166733e+01
1.188035773998632827e+01
1.188033219032564425e+01
1.188027005173136530e+01
1.188024542864500077e+01
1.188028793277108619e+01
1.188034760407310486e+01
1.188035391374657657e+01
1.188029912164298274e+01
1.188024746934312859e+01
1.188025933660626343e+01
1.188031998622532548e+01
1.188035709531044759e+01
1.188032633481513933e+01
1.188026383620036874e+01
1.188024352408986317e+01
1.188028973688883205e+01
1.188034840868445841e+01
1.188035088046786569e+01
1.188029493768264189e+01
1.188024731481257490e+01
1.188026472472379425e+01
1.188032676237706653e+01
1.188035999379715157e+01
1.188032476437405727e+01
1.188026212639816315e+01
1.188024541342430318e+01
1.188029368005377862e+01
1.188034929321223210e+01
1.188034614138700640e+01
1.188028783166116220e+01
1.188024344539466703e+01
1.188026586584550337e+01
1.188032920879136611e+01
1.188035931646422760e+01
1.188032129043554441e+01
1.188026062806806316e+01
1.188024936145672150e+01
1.188030087030598736e+01
1.188035405849177018e+01
1.188034559739749696e+01
1.188028484728476819e+01
1.188024289664275202e+01
1.188026865755552741e+01
1.188033116428032621e+01
1.188035625401905904e+01
1.188031426428622161e+01
1.188025509189672135e+01
1.188024917786896673e+01
1.188030417375965975e+01
1.188035579269428865e+01
1.188034367510798361e+01
1.188028262317818395e+01
1.188024502972010055e+01
1.188027528065387983e+01
1.188033730328755411e+01
1.188035725103005369e+01
1.188031086801099434e+01
1.188025226511692800e+01
1.188025008041671349e+01
1.188030645678158237e+01
1.188035457944354256e+01
1.188033767249588557e+01
1.188027608533234591e+01
1.188024318351276065e+01
1.188027854740429134e+01
1.188034108201366834e+01
1.188035747440621037e+01
1.188030874582057095e+01
1.188025261927769982e+01
1.188025527678215454e+01
1.188031316442440577e+01
1.188035725865658065e+01
1.188033474088133445e+01
1.188027153513264622e+01
1.188024177893156264e+01
1.188028029169693767e+01
1.188034147811897512e+01
1.188035322875893840e+01
1.188030211191074237e+01
1.188024917550791315e+01
1.188025769464430326e+01
1.188031827450580025e+01
1.188035984628790409e+01
1.188033357756500763e+01
1.188027053849366688e+01
1.188024497678291169e+01
1.188028660670276615e+01
1.188034556966340283e+01
1.188035146606013193e+01
1.188029667288964220e+01
1.188024545757062533e+01
1.188025810002061000e+01
1.188031968905603009e+01
1.188035774071337514e+01
1.188032781656448655e+01
1.188026595939586549e+01
1.188024598711480095e+01
1.188029213543632423e+01
1.188035031338303149e+01
1.188035196041100683e+01
1.188029504513019141e+01
1.188024647969793612e+01
1.188026309421508842e+01
1.188032456107938017e+01
1.188035753020380270e+01
1.188032243236615848e+01
1.188026034157437927e+01
1.188024449552494488e+01
1.188029376080542221e+01
1.188035031273687103e+01
1.188034791313573812e+01
1.188029010023215548e+01
1.188024589489491589e+01
1.188026811561176288e+01
1.188033086179306075e+01
1.188036006744077433e+01
1.188032102363924380e+01
1.188025943091975911e+01
1.188024745759136636e+01
1.188029854548603126e+01
1.188035163661652938e+01
1.188034344471019388e+01
1.188028333796567537e+01
1.188024231699497335e+01
1.188026910677321979e+01
1.188033253074898354e+01
1.188035828016867512e+01
1.188031663421098116e+01
1.188025747286827283e+01
1.188025121951581298e+01
1.188030552872777434e+01
1.188035619733225090e+01
1.188034304755618109e+01
1.188028109687832767e+01
1.188024289275376688e+01
1.188027287724878533e+01
1.188033497535223582e+01
1.188035533305864888e+01
1.188030967758200518e+01
1.188025203874543223e+01
1.188025088098725313e+01
1.188030813198266600e+01
1.188035681499273899e+01
1.188034009761440046e+01
1.188027834838044328e+01
1.188024496616022674e+01
1.188027956456556744e+01
1.188034112782052532e+01
1.188035650645933572e+01
1.188030693343312727e+01
1.188025029887565154e+01
1.188025284245904523e+01
1.188031097712564232e+01
1.188035562136446543e+01
1.188033390485503737e+01
1.188027167175765442e+01
1.188024290766202817e+01
1.188028222832028824e+01
1.188034386893097860e+01
1.188035565963931717e+01
1.188030421284319793e+01
1.188025065837943295e+01
1.188025834328583841e+01
1.188031795477522223e+01
1.188035856360750842e+01
1.188033152997270747e+01
1.188026809287535279e+01
1.188024256287943636e+01
1.188028460201996594e+01
1.188034424854504856e+01
1.188035100986567194e+01
1.188029717591357226e+01
1.188024688669641904e+01
1.188026024438954487e+01
1.188032217335335972e+01
1.188036012406420028e+01
1.188032971533163717e+01
1.188026711228352816e+01
1.188024624745690616e+01
1.188029145034159662e+01
1.188034874554886500e+01
1.188034973330267263e+01
1.188029253893088821e+01
1.188024414132515361e+01
1.188026131055949364e+01
1.188032358119525966e+01
1.188035746768140122e+01
1.188032329772243401e+01
1.188026203994417429e+01
1.188024679076731616e+01
1.188029627190859472e+01
1.188035259188360016e+01
1.188034957274569337e+01
1.188029090304894808e+01
1.188024575921924963e+01
1.188026707339582089e+01
1.188032904138451329e+01
1.188035771812157293e+01
1.188031852466317417e+01
1.188025722586140454e+01
1.188024593068867318e+01
1.188029792222163117e+01
1.188035196926460380e+01
1.188034465965838926e+01
1.188028527163017678e+01
1.188024470609413186e+01
1.188027157672058109e+01
1.188033464735368483e+01
1.188035966611039740e+01
1.188031707601450648e+01
1.188025694590242232e+01
1.188024983767957110e+01
1.188030349110635697e+01
1.188035378196212655e+01
1.188034062295078996e+01
1.188027908331038773e+01
1.188024165584647029e+01
1.188027261741910046e+01
1.188033569230381659e+01
1.188035687506073579e+01
1.188031180962466493e+01
1.188025446687236553e+01
1.188025324438074293e+01
1.188031002878597597e+01
1.188035789543635801e+01
1.188034017544242360e+01
1.188027744696378640e+01
1.188024327246083445e+01
1.188027734841138638e+01
1.188033869961734901e+01
1.188035421903719602e+01
1.188030516685682159e+01
1.188024938212946147e+01
1.188025294547856880e+01
1.188031205584128180e+01
1.188035745729327886e+01
1.188033619454727408e+01
1.188027408746449964e+01
1.188024510500439845e+01
1.188028385238209772e+01
1.188034461567612254e+01
1.188035537736942437e+01
1.188030296487233350e+01
1.188024869132738459e+01
1.188025599165681179e+01
1.188031556344126471e+01
1.188035646899414566e+01
1.188033005996193125e+01
1.188026752213996673e+01
1.188024302184783032e+01
1.188028600970427107e+01
1.188034633457904654e+01
1.188035341152273361e+01
1.188029953112063808e+01
1.188024886665517954e+01
1.188026155020635954e+01
1.188032256328713032e+01
1.188035949139966796e+01
1.188032815799043362e+01
1.188026492076980922e+01
1.188024380887030773e+01
1.188028914257873936e+01
1.188034689056176774e+01
1.188034860065334009e+01
1.188029233414247621e+01
1.188024494395248709e+01
1.188026300625941900e+01
1.188032586374375299e+01
1.188035992980460342e+01
1.188032554682529351e+01
1.188026376032343556e+01
1.188024774275819873e+01
1.188029628867305121e+01
1.188035162353704877e+01
1.188034775012321020e+01
1.188028854482495866e+01
1.188024328813481922e+01
1.188026489402059838e+01
1.188032746366756243e+01
1.188035695279839743e+01
1.188031869817034014e+01
1.188025835514721074e+01
1.188024786788735376e+01
1.188030034004731483e+01
1.188035443456616491e+01
1.188034675835896081e+01
1.188028669920813840e+01
1.188024528018804027e+01
1.188027121234578232e+01
1.188033336253828054e+01
1.188035762648774707e+01
1.188031461500372821e+01
1.188025450209469724e+01
1.188024783067741552e+01
1.188030221970988975e+01
1.188035340198140943e+01
1.188034117796177824e+01
1.188028051784352535e+01
1.188024378517718560e+01
1.188027510481027527e+01
1.188033809898892912e+01
1.188035877957654485e+01
1.188031291927552147e+01
1.188025465117237722e+01
1.188025250072780814e+01
1.188030845115851619e+01
1.188035568869771552e+01
1.188033767820643760e+01
1.188027509358818001e+01
1.188024148139297864e+01
1.188027640484111203e+01
1.188033871080229709e+01
1.188035514831590866e+01
1.188030688060347906e+01
1.188025165370507175e+01
1.188025543598668499e+01
1.188031434014076737e+01
1.188035912441299757e+01
1.188033696813266715e+01
1.188027388211011548e+01
1.188024399489993677e+01
1.188028201053102961e+01
1.188034229135758579e+01
1.188035290934372412e+01
1.188030076543722480e+01
1.188024715877862292e+01
1.188025539094420324e+01
1.188031595990274525e+01
1.188035775393593418e+01
1.188033202151963685e+01
1.188026988702497988e+01
1.188024545189257708e+01
1.188028810925851531e+01
1.188034772270201955e+01
1.188035383692875335e+01
1.188029894749590554e+01
1.188024741455766531e+01
1.188025947860906584e+01
1.188032016964590554e+01
1.188035711362113744e+01
1.188032617278505398e+01
1.188026368687276602e+01
1.188024356038089735e+01
1.188028990779062610e+01
1.188034850084556027e+01
1.188035077216333235e+01
1.188029474472151570e+01
1.188024725561187722e+01
1.188026486370494261e+01
1.188032693471348189e+01
1.188036000031053696e+01
1.188032460622101993e+01
1.188026200229051277e+01
1.188024548289348203e+01
1.188029387285252980e+01
1.188034939044577953e+01
1.188034603278873114e+01
1.188028764517201630e+01
1.188024339601708412e+01
1.188026600239840569e+01
1.188032935773441068e+01
1.188035928894108473e+01
1.188032110752590143e+01
1.188026049770100201e+01
1.188024943397993560e+01
1.188030106138840658e+01
1.188035414857209027e+01
1.188034549017774921e+01
1.188028468192071330e+01
1.188024288129413897e+01
1.188026882133624440e+01
1.188033132109782031e+01
1.188035622132056623e+01
1.188031407837000586e+01
1.188025496538665315e+01
1.188024924955274031e+01
1.188030434627132692e+01
1.188035584960743662e+01
1.188034353872681592e+01
1.188028244802901590e+01
1.188024502098229718e+01
1.188027545195357959e+01
1.188033746006609803e+01
1.188035721922801180e+01
1.188031069799231965e+01
1.188025217010548396e+01
1.188025018253086884e+01
1.188030664113661850e+01
1.188035462900612593e+01
1.188033752445634939e+01
1.188027590601445738e+01
1.188024317317852407e+01
1.188027870543140452e+01
1.188034120968036156e+01
1.188035741166445902e+01
1.188030856191555884e+01
1.188025253169118933e+01
1.188025539417414578e+01
1.188031335738832794e+01
1.188035731117109250e+01
1.188033460369940109e+01
1.188027138193929133e+01
1.188024179922477686e+01
1.188028046547605854e+01
1.188034159888754715e+01
1.188035314775691553e+01
1.188030191489380094e+01
1.188024908298796056e+01
1.188025780324095848e+01
1.188031844478608967e+01
1.188035986932922228e+01
1.188033342310117391e+01
1.188027039116998118e+01
1.188024501759401197e+01
1.188028679798050646e+01
1.188034569790852046e+01
1.188035139226574088e+01
1.188029649482476025e+01
1.188024539254389289e+01
1.188025822695228051e+01
1.188031985487363862e+01
1.188035774175309456e+01
1.188032764050515766e+01
1.188026580159226242e+01
1.188024602174375310e+01
1.188029231160943233e+01
1.188035041688158877e+01
1.188035186782555108e+01
1.188029486988932071e+01
1.188024643737036357e+01
1.188026324638340725e+01
1.188032474071139255e+01
1.188035753701852748e+01
1.188032226762227062e+01
1.188026020509542846e+01
1.188024454871429114e+01
1.188029393586989890e+01
1.188035039359701983e+01
1.188034779227058380e+01
1.188028990766446569e+01
1.188024584656743876e+01
1.188026826002902681e+01
1.188033102407058905e+01
1.188036005666875106e+01
1.188032085837458318e+01
1.188025931632470034e+01
1.188024754138600159e+01
1.188029874140005404e+01
1.188035172431231423e+01
1.188034332840588014e+01
1.188028315838216109e+01
1.188024228451899589e+01
1.188026925310131787e+01
1.188033267249283043e+01
1.188035823726545814e+01
1.188031644473734971e+01
1.188025735005414596e+01
1.188025130144124120e+01
1.188030571625826681e+01
1.188035627165282371e+01
1.188034292833417105e+01
1.188028093600958002e+01
1.188024289308636128e+01
1.188027305081066309e+01
1.188033512715284346e+01
1.188035528992614154e+01
1.188030949183593954e+01
1.188025192614674097e+01
1.188025096633551847e+01
1.188030830293892670e+01
1.188035685668095454e+01
1.188033994862617071e+01
1.188027817528929653e+01
1.188024496816983699e+01
1.188027973893201761e+01
1.188034127315423305e+01
1.188035645999467071e+01
1.188030676196142288e+01
1.188025021791083091e+01
1.188025295947445770e+01
1.188031116265285903e+01
1.188035566060043102e+01
1.188033375082101983e+01
1.188027150091954987e+01
1.188024291225991469e+01
1.188028239070705006e+01
1.188034398437854655e+01
1.188035558034665407e+01
1.188030402443140687e+01
1.188025057998913603e+01
1.188025846914384864e+01
1.188031814257730900e+01
1.188035860167568281e+01
1.188033138579189085e+01
1.188026794953093201e+01
1.188024260064836568e+01
1.188028478357145445e+01
1.188034436189507659e+01
1.188035091850447778e+01
1.188029698055063044e+01
1.188024680739446737e+01
1.188026036220618131e+01
1.188032233656317516e+01
1.188036012947233822e+01
1.188032955006958424e+01
1.188026697005138743e+01
1.188024629985118708e+01
1.188029164349013911e+01
1.188034886249515054e+01
1.188034964861449083e+01
1.188029236490522855e+01
1.188024409331818987e+01
1.188026145091621366e+01
1.188032374467034380e+01
1.188035745663805898e+01
1.188032311642330896e+01
1.188026189091700857e+01
1.188024683731693543e+01
1.188029644715851951e+01
1.188035267970991882e+01
1.188034946464628305e+01
1.188029072713031553e+01
1.188024572873448470e+01
1.188026723385239514e+01
1.188032921524602337e+01
1.188035771270141794e+01
1.188031835781371370e+01
1.188025710304702010e+01
1.188024600083102555e+01
1.188029810108994155e+01
1.188035203923908867e+01
1.188034452792413909e+01
1.188028508148821594e+01
1.188024466957556413e+01
1.188027172601835879e+01
1.188033479852611229e+01
1.188035963767427994e+01
1.188031690388620198e+01
1.188025684058069587e+01
1.188024993433370469e+01
1.188030368811501347e+01
1.188035385900349006e+01
1.188034049939757963e+01
1.188027891185677021e+01
1.188024164097648239e+01
1.188027277343540611e+01
1.188033582694569645e+01
1.188035681798941212e+01
1.188031161553269399e+01
1.188025435288045095e+01
1.188025333538673678e+01
1.188031021142014154e+01
1.188035795297925823e+01
1.188034004410032196e+01
1.188027729059290039e+01
1.188024328753249037e+01
1.188027752994524278e+01
1.188033884501869686e+01
1.188035416563068480e+01
1.188030498268490476e+01
1.188024928474796660e+01
1.188025304484891365e+01
1.188031222518776708e+01
1.188035748442623429e+01
1.188033603456795895e+01
1.188027391787792375e+01
1.188024511777683401e+01
1.188028402841166908e+01
1.188034474800902274e+01
1.188035531562059965e+01
1.188030279200275885e+01
1.188024862400160053e+01
1.188025612219987792e+01
1.188031574868572093e+01
1.188035649771201463e+01
1.188032990128052369e+01
1.188026736153975094e+01
1.188024304227520389e+01
1.188028617644585871e+01
1.188034643797579193e+01
1.188035331677124873e+01
1.188029933960547702e+01
1.188024879781608689e+01
1.188026168328950227e+01
1.188032274402306143e+01
1.188035951384945399e+01
1.188032800671682665e+01
1.188026478731166335e+01
1.188024386333169247e+01
1.188028933061157311e+01
1.188034699599983846e+01
1.188034850002719445e+01
1.188029214242308207e+01
1.188024487930085726e+01
1.188026313353154251e+01
1.188032601968287594e+01
1.188035991804003189e+01
1.188032537188499660e+01
1.188026362377852685e+01
1.188024780581762840e+01
1.188029648168084229e+01
1.188035172751901491e+01
1.188034765412925253e+01
1.188028837515237157e+01
1.188024325701013062e+01
1.188026504690677854e+01
1.188032762414741228e+01
1.188035693039680041e+01
1.188031851360275049e+01
1.188025821675643101e+01
1.188024792697088650e+01
1.188030051399976017e+01
1.188035450654854230e+01
1.188034663537163560e+01
1.188028652326970658e+01
1.188024526101861511e+01
1.188027137921795351e+01
1.188033352862342618e+01
1.188035760800505969e+01
1.188031444642951939e+01
1.188025439339905809e+01
1.188024791745085373e+01
1.188030240177418939e+01
1.188035346140930493e+01
1.188034103708065103e+01
1.188028033222284030e+01
1.188024376151004802e+01
1.188027525865301470e+01
1.188033823835795033e+01
1.188035873347202376e+01
1.188031274078534949e+01
1.188025455495220051e+01
1.188025260871251554e+01
1.188030864713784318e+01
1.188035575383975839e+01
1.188033754764803618e+01
1.188027493115919597e+01
1.188024148446794293e+01
1.188027657020318628e+01
1.188033883837860749e+01
1.188035507838016258e+01
1.188030668398203105e+01
1.188025154995742305e+01
1.188025553596014383e+01
1.188031451684204853e+01
1.188035916451032570e+01
1.188033682480575592e+01
1.188027373029530054e+01
1.188024402365196686e+01
1.188028219804576757e+01
1.188034242879724189e+01
1.188035284561699001e+01
1.188030058395945687e+01
1.188024707759153031e+01
1.188025550444799627e+01
1.188031612753383826e+01
1.188035776732049520e+01
1.188033185238357703e+01
1.188026972259889469e+01
1.188024547565018452e+01
1.188028828580683971e+01
1.188034784078006467e+01
1.188035375950859773e+01
1.188029877333051765e+01
1.188024736030971695e+01
1.188025962105460032e+01
1.188032035291277921e+01
1.188035713141843530e+01
1.188032601056841919e+01
1.188026353799763690e+01
1.188024359731765323e+01
1.188029007884030186e+01
1.188034859252560693e+01
1.188035066332564682e+01
1.188029455177687765e+01
1.188024719689727249e+01
1.188026500298428623e+01
1.188032710671554426e+01
1.188036000616548371e+01
1.188032444779631902e+01
1.188026187858182858e+01
1.188024555295953988e+01
1.188029406577570235e+01
1.188034948724990159e+01
1.188034592380052068e+01
1.188028745888549764e+01
1.188024334727910691e+01
1.188026613933414311e+01
1.188032950638158880e+01
1.188035926078707405e+01
1.188032092435444298e+01
1.188026036768014571e+01
1.188024950696006599e+01
1.188030125240672064e+01
1.188035423806239521e+01
1.188034538248271943e+01
1.188028451673415375e+01
1.188024286657914708e+01
1.188026898550564425e+01
1.188033147767458253e+01
1.188035618812641658e+01
1.188031389237973023e+01
1.188025483938860738e+01
1.188024932178035087e+01
1.188030451873259707e+01
1.188035590591534074e+01
1.188034340184706394e+01
1.188028227299830064e+01
1.188024501274864875e+01
1.188027562345805777e+01
1.188033761643518815e+01
1.188035718684138686e+01
1.188031052789521169e+01
1.188025207564154861e+01
1.188025028523090398e+01
1.188030682550590811e+01
1.188035467808668244e+01
1.188033737609544893e+01
1.188027572698401535e+01
1.188024316343935105e+01
1.188027886366045394e+01
1.188034133688334215e+01
1.188035734827655610e+01
1.188030837786012484e+01
1.188025244453523754e+01
1.188025551198404983e+01
1.188031355020011404e+01
1.188035736311116963e+01
1.188033446620415390e+01
1.188027122910439104e+01
1.188024182019432651e+01
1.188028063953810154e+01
1.188034171930354610e+01
1.188035306626533583e+01
1.188030171788718015e+01
1.188024899099141862e+01
1.188025791224401573e+01
1.188031861482886242e+01
1.188035989169557638e+01
1.188033326823258840e+01
1.188027024409860211e+01
1.188024505893791805e+01
1.188028698938911099e+01
1.188034582570924691e+01
1.188035131799531285e+01
1.188029631686733012e+01
1.188024532815934187e+01
1.188025835439340128e+01
1.188032002055602732e+01
1.188035774224718999e+01
1.188032746418152286e+01
1.188026564412982999e+01
1.188024605689097157e+01
1.188029248780726732e+01
1.188035051980035384e+01
1.188035177464864489e+01
1.188029469465610255e+01
1.188024639557042939e+01
1.188026339893504968e+01
1.188032492012452579e+01
1.188035754330263849e+01
1.188032210272649181e+01
1.188026006910758525e+01
1.188024460254999859e+01
1.188029411105786792e+01
1.188035047397707977e+01
1.188034767092343991e+01
1.188028971518038901e+01
1.188024579875212439e+01
1.188026840471350276e+01
1.188033118596730020e+01
1.188036004522554734e+01
1.188032069285883985e+01
1.188025920213540587e+01
1.188024762573608406e+01
1.188029893737189902e+01
1.188035181154443443e+01
1.188034321173706687e+01
1.188028297905336217e+01
1.188024225270747891e+01
1.188026939979760677e+01
1.188033281392779372e+01
1.188035819376209190e+01
1.188031625506544131e+01
1.188025722762747627e+01
1.188025138380520573e+01
1.188030590366935080e+01
1.188035634534696072e+01
1.188034280864376058e+01
1.188028077533567384e+01
1.188024289403304223e+01
1.188027322470319191e+01
1.188033527866612893e+01
1.188035524630830153e+01
1.188030930607182967e+01
1.188025181410697328e+01
1.188025105222997446e+01
1.188030847382522559e+01
1.188035689777235149e+01
1.188033979918968441e+01
1.188027800236652887e+01
1.188024497068183649e+01
1.188027991344894829e+01
1.188034141802267563e+01
1.188035641293281763e+01
1.188030659043082338e+01
1.188025013749558312e+01
1.188025307703502165e+01
1.188031134814335665e+01
1.188035569934760893e+01
1.188033359651596577e+01
1.188027133043164696e+01
1.188024291747622030e+01
1.188028255327844107e+01
1.188034409935100477e+01
1.188035550043754185e+01
1.188030383591876493e+01
1.188025050204408473e+01
1.188025859537536633e+01
1.188031833015985050e+01
1.188035863913535550e+01
1.188033124131074558e+01
1.188026780656414871e+01
1.188024263907592371e+01
1.188028496536013812e+01
1.188034447487102874e+01
1.188035082669062525e+01
1.188029678526761046e+01
1.188024672866014519e+01
1.188026048042239680e+01
1.188032249951045038e+01
1.188036013421083936e+01
1.188032938444232300e+01
1.188026682809833190e+01
1.188024635274996399e+01
1.188029183670029454e+01
1.188034897894378439e+01
1.188034956344943538e+01
1.188029219101571776e+01
1.188024404596031758e+01
1.188026159175113960e+01
1.188032390798009175e+01
1.188035744506821523e+01
1.188032293492629421e+01
1.188026174229174359e+01
1.188024688439437071e+01
1.188029662240310991e+01
1.188035276693804931e+01
1.188034935597661068e+01
1.188029055125061362e+01
1.188024569876746739e+01
1.188026739463100867e+01
1.188032938882242640e+01
1.188035770673183222e+01
1.188031819084148921e+01
1.188025698075236924e+01
1.188024607160993895e+01
1.188029828005160837e+01
1.188035210873466241e+01
1.188034439576204804e+01
1.188028489149932732e+01
1.188024463359728244e+01
1.188027187555736042e+01
1.188033494928056122e+01
1.188035960856458928e+01
1.188031673153348322e+01
1.188025673567126717e+01
1.188025003149790138e+01
1.188030388511126922e+01
1.188035393554429042e+01
1.188034037550078637e+01
1.188027874070150958e+01
1.188024162678580531e+01
1.188027292979889360e+01
1.188033596126589053e+01
1.188035676035339350e+01
1.188031142131088558e+01
1.188025423932061386e+01
1.188025342681702234e+01
1.188031039388710575e+01
1.188035800986875046e+01
1.188033991230319941e+01
1.188027713443412381e+01
1.188024330319334076e+01
1.188027771174557401e+01
1.188033899008188499e+01
1.188035411174524114e+01
1.188030479854445254e+01
1.188024918796361185e+01
1.188025314476134398e+01
1.188031239444463338e+01
1.188035751097659976e+01
1.188033587419799986e+01
1.188027374851485440e+01
1.188024513105374247e+01
1.188028420454292089e+01
1.188034487982857357e+01
1.188035525326822572e+01
1.188030261909413277e+01
1.188024855722138895e+01
1.188025625323906631e+01
1.188031593383626827e+01
1.188035652593040581e+01
1.188032974237385275e+01
1.188026720134585901e+01
1.188024306333852920e+01
1.188028634335428713e+01
1.188034654089215181e+01
1.188035322144211214e+01
1.188029914804629428e+01
1.188024872944108523e+01
1.188026181670544013e+01
1.188032292447745775e+01
1.188035953566190628e+01
1.188032785515649614e+01
1.188026465424429290e+01
1.188024391842427363e+01
1.188028951882761142e+01
1.188034710103779545e+01
1.188034839898234019e+01
1.188029195084905076e+01
1.188024481525662068e+01
1.188026326119575593e+01
1.188032617534024737e+01
1.188035990562124056e+01
1.188032519662818487e+01
1.188026348754448769e+01
1.188024786935561572e+01
1.188029667468385853e+01
1.188035183095359493e+01
1.188034755765820805e+01
1.188028820563914145e+01
1.188024322653116016e+01
1.188026520023000465e+01
1.188032778442622650e+01
1.188035690748589701e+01
1.188031832890209927e+01
1.188025807882585561e+01
1.188024798659134440e+01
1.188030068792188843e+01
1.188035457792453720e+01
1.188034651184571899e+01
1.188028634740768297e+01
1.188024524235866508e+01
1.188027154635125626e+01
1.188033369435846964e+01
1.188035758895422589e+01
1.188031427775699811e+01
1.188025428524188598e+01
1.188024800484018861e+01
1.188030258389491678e+01
1.188035352035797665e+01
1.188034089582655106e+01
1.188028014682472921e+01
1.188024373841168568e+01
1.188027541271524257e+01
1.188033837728122677e+01
1.188035868670254480e+01
1.188031256210475917e+01
1.188025445915235601e+01
1.188025271716020548e+01
1.188030884303317336e+01
1.188035581844331467e+01
1.188033741676305155e+01
1.188027476906344404e+01
1.188024148822613490e+01
1.188027673588370270e+01
1.188033896561882230e+01
1.188035500791770716e+01
1.188030648730191352e+01
1.188025144668829647e+01
1.188025563634731263e+01
1.188031469333630952e+01
1.188035920393786604e+01
1.188033668104520046e+01
1.188027357871164824e+01
1.188024405296510366e+01
1.188028238575878603e+01
1.188034256584513848e+01
1.188035278141422069e+01
1.188030040255552677e+01
1.188024699702977749e+01
1.188025561848164102e+01
1.188031629505364073e+01
1.188035778014037547e+01
1.188033168291972075e+01
1.188026955845524313e+01
1.188024549991786394e+01
1.188028846241433634e+01
1.188034795830592039e+01
1.188035368148660353e+01
1.188029859914816910e+01
1.188024730659932260e+01
1.188025976394088445e+01
1.188032053602364968e+01
1.188035714870190063e+01
1.188032584816684079e+01
1.188026338957666006e+01
