1.188024147592623336e+01
1.188053532804427448e+01
1.188025278890253489e+01
1.188052376590158232e+01
1.188025618949673401e+01
1.188052393000841711e+01
1.188026431917323755e+01
1.188050321321913394e+01
1.188028889814140854e+01
1.188048580504099938e+01
1.188029927817258802e+01
1.188047146737938320e+01
1.188032557196616601e+01
1.188043836989013080e+01
1.188035336575493695e+01
1.188042019554184847e+01
1.188037050716794951e+01
1.188039350321428067e+01
1.188040591056148010e+01
1.188036085321686386e+01
1.188042764194270795e+01
1.188034503943429243e+01
1.188044924351736320e+01
1.188031405542508878e+01
1.188048041544016442e+01
1.188029354331235865e+01
1.188049098629959666e+01
1.188028171194117455e+01
1.188051162383494663e+01
1.188025789824711431e+01
1.188052661884005445e+01
1.188025536682124006e+01
1.188052581661490237e+01
1.188024905568679301e+01
1.188053798385197801e+01
1.188024249108059394e+01
1.188053145318093407e+01
1.188025632393039821e+01
1.188052219765610751e+01
1.188025771025305843e+01
1.188051937746442910e+01
1.188027226010612125e+01
1.188049473697346592e+01
1.188029533861846154e+01
1.188048059062840700e+01
1.188030640469070320e+01
1.188046095314927086e+01
1.188033736940103857e+01
1.188042843713877517e+01
1.188036102260301696e+01
1.188041205437992076e+01
1.188038152737755127e+01
1.188038066095704437e+01
1.188041729607855146e+01
1.188035249168443030e+01
1.188043497974210538e+01
1.188033574337410236e+01
1.188046064407098079e+01
1.188030349393339158e+01
1.188048763776952299e+01
1.188028869267668775e+01
1.188049662208091739e+01
1.188027395950198439e+01
1.188051930522129851e+01
1.188025336521357112e+01
1.188052780456825097e+01
1.188025463312842689e+01
1.188052843203535680e+01
1.188024568197587527e+01
1.188053889745092739e+01
1.188024537198538155e+01
1.188052700547764928e+01
1.188025932765144255e+01
1.188052073886570170e+01
1.188026053395179282e+01
1.188051290669289983e+01
1.188028112884137499e+01
1.188048673164206370e+01
1.188030117012610098e+01
1.188047473969980317e+01
1.188031519033959782e+01
1.188044932601946790e+01
1.188034878563265728e+01
1.188041956168361857e+01
1.188036852995404047e+01
1.188040277248691545e+01
1.188039366594741075e+01
1.188036807532274608e+01
1.188042730970939864e+01
1.188034505560096576e+01
1.188044277416353367e+01
1.188032548191821114e+01
1.188047195125285249e+01
1.188029441883348269e+01
1.188049330047862817e+01
1.188028411754531710e+01
1.188050295520775634e+01
1.188026609940381206e+01
1.188052562220725683e+01
1.188025077558116749e+01
1.188052805677041945e+01
1.188025353042920429e+01
1.188053138160162803e+01
1.188024331589217475e+01
1.188053780091787281e+01
1.188024966689331841e+01
1.188052259467804994e+01
1.188026176943818868e+01
1.188051881962232059e+01
1.188026510339537367e+01
1.188050478821203448e+01
1.188029025040054520e+01
1.188047948381971786e+01
1.188030680558470209e+01
1.188046769469734265e+01
1.188032558553654994e+01
1.188043722930277646e+01
1.188035932088020985e+01
1.188041154305631153e+01
1.188037648472636576e+01
1.188039216867522896e+01
1.188040640461062836e+01
1.188035638604315558e+01
1.188043591461533310e+01
1.188033798877747493e+01
1.188045141498515278e+01
1.188031457189360118e+01
1.188048247885910236e+01
1.188028709591109155e+01
1.188049784468350900e+01
1.188027927095562220e+01
1.188050991764775510e+01
1.188025876490057797e+01
1.188053011993779329e+01
1.188024986269981476e+01
1.188052800516445728e+01
1.188025186634455999e+01
1.188053417572439230e+01
1.188024253607401448e+01
1.188053475057884967e+01
1.188025475072546655e+01
1.188051864719191109e+01
1.188026392581333646e+01
1.188051581842159088e+01
1.188027158076476297e+01
1.188049555429418902e+01
1.188029902548506200e+01
1.188047296768376526e+01
1.188031282374496911e+01
1.188045909571329517e+01
1.188033722746596688e+01
1.188042534878690226e+01
1.188036874905847107e+01
1.188040392365761377e+01
1.188038539685591033e+01
1.188038038242080319e+01
1.188041907081234605e+01
1.188034603628641861e+01
1.188044338663091892e+01
1.188033069902262895e+01
1.188046100888847434e+01
1.188030357450192653e+01
1.188049163230839689e+01
1.188028146663842932e+01
1.188050186516535511e+01
1.188027381204459942e+01
1.188051714121496794e+01
1.188025261583089076e+01
1.188053263405574889e+01
1.188025011017946397e+01
1.188052817900994107e+01
1.188024976217512574e+01
1.188053618351162299e+01
1.188024370546296815e+01
1.188053011341305165e+01
1.188025997961151070e+01
1.188051530599832439e+01
1.188026630996639277e+01
1.188051122406836413e+01
1.188027980049126242e+01
1.188048587220130869e+01
1.188030706817977844e+01
1.188046685834557969e+01
1.188031981407162085e+01
1.188044888183915049e+01
1.188034952143217104e+01
1.188041425682079577e+01
1.188037716373586683e+01
1.188039611522672345e+01
1.188039554803432551e+01
1.188036784908731214e+01
1.188043098972018718e+01
1.188033717375362386e+01
1.188045023397777200e+01
1.188032271981600729e+01
1.188047134419725737e+01
1.188029316884493447e+01
1.188049904660271672e+01
1.188027717087848778e+01
1.188050595088287054e+01
1.188026769603370525e+01
1.188052404077706825e+01
1.188024818077417422e+01
1.188053332887538360e+01
1.188025088698989684e+01
1.188052887507792121e+01
1.188024762491243713e+01
1.188053678813078129e+01
1.188024687759853926e+01
1.188052447494374952e+01
1.188026484626109713e+01
1.188051239950701898e+01
1.188026954062830320e+01
1.188050477213964840e+01
1.188028930545492123e+01
1.188047638748556167e+01
1.188031429177203968e+01
1.188046062018597482e+01
1.188032821661263405e+01
1.188043731563999827e+01
1.188036177699669516e+01
1.188040428377659019e+01
1.188038494522475830e+01
1.188038756043748556e+01
1.188040691006221294e+01
1.188035520365700748e+01
1.188044163712553036e+01
1.188032962352666289e+01
1.188045705659331830e+01
1.188031383767669702e+01
1.188048193392426377e+01
1.188028399617745379e+01
1.188050467009712818e+01
1.188027364689257581e+01
1.188051052992275913e+01
1.188026119035237826e+01
1.188052995079683782e+01
1.188024572836903658e+01
1.188053265177859608e+01
1.188025160866806473e+01
1.188053008464390281e+01
1.188024604939832685e+01
1.188053554253686173e+01
1.188025178137898585e+01
1.188051849453235320e+01
1.188026909924355934e+01
1.188050948696141873e+01
1.188027418094213417e+01
1.188049651897594217e+01
1.188029945505857476e+01
1.188046757521146546e+01
1.188032092248867322e+01
1.188045365069201686e+01
1.188033819970051930e+01
1.188042492663408112e+01
1.188037336509405506e+01
1.188039544704594341e+01
1.188039265400823830e+01
1.188037788666955308e+01
1.188041914191044590e+01
1.188034313757559346e+01
1.188045075776593151e+01
1.188032294226525032e+01
1.188046438241373082e+01
1.188030415378347548e+01
1.188049212487132600e+01
1.188027651069947233e+01
1.188050877035244923e+01
1.188027028226188975e+01
1.188051575788228220e+01
1.188025481519961346e+01
1.188053428425972058e+01
1.188024520219620683e+01
1.188053121594166939e+01
1.188025188308251501e+01
1.188053149498783689e+01
1.188024567192458214e+01
1.188053228507533809e+01
1.188025788825069640e+01
1.188051274610467445e+01
1.188027279962227212e+01
1.188050597158973787e+01
1.188028058856765590e+01
1.188048683365885694e+01
1.188030957575317181e+01
1.188045963308651842e+01
1.188032743570386351e+01
1.188044544392070989e+01
1.188034960771774884e+01
1.188041239083672274e+01
1.188038385982301115e+01
1.188038745649489947e+01
1.188040087641271114e+01
1.188036701114267579e+01
1.188043166338121104e+01
1.188033224196228765e+01
1.188045841933961633e+01
1.188031654177119023e+01
1.188047252424419398e+01
1.188029406738618832e+01
1.188050124716466094e+01
1.188027087361621703e+01
1.188051185836480883e+01
1.188026657517152174e+01
1.188052147510987133e+01
1.188024922254381188e+01
1.188053667587302442e+01
1.188024623804457569e+01
1.188052964357790842e+01
1.188025160619302234e+01
1.188053256485118503e+01
1.188024700968645320e+01
1.188052718312477474e+01
1.188026454264639042e+01
1.188050758284265385e+01
1.188027630198302731e+01
1.188050125589214367e+01
1.188028881727968766e+01
1.188047631196058518e+01
1.188031911658919526e+01
1.188045244126372424e+01
1.188033442749594570e+01
1.188043573016494925e+01
1.188036199072181986e+01
1.188040037699205520e+01
1.188039313222679638e+01
1.188037979786446918e+01
1.188041006325771676e+01
1.188035517150422393e+01
1.188044378547911073e+01
1.188032287325903980e+01
1.188046498588996513e+01
1.188030984966832726e+01
1.188048149327706504e+01
1.188028418742692871e+01
1.188050877008913098e+01
1.188026691917248279e+01
1.188051455082298880e+01
1.188026226445436961e+01
1.188052724078866262e+01
1.188024504060581066e+01
1.188053707218283250e+01
1.188024825943857543e+01
1.188052841074146393e+01
1.188025098709278282e+01
1.188053265760320620e+01
1.188025032714871188e+01
1.188052069282493051e+01
1.188027112064453839e+01
1.188050305652607541e+01
1.188028016252469676e+01
1.188049490037679234e+01
1.188029859633895313e+01
1.188046563667399447e+01
1.188032777387635441e+01
1.188044560005759998e+01
1.188034245290146806e+01
1.188042455451414270e+01
1.188037470571980236e+01
1.188038939540500394e+01
1.188040137243489980e+01
1.188037187489167756e+01
1.188042040451282411e+01
1.188034287712321380e+01
1.188045486657063599e+01
1.188031507431498923e+01
1.188047101494740510e+01
1.188030246418149716e+01
1.188049098847270812e+01
1.188027519354807460e+01
1.188051442691279824e+01
1.188026420370989911e+01
1.188051740767511788e+01
1.188025739771945588e+01
1.188053243519245150e+01
1.188024272047965724e+01
1.188053574312174732e+01
1.188025062517185404e+01
1.188052773125438755e+01
1.188025049720233994e+01
1.188053120157581510e+01
1.188025556549474082e+01
1.188051344692567568e+01
1.188027717735982591e+01
1.188049890976813039e+01
1.188028499407114325e+01
1.188048674349640343e+01
1.188030939157775023e+01
1.188045541973778008e+01
1.188033555653344564e+01
1.188043853905152147e+01
1.188035187342562793e+01
1.188041227502795039e+01
1.188038706280504364e+01
1.188037968406249867e+01
1.188040903176916885e+01
1.188036317328798397e+01
1.188043177162335873e+01
1.188033079548638682e+01
1.188046445858440947e+01
1.188030857285948372e+01
1.188047710484741515e+01
1.188029426300822777e+01
1.188050046180967456e+01
1.188026767800746164e+01
1.188051827593423226e+01
1.188026212572160034e+01
1.188052078747949025e+01
1.188025232371230011e+01
1.188053640722412929e+01
1.188024242412634734e+01
1.188053321105891058e+01
1.188025278952359365e+01
1.188052750570689753e+01
1.188025075417957588e+01
1.188052783766219633e+01
1.188026235449691015e+01
1.188050610166531484e+01
1.188028254916498483e+01
1.188049464430642388e+01
1.188029130345361395e+01
1.188047695039261775e+01
1.188032053014778455e+01
1.188044606312448614e+01
1.188034277555755125e+01
1.188043067200860214e+01
1.188036275461134039e+01
1.188039948384029643e+01
1.188039848129254850e+01
1.188037115991594739e+01
1.188041669699022052e+01
1.188035340270849183e+01
1.188044373958357980e+01
1.188031960113686480e+01
1.188047240836530349e+01
1.188030286033420069e+01
1.188048373321837303e+01
1.188028544085852012e+01
1.188050924296199895e+01
1.188026200576859814e+01
1.188052067950588686e+01
1.188026008452013649e+01
1.188052475552289522e+01
1.188024761187629963e+01
1.188053863317305847e+01
1.188024398448779095e+01
1.188053011704770512e+01
1.188025443524051994e+01
1.188052734640055519e+01
1.188025236640432958e+01
1.188052251470764276e+01
1.188027010266669770e+01
1.188049918146066020e+01
1.188028738790281835e+01
1.188048965125108403e+01
1.188029935401027970e+01
1.188046597861417908e+01
1.188033135626712777e+01
1.188043767020457508e+01
1.188034995733350918e+01
1.188042155755407592e+01
1.188037483964667906e+01
1.188038687309463981e+01
1.188040862013751919e+01
1.188036344974698721e+01
1.188042492881494638e+01
1.188034257988386067e+01
1.188045568063672697e+01
1.188030982168879035e+01
1.188047888726114820e+01
1.188029733166237989e+01
1.188049112889840941e+01
1.188027646940662230e+01
1.188051669495824036e+01
1.188025822860828917e+01
1.188052220523506541e+01
1.188025763538298740e+01
1.188052906468642256e+01
1.188024391702994897e+01
1.188053884721465892e+01
1.188024694941889514e+01
1.188052706056080154e+01
1.188025554895254920e+01
1.188052667325259648e+01
1.188025577607960770e+01
1.188051550642178000e+01
1.188027814037317320e+01
1.188049295778248826e+01
1.188029211823810272e+01
1.188048337248439879e+01
1.188030909024522863e+01
1.188045447220692097e+01
1.188034138068540457e+01
1.188043002915440560e+01
1.188035770012068681e+01
1.188041102256288006e+01
1.188038760332438848e+01
1.188037507824235917e+01
1.188041745168780494e+01
1.188035599553464294e+01
1.188043410787368792e+01
1.188033103388819356e+01
1.188046690605762734e+01
1.188030171714552630e+01
1.188048433852736530e+01
1.188029144864209918e+01
1.188049920818580318e+01
1.188026799065871764e+01
1.188052236478769430e+01
1.188025607745554524e+01
1.188052347601135494e+01
1.188025460248763743e+01
1.188053321200398749e+01
1.188024181978889082e+01
1.188053710844379651e+01
1.188025069731645900e+01
1.188052445330075635e+01
1.188025642283582606e+01
1.188052485973339145e+01
1.188026114223521823e+01
1.188050734593644897e+01
1.188028587865506047e+01
1.188048738948582006e+01
1.188029732584578113e+01
1.188047545158523022e+01
1.188032014389808211e+01
1.188044311280006404e+01
1.188035038982514280e+01
1.188042267483142922e+01
1.188036651026768808e+01
1.188039921605310489e+01
1.188040037029255203e+01
1.188036453466366638e+01
1.188042525871360766e+01
1.188034820831966876e+01
1.188044432851453536e+01
1.188031933530506734e+01
1.188047682333361799e+01
1.188029522354084122e+01
1.188048935464906819e+01
1.188028488361581125e+01
1.188050758844459942e+01
1.188026066815347725e+01
1.188052609153408490e+01
1.188025503663563853e+01
1.188052500918953847e+01
1.188025112427283858e+01
1.188053655806199593e+01
1.188024168175151907e+01
1.188053378524612924e+01
1.188025459275829476e+01
1.188052242124092928e+01
1.188025758173839286e+01
1.188052139417546016e+01
1.188026829554034514e+01
1.188049869717051266e+01
1.188029294565153293e+01
1.188048213893859995e+01
1.188030360200992241e+01
1.188046583362981679e+01
1.188033191766528596e+01
1.188043246392937391e+01
1.188035848894138624e+01
1.188041501634160468e+01
1.188037666187101316e+01
1.188038658183847751e+01
1.188041246791296146e+01
1.188035538118730550e+01
1.188043255239934659e+01
1.188033962972792068e+01
1.188045536595055651e+01
1.188030816793430233e+01
1.188048507237183848e+01
1.188028997774339146e+01
1.188049451718758043e+01
1.188027760756122930e+01
1.188051567386424523e+01
1.188025502996796945e+01
1.188052804240118832e+01
1.188025448035274678e+01
1.188052708568573479e+01
1.188024762249840016e+01
1.188053848251207079e+01
1.188024355368505525e+01
1.188052946127123555e+01
1.188025814172012140e+01
1.188052077643822635e+01
1.188025965096859160e+01
1.188051601487342168e+01
1.188027677667921189e+01
1.188049019728929423e+01
1.188029926985542595e+01
1.188047666223670085e+01
1.188031138412846843e+01
1.188045478755704565e+01
1.188034372308709585e+01
1.188042284433692153e+01
1.188036606684189600e+01
1.188040649879936694e+01
1.188038811687514240e+01
1.188037375981095423e+01
1.188042337829543271e+01
1.188034743547363803e+01
1.188043993073560678e+01
1.188033005824302357e+01
1.188046672211305754e+01
1.188029817284132150e+01
1.188049160691427453e+01
1.188028541902274426e+01
1.188050024201127997e+01
1.188026990340465261e+01
1.188052279325028415e+01
1.188025134186740672e+01
1.188052866516984984e+01
1.188025383449613237e+01
1.188052967939055904e+01
1.188024470229624185e+01
1.188053853870088439e+01
1.188024716231917921e+01
1.188052478929220790e+01
1.188026110915687639e+01
1.188051906511503830e+01
1.188026319537592990e+01
1.188050878226238538e+01
1.188028594648511316e+01
1.188048230867270760e+01
1.188030509095692366e+01
1.188047035371477733e+01
1.188032083473738787e+01
1.188044284721194543e+01
1.188035493799386444e+01
1.188041425966961206e+01
1.188037368788486425e+01
1.188039675646738758e+01
1.188040052459515294e+01
1.188036144142296280e+01
1.188043285444653030e+01
1.188034025019259765e+01
1.188044791463429561e+01
1.188031960869316528e+01
1.188047773697801901e+01
1.188028980049996086e+01
1.188049669817740472e+01
1.188028094091176001e+01
1.188050666919557230e+01
1.188026230378286563e+01
1.188052835858765199e+01
1.188024954432463787e+01
1.188052856933301804e+01
1.188025272176375857e+01
1.188053246166519017e+01
1.188024300513470877e+01
1.188053656752272147e+01
1.188025197954653223e+01
1.188052033160881393e+01
1.188026357283562717e+01
1.188051668236274061e+01
1.188026857056666508e+01
1.188050006876469844e+01
1.188029513774370471e+01
1.188047521427482778e+01
1.188031089383984629e+01
1.188046270907316604e+01
1.188033179122495220e+01
1.188043068880241115e+01
1.188036514693658496e+01
1.188040641050465673e+01
1.188038193716681157e+01
1.188038571643639862e+01
1.188041329798399381e+01
1.188035021321640627e+01
1.188044097171065339e+01
1.188033323780145167e+01
1.188045680554475858e+01
1.188030869285813473e+01
1.188048773887034670e+01
1.188028320705748442e+01
1.188050085733069494e+01
1.188027605258477415e+01
1.188051362286799950e+01
1.188025546830294488e+01
1.188053200666568010e+01
1.188024927181328216e+01
1.188052836838263637e+01
1.188025105537066395e+01
1.188053487927444252e+01
1.188024304898991090e+01
1.188053273907293850e+01
1.188025735453948784e+01
1.188051642595652169e+01
1.188026590148370509e+01
1.188051302762933403e+01
1.188027582616080302e+01
1.188049047053470275e+01
1.188030381055483353e+01
1.188046878031192577e+01
1.188031727907949531e+01
1.188045346396602930e+01
1.188034379786720152e+01
1.188041897626797372e+01
1.188037423244437285e+01
1.188039877751569406e+01
1.188039125950267660e+01
1.188037362693700594e+01
1.188042574582613575e+01
1.188034042428860815e+01
1.188044809897694876e+01
1.188032583168713963e+01
1.188046660080180317e+01
1.188029792854366740e+01
1.188049619941453727e+01
1.188027822265981293e+01
1.188050469655595975e+01
1.188027050782048732e+01
1.188052064822233866e+01
1.188025002788401885e+01
1.188053368712701818e+01
1.188024995009095264e+01
1.188052852479986043e+01
1.188024906115681034e+01
1.188053628870118139e+01
1.188024509626008829e+01
1.188052751032292420e+01
1.188026267318512907e+01
1.188051310738704025e+01
1.188026866092332945e+01
1.188050766262020019e+01
1.188028468721823927e+01
1.188048066613014520e+01
1.188031167518591857e+01
1.188046259647918212e+01
1.188032480119767342e+01
1.188044267082713823e+01
1.188035620941579751e+01
1.188040821094607935e+01
1.188038239447244138e+01
1.188039076439680208e+01
1.188040183524312532e+01
1.188036100594174727e+01
1.188043722915221245e+01
1.188033210987922850e+01
1.188045479434594576e+01
1.188031764055000394e+01
1.188047698569041444e+01
1.188028799928754431e+01
1.188050285635491932e+01
1.188027440243248201e+01
1.188050876615947793e+01
1.188026437081349762e+01
1.188052711595112854e+01
1.188024643259605995e+01
1.188053367194536136e+01
1.188025094497360890e+01
1.188052923561208729e+01
1.188024722402202293e+01
1.188053611617730887e+01
1.188024908513027356e+01
1.188052151108069232e+01
1.188026750478633886e+01
1.188051010346756442e+01
1.188027246845819462e+01
1.188050042976267484e+01
1.188029461758397431e+01
1.188047125829525896e+01
1.188031875463703813e+01
1.188045608651903429e+01
1.188033381698287805e+01
1.188043069472722735e+01
1.188036833859436925e+01
1.188039861992024271e+01
1.188039009046628713e+01
1.188038186180660105e+01
1.188041352465237033e+01
1.188034852535662367e+01
1.188044730605449750e+01
1.188032499219046834e+01
1.188046165169531143e+01
1.188030855581766687e+01
1.188048740145411131e+01
1.188027949665026561e+01
1.188050777230065336e+01
1.188027114795703909e+01
1.188051341058888255e+01
1.188025800557586464e+01
1.188053237046768196e+01
1.188024484158370875e+01
1.188053248259564931e+01
1.188025172281563435e+01
1.188053038414670581e+01
1.188024617022298202e+01
1.188053400397025072e+01
1.188025464350575611e+01
1.188051538968731791e+01
1.188027170209944217e+01
1.188050690489851036e+01
1.188027783075778920e+01
1.188049149902338542e+01
1.188030494657768443e+01
1.188046263616809917e+01
1.188032537140063738e+01
1.188044866347400408e+01
1.188034438456779363e+01
1.188041813199882846e+01
1.188037961196491210e+01
1.188039011001251311e+01
1.188039790848623056e+01
1.188037178848677478e+01
1.188042589263779192e+01
1.188033685914680504e+01
1.188045583067131972e+01
1.188031856094484873e+01
1.188046913921688663e+01
1.188029878670030648e+01
1.188049717176599529e+01
1.188027278199521319e+01
1.188051131169690855e+01
1.188026786670299906e+01
1.188051867851797994e+01
1.188025199296411394e+01
1.188053588784494963e+01
1.188024508526411438e+01
1.188053075480112142e+01
1.188025198234452162e+01
1.188053156790649290e+01
1.188024651171300405e+01
1.188052990397487996e+01
1.188026118117885233e+01
1.188050965788388957e+01
1.188027543259882179e+01
1.188050289683978811e+01
1.188028500760932893e+01
1.188048133137128914e+01
1.188031502559939590e+01
1.188045488920695547e+01
1.188033205896082656e+01
1.188043988983845800e+01
1.188035623921372697e+01
1.188040567438329376e+01
1.188038969850078708e+01
1.188038230095057379e+01
1.188040640545332671e+01
1.188036057263713552e+01
1.188043830493732855e+01
1.188032653024379570e+01
1.188046298033096448e+01
1.188031221417602623e+01
1.188047747242968555e+01
1.188028881726802943e+01
1.188050565856630669e+01
1.188026790283683631e+01
1.188051404040797365e+01
1.188026412693714384e+01
1.188052430657599245e+01
1.188024699416043184e+01
1.188053740456704332e+01
1.188024671123193343e+01
1.188052907759068688e+01
1.188025172759868298e+01
1.188053219652863746e+01
1.188024869024200569e+01
1.188052409260162889e+01
1.188026803445563218e+01
1.188050457143895677e+01
1.188027913321020534e+01
1.188049752015826144e+01
1.188029393835457803e+01
1.188047057069153567e+01
1.188032437681446218e+01
1.188044779341543489e+01
1.188033941757615253e+01
1.188042959969109802e+01
1.188036884979506169e+01
1.188039395203415793e+01
1.188039858068547083e+01
1.188037463217456668e+01
1.188041595364205349e+01
1.188034855463491724e+01
1.188045007124696184e+01
1.188031779197697624e+01
1.188046920102070558e+01
1.188030542188944239e+01
1.188048655264376841e+01
1.188027929760284351e+01
1.188051241134696845e+01
1.188026458733629553e+01
1.188051657468651534e+01
1.188025976911406545e+01
1.188052977869816829e+01
1.188024359145798670e+01
1.188053698251706791e+01
1.188024910158063108e+01
1.188052784778077253e+01
1.188025126658737562e+01
1.188053163835393988e+01
1.188025286200204000e+01
1.188051710323868804e+01
1.188027462531002065e+01
1.188050007328621049e+01
1.188028339700847802e+01
1.188049042134440647e+01
1.188030425016049385e+01
1.188045989355472898e+01
1.188033280004999526e+01
1.188044087537103088e+01
1.188034795071994232e+01
1.188041795062124528e+01
1.188038153918119200e+01
1.188038339152529410e+01
1.188040654905975124e+01
1.188036651727165172e+01
1.188042663594512582e+01
1.188033631351545694e+01
1.188046060205675047e+01
1.188031057418096026e+01
1.188047508343107239e+01
1.188029786902745855e+01
1.188049598343035740e+01
1.188027089427654914e+01
1.188051727316045891e+01
1.188026232033393370e+01
1.188051942018929275e+01
1.188025494856267272e+01
1.188053444722084784e+01
1.188024214491859709e+01
1.188053499132581337e+01
1.188025162957332626e+01
1.188052717412930726e+01
1.188025113599260507e+01
1.188052938107544598e+01
1.188025885439868823e+01
1.188050959581995691e+01
1.188028059655890267e+01
1.188049581247053865e+01
1.188028881757926492e+01
1.188048155071996526e+01
1.188031534403740785e+01
1.188044985376911100e+01
1.188034041311124334e+01
1.188043354086812720e+01
1.188035792572524585e+01
1.188040539387357697e+01
1.188039363794511516e+01
1.188037412183955688e+01
1.188041411848954887e+01
1.188035750526915812e+01
1.188043821538218126e+01
1.188032453686165368e+01
1.188046954306654790e+01
1.188030451013040434e+01
1.188048120222378046e+01
1.188028954169512375e+01
1.188050515893090520e+01
1.188026413423480676e+01
1.188052041444383455e+01
1.188026048113226807e+01
1.188052284219315524e+01
1.188025010159675077e+01
1.188053768853385428e+01
1.188024270252185133e+01
1.188053201249923774e+01
1.188025381469160102e+01
1.188052685209879300e+01
1.188025196786280269e+01
1.188052516539136860e+01
1.188026620655174881e+01
1.188050219847273326e+01
1.188028589255015000e+01
1.188049123627065384e+01
1.188029583024442815e+01
1.188047118272143621e+01
1.188032653443254816e+01
1.188044075751728812e+01
1.188034761408345119e+01
1.188042523676238460e+01
1.188036929563032373e+01
1.188039257322983921e+01
1.188040463553441661e+01
1.188036595234824588e+01
1.188042188568533675e+01
1.188034740578445891e+01
1.188045018371099282e+01
1.188031386464040295e+01
1.188047685417520327e+01
1.188029903962247680e+01
1.188048796159124620e+01
1.188028073770628978e+01
1.188051340291191948e+01
1.188025927984946506e+01
1.188052228355268269e+01
1.188025850583407994e+01
1.188052679739500306e+01
1.188024584343359535e+01
1.188053905654826004e+01
1.188024498900390746e+01
1.188052869192012118e+01
1.188025543854193167e+01
1.188052641464780201e+01
1.188025432895402744e+01
1.188051905533104069e+01
1.188027428141266917e+01
1.188049536022133523e+01
1.188029076707740828e+01
1.188048573535653318e+01
1.188030459247089432e+01
1.188045985457865861e+01
1.188033720700848406e+01
1.188043259779528427e+01
1.188035497190484868e+01
1.188041560340064962e+01
1.188038170110758784e+01
1.188038017913441813e+01
1.188041429421283190e+01
1.188035843099311961e+01
1.188043036523647267e+01
1.188033634641490899e+01
1.188046187496933115e+01
1.188030474272321158e+01
1.188048281086004287e+01
1.188029356169499096e+01
1.188049548666069732e+01
1.188027200155752006e+01
1.188052012695093396e+01
1.188025626814091140e+01
1.188052348638069944e+01
1.188025603181566581e+01
1.188053094139248245e+01
1.188024282051962643e+01
1.188053839471776207e+01
1.188024847701131215e+01
1.188052557995657565e+01
1.188025659589672856e+01
1.188052524850720282e+01
1.188025857314040401e+01
1.188051142600477661e+01
1.188028241880022051e+01
1.188048924856796162e+01
1.188029571512486093e+01
1.188047880649881627e+01
1.188031493552599827e+01
1.188044824173724479e+01
1.188034695772016569e+01
1.188042506506160301e+01
1.188036307113714685e+01
1.188040457682494733e+01
1.188039454928061289e+01
1.188036879253381883e+01
1.188042269786366845e+01
1.188035097023106168e+01
1.188043984801764807e+01
1.188032475059278070e+01
1.188047261655913545e+01
1.188029732142310380e+01
1.188048792492642391e+01
1.188028759603357010e+01
1.188050358590142253e+01
1.188026399993115945e+01
1.188052497042507660e+01
1.188025473210490546e+01
1.188052462776842155e+01
1.188025298941523467e+01
1.188053470911428988e+01
1.188024155147129157e+01
1.188053587566933089e+01
1.188025252081611249e+01
1.188052299857296390e+01
1.188025766993630228e+01
1.188052274983692058e+01
1.188026474638719421e+01
1.188050287322101894e+01
1.188029009057607333e+01
1.188048371509563239e+01
1.188030134231639678e+01
1.188047019000341287e+01
1.188032639886106701e+01
1.188043700237274969e+01
1.188035568152267274e+01
1.188041763418498320e+01
1.188037235136181557e+01
1.188039241485298625e+01
1.188040714772344586e+01
1.188035875418304954e+01
1.188043022097897072e+01
1.188034300855206560e+01
1.188045031834618825e+01
1.188031324413274881e+01
1.188048188330025390e+01
1.188029142617088851e+01
1.188049280444855249e+01
1.188028091084912496e+01
1.188051179104759569e+01
1.188025736589628245e+01
1.188052788641558344e+01
1.188025409968900803e+01
1.188052615670554069e+01
1.188024962112563898e+01
1.188053745029656127e+01
1.188024229661901998e+01
1.188053195686521946e+01
1.188025651648040437e+01
1.188052096573327709e+01
1.188025923639574444e+01
1.188051848121037324e+01
1.188027257021816574e+01
1.188049407055560458e+01
1.188029702170466706e+01
1.188047833822978205e+01
1.188030820324128101e+01
1.188045994478708600e+01
1.188033833594964150e+01
1.188042662788131310e+01
1.188036358906908063e+01
1.188040970812052244e+01
1.188038298419761141e+01
1.188037964304884220e+01
1.188041886113970769e+01
1.188035009079599291e+01
1.188043742287887383e+01
1.188033416440520718e+01
1.188046144867924703e+01
1.188030251362526002e+01
1.188048941818758486e+01
1.188028661042056733e+01
1.188049799050438793e+01
1.188027358641249798e+01
1.188051946372024936e+01
1.188025254801697983e+01
1.188052914908810997e+01
1.188025374372499421e+01
1.188052825349592467e+01
1.188024642525400765e+01
1.188053858917584193e+01
1.188024499134004230e+01
1.188052726475697440e+01
1.188026004787512591e+01
1.188051919358342445e+01
1.188026191734166659e+01
1.188051228853476005e+01
1.188028150725177667e+01
1.188048561080131371e+01
1.188030325001464504e+01
1.188047253527670755e+01
1.188031665066790588e+01
1.188044844197013994e+01
1.188035006312291486e+01
1.188041733347279028e+01
1.188037114470003708e+01
1.188040078173197145e+01
1.188039481970259104e+01
1.188036693673674549e+01
1.188042925478190526e+01
1.188034251826586996e+01
1.188044489360684963e+01
1.188032434215646660e+01
1.188047267034901289e+01
1.188029314910493639e+01
1.188049528876298844e+01
1.188028227848045582e+01
1.188050381387986398e+01
1.188026600152610790e+01
1.188052594434173237e+01
1.188024970228396704e+01
1.188052927902904976e+01
1.188025314262819343e+01
1.188053078423941500e+01
1.188024403658172723e+01
1.188053776938346751e+01
1.188024926203491560e+01
1.188052243935824137e+01
1.188026298455368668e+01
1.188051716143094794e+01
1.188026621962932339e+01
1.188050434593233362e+01
1.188029088976487380e+01
1.188047786948064477e+01
1.188030911020160474e+01
1.188046571796399320e+01
1.188032673616467250e+01
1.188043628108997218e+01
1.188036101517695897e+01
1.188040901492680135e+01
1.188037893847974935e+01
1.188039058200048892e+01
1.188040741370010878e+01
1.188035496830680771e+01
1.188043819101270770e+01
1.188033552394345627e+01
1.188045309259159410e+01
1.188031376470815736e+01
1.188048330183361934e+01
1.188028550757009505e+01
1.188049986201347252e+01
1.188027784562548916e+01
1.188051030709070410e+01
1.188025874800944059e+01
1.188053070922072152e+01
1.188024865644340267e+01
1.188052890657687044e+01
1.188025201109722140e+01
1.188053333164843117e+01
1.188024307057872697e+01
1.188053494567055957e+01
1.188025452023706308e+01
1.188051797929507458e+01
1.188026551005941123e+01
1.188051424815219903e+01
1.188027239998822004e+01
1.188049511700669214e+01
1.188030007713509839e+01
1.188047092134518756e+01
1.188031514349206041e+01
1.188045745197415570e+01
1.188033818802616537e+01
1.188042415249137562e+01
1.188037087209313647e+01
1.188040128410642637e+01
1.188038752425338451e+01
1.188037914765131475e+01
1.188042012641441048e+01
1.188034425501667535e+01
1.188044585394195529e+01
1.188032850837880972e+01
1.188046222277239572e+01
1.188030292774012153e+01
1.188049270477898389e+01
1.188027963164435086e+01
1.188050370238739539e+01
1.188027289272880260e+01
1.188051719093969361e+01
1.188025249296657293e+01
1.188053349747832144e+01
1.188024895784910662e+01
1.188052861026012508e+01
1.188025037060278954e+01
1.188053529508847106e+01
1.188024396857341358e+01
1.188053039676936962e+01
1.188026010867727500e+01
1.188051412416564823e+01
1.188026807400213158e+01
1.188050989323050288e+01
1.188028039326623642e+01
1.188048524465409095e+01
1.188030860375839737e+01
1.188046452946255194e+01
1.188032195276021596e+01
1.188044757776726534e+01
1.188035047021508461e+01
1.188041268002969986e+01
1.188037962743659293e+01
1.188039357719357803e+01
1.188039726674858443e+01
1.188036682938163402e+01
1.188043226694410492e+01
1.188033504258162054e+01
1.188045269294600814e+01
1.188032094916559522e+01
1.188047217123851240e+01
1.188029248864667942e+01
1.188050043192713900e+01
1.188027524626996723e+01
1.188050741979257729e+01
1.188026727612657396e+01
1.188052393665825868e+01
1.188024781995663481e+01
1.188053437392742495e+01
1.188024999239808466e+01
1.188052877195292822e+01
1.188024854504445393e+01
1.188053603777636624e+01
1.188024688411763563e+01
1.188052465582405759e+01
1.188026546075859180e+01
1.188051080048678720e+01
1.188027127724749654e+01
1.188050374557874811e+01
1.188028982285943336e+01
1.188047539955016063e+01
1.188031628369967940e+01
1.188045821143543890e+01
1.188033003927760944e+01
1.188043626055523561e+01
1.188036290483006852e+01
1.188040228046519786e+01
1.188038758036452869e+01
1.188038530962004202e+01
1.188040823831096660e+01
1.188035421370237721e+01
1.188044324975831856e+01
1.188032725381484767e+01
1.188045929748980711e+01
1.188031254316426200e+01
1.188048252851886843e+01
1.188028311627915024e+01
1.188050633092714747e+01
1.188027183649770180e+01
1.188051150850157534e+01
1.188026116766794082e+01
1.188052988871638149e+01
1.188024508719348660e+01
1.188053370940239439e+01
1.188025114216155309e+01
1.188052948311481316e+01
1.188024708299992405e+01
1.188053504671004745e+01
1.188025164174103310e+01
1.188051837823948276e+01
1.188027023449335395e+01
1.188050764349261357e+01
1.188027571608316535e+01
1.188049576010377528e+01
1.188030008895336742e+01
1.188046612492501808e+01
1.188032324812775542e+01
1.188045136910344546e+01
1.188033966441446054e+01
1.188042395800390238e+01
1.188037482666303291e+01
1.188039307196005723e+01
1.188039525016272080e+01
1.188037603704763967e+01
1.188042019072818078e+01
1.188034199101749522e+01
1.188045272728929547e+01
1.188032051772681719e+01
1.188046623590402362e+01
1.188030329088891790e+01
1.188049267943025988e+01
1.188027533573052352e+01
1.188051057590040571e+01
1.188026878648852325e+01
1.188051621848425299e+01
1.188025501788604288e+01
1.188053442060800435e+01
1.188024433973094851e+01
1.188053208311026765e+01
1.188025194024682030e+01
1.188053052249548358e+01
1.188024662331227610e+01
1.188053206479013646e+01
1.188025777952874584e+01
1.188051218255236208e+01
1.188027439063315605e+01
1.188050409119376205e+01
1.188028182424835322e+01
1.188048621593021181e+01
1.188031050977373226e+01
1.188045771353098345e+01
1.188032990515082332e+01
1.188044345039583405e+01
1.188035077323448974e+01
1.188041131676725470e+01
1.188038573351344596e+01
1.188038485471327377e+01
1.188040323295189005e+01
1.188036557936255022e+01
1.188043260654515798e+01
1.188033079923743607e+01
1.188046066642811027e+01
1.188031427408807872e+01
1.188047390132709857e+01
1.188029350433379427e+01
1.188050194340999610e+01
1.188026940535743492e+01
1.188051361606154543e+01
1.188026554231247012e+01
1.188052148955891596e+01
1.188024945176388059e+01
1.188053708709834488e+01
1.188024530036535431e+01
1.188053013385458634e+01
1.188025218505321767e+01
1.188053140966125731e+01
1.188024773473624407e+01
1.188052715924885661e+01
1.188026466314361329e+01
1.188050650386117191e+01
1.188027819762577764e+01
1.188049953015960547e+01
1.188028975479362259e+01
1.188047565278586148e+01
1.188032047969510252e+01
1.188045014485369677e+01
1.188033682896388932e+01
1.188043410097047392e+01
1.188036299877640545e+01
1.188039902526765523e+01
1.188039539789609123e+01
1.188037717117407688e+01
1.188041203772895216e+01
1.188035407600232674e+01
1.188044481480362435e+01
1.188032107869858578e+01
1.188046734759365108e+01
1.188030792691905901e+01
1.188048240460377691e+01
1.188028373917806491e+01
1.188050973231581153e+01
1.188026525827303992e+01
1.188051605389605925e+01
1.188026175575675758e+01
1.188052696183843970e+01
1.188024512041481806e+01
1.188053773433312443e+01
1.188024744268908250e+01
1.188052839988327314e+01
1.188025198853738296e+01
1.188053152286552105e+01
1.188025076962549242e+01
1.188052070733148646e+01
1.188027164004275171e+01
1.188050149361551711e+01
1.188028216106894774e+01
1.188049345773274901e+01
1.188029933367510438e+01
1.188046474444866973e+01
1.188032960697505303e+01
1.188044309843549939e+01
1.188034460426470673e+01
1.188042326491489220e+01
1.188037574335898228e+01
1.188038765783636741e+01
1.188040391314626376e+01
1.188036943311244720e+01
1.188042194561380249e+01
1.188034196111525986e+01
1.188045614291607421e+01
1.188031297303449385e+01
1.188047328376942069e+01
1.188030100585645776e+01
1.188049153920967349e+01
1.188027466851916358e+01
1.188051568872145580e+01
1.188026252572038644e+01
1.188051848577188174e+01
1.188025737402637461e+01
1.188053205867386275e+01
1.188024254283895154e+01
1.188053653740764304e+01
1.188025012632196287e+01
1.188052718718712342e+01
1.188025174852986510e+01
1.188053025484856740e+01
1.188025577068363958e+01
1.188051330386341320e+01
1.188027819446698885e+01
1.188049698815601118e+01
1.188028689211611599e+01
1.188048561823148574e+01
1.188031009642524083e+01
1.188045414241958042e+01
1.188033779989222261e+01
1.188043604262469799e+01
1.188035366615287636e+01
1.188041120863683453e+01
1.188038831436278642e+01
1.188037754587763217e+01
1.188041166014821037e+01
1.188036108342699393e+01
1.188043292879912727e+01
1.188032986760794962e+01
1.188046606981402675e+01
1.188030630226455031e+01
1.188047907940247505e+01
1.188029329293595815e+01
1.188050082405362851e+01
1.188026692692997521e+01
1.188051976960058731e+01
1.188026063768341523e+01
1.188052134738486743e+01
1.188025265604745684e+01
1.188053612330780240e+01
1.188024197717639296e+01
1.188053395405048107e+01
1.188025275775379086e+01
1.188052649640476943e+01
1.188025205086314351e+01
1.188052716882826587e+01
1.188026245646465995e+01
1.188050561677942518e+01
1.188028406672366621e+01
1.188049255406257565e+01
1.188029294593789587e+01
1.188047607625398250e+01
1.188032139617379812e+01
1.188044432722621480e+01
1.188034528064194006e+01
1.188042837895859094e+01
1.188036417839319014e+01
1.188039846426823942e+01
1.188040008118211688e+01
1.188036870663862210e+01
1.188041920012922681e+01
1.188035174954595874e+01
1.188044464782624843e+01
1.188031848421855585e+01
1.188047434458925800e+01
1.188030061763047485e+01
1.188048526684176842e+01
1.188028488389049819e+01
1.188050961229693669e+01
1.188026096088223760e+01
1.188052225157700370e+01
1.188025897389328023e+01
1.188052480251097620e+01
1.188024811334208053e+01
1.188053857820076864e+01
1.188024335606490567e+01
1.188053060705280828e+01
1.188025493568476243e+01
1.188052602399981339e+01
1.188025352254891587e+01
1.188052211380076884e+01
1.188027028903294813e+01
1.188049822825273338e+01
1.188028931013279177e+01
1.188048760167581541e+01
1.188030067191425942e+01
1.188046520805483830e+01
1.188033255379570541e+01
1.188043550127242831e+01
1.188035252121573748e+01
1.188041960577711897e+01
1.188037598181780474e+01
1.188038570953470519e+01
1.188041061724201342e+01
1.188036084888419630e+01
1.188042711996342327e+01
1.188034134792570740e+01
1.188045652500902349e+01
1.188030839856155296e+01
1.188048104042221986e+01
1.188029532571940017e+01
1.188049216375653572e+01
1.188027617172751604e+01
1.188051724097038075e+01
1.188025692276188927e+01
1.188052365446754877e+01
1.188025702469683154e+01
1.188052870018525908e+01
1.188024438902766633e+01
1.188053906845708241e+01
1.188024630464571096e+01
1.188052712778132047e+01
1.188025654675907994e+01
1.188052523763540336e+01
1.188025667087464576e+01
1.188051526747069353e+01
1.188027860432924676e+01
1.188049149949782901e+01
1.188029427222982548e+01
1.188048154087601205e+01
1.188031011583947461e+01
1.188045361541888312e+01
1.188034301326843512e+01
1.188042754840612147e+01
1.188036011437628758e+01
1.188040945745816934e+01
1.188038862418665431e+01
1.188037361423743121e+01
1.188041979408913740e+01
1.188035345689611155e+01
1.188043587103764764e+01
1.188033011428335328e+01
1.188046787450561936e+01
1.188029996242984154e+01
1.188048652738121547e+01
1.188028984917117370e+01
1.188049978706655807e+01
1.188026775867220763e+01
1.188052318717596023e+01
1.188025463737989895e+01
1.188052460328272275e+01
1.188025452063077481e+01
1.188053260846115045e+01
1.188024210192022245e+01
1.188053755161195468e+01
1.188025023654332912e+01
1.188052400142250065e+01
1.188025779091293721e+01
1.188052350966854220e+01
1.188026174990487860e+01
1.188050709537574079e+01
1.188028677042190040e+01
1.188048548984636099e+01
1.188029950256641420e+01
1.188047393991196721e+01
1.188032099995904467e+01
1.188044198633283877e+01
1.188035246653832466e+01
1.188042007182558102e+01
1.188036861160693114e+01
1.188039798229898736e+01
1.188040146122533969e+01
1.188036268894720138e+01
1.188042780345855576e+01
1.188034593309903109e+01
1.188044564451080376e+01
1.188031855504647361e+01
1.188047805853217653e+01
1.188029321284062512e+01
1.188049136891749313e+01
1.188028378098498550e+01
1.188050784228686396e+01
1.188026031720432130e+01
1.188052719311389005e+01
1.188025365175228565e+01
1.188052566610890892e+01
1.188025150049412204e+01
1.188053591655678254e+01
1.188024169284079790e+01
1.188053430845739733e+01
1.188025450129356386e+01
1.188052145105321422e+01
1.188025913076083029e+01
1.188052027792736354e+01
1.188026869056834123e+01
1.188049823867240562e+01
1.188029433466948248e+01
1.188047994873507207e+01
1.188030560719360018e+01
1.188046464485407583e+01
1.188033278429985273e+01
1.188043093738551548e+01
1.188036091917871495e+01
1.188041250373787605e+01
1.188037837089876270e+01
1.188038554030995364e+01
1.188041380244112588e+01
1.188035317079192055e+01
1.188043509882424154e+01
1.188033776200308012e+01
1.188045631409222658e+01
1.188030733408196937e+01
1.188048663390653914e+01
1.188028787097119299e+01
1.188049616897905203e+01
1.188027699287445316e+01
1.188051578845185929e+01
1.188025443163034822e+01
1.188052932678769835e+01
1.188025335557326301e+01
1.188052720994391187e+01
1.188024830400931009e+01
1.188053798268319738e+01
1.188024331277852141e+01
1.188052987150232553e+01
1.188025854411202964e+01
1.188051938639025629e+01
1.188026117525574676e+01
1.188051519335389727e+01
1.188027711320926016e+01
1.188048936138071632e+01
1.188030112613068212e+01
1.188047438415307333e+01
1.188031308580205980e+01
1.188045382762643953e+01
1.188034479117239428e+01
1.188042087454338791e+01
1.188036867980401112e+01
1.188040426071654210e+01
1.188038945497264542e+01
1.188037272447030368e+01
1.188042506728626435e+01
1.188034497469413608e+01
1.188044226904932898e+01
1.188032865164183960e+01
1.188046745810074967e+01
1.188029712169078778e+01
1.188049345359183384e+01
1.188028342168136042e+01
1.188050141086740119e+01
1.188026967272286782e+01
1.188052296265697727e+01
1.188025045789052392e+01
1.188052996031261976e+01
1.188025313973096431e+01
1.188052930899367432e+01
1.188024549159452370e+01
1.188053829320228694e+01
1.188024678365802700e+01
1.188052489118305921e+01
1.188026203861097940e+01
1.188051742847102332e+01
1.188026452369634711e+01
1.188050821487028408e+01
1.188028641797674823e+01
1.188048099537841829e+01
1.188030729008632314e+01
1.188046819339100857e+01
1.188032219455342364e+01
1.188044195133117853e+01
1.188035636057089484e+01
1.188041190418821103e+01
1.188037627286252906e+01
1.188039490428403688e+01
1.188040160537413392e+01
1.188036022701007077e+01
1.188043491590225464e+01
1.188033772467279903e+01
1.188044987676032349e+01
1.188031861614342333e+01
1.188047845283479376e+01
1.188028844031012987e+01
1.188049869594346397e+01
1.188027925365387105e+01
1.188050732968767953e+01
1.188026228483192348e+01
1.188052873597435166e+01
1.188024843785418305e+01
1.188052967055620002e+01
1.188025255095820043e+01
1.188053172530275958e+01
1.188024370883026926e+01
1.188053659313359667e+01
1.188025164295068770e+01
1.188051997599897547e+01
1.188026496238428287e+01
1.188051500567880403e+01
1.188026960864158532e+01
1.188049962555934158e+01
1.188029592767721176e+01
1.188047341918938749e+01
1.188031324536167688e+01
1.188046082483010935e+01
1.188033287143446870e+01
1.188042966449464011e+01
1.188036699963999432e+01
1.188040381646410282e+01
1.188038429458443979e+01
1.188038426371217327e+01
1.188041429643395830e+01
1.188034868279068412e+01
1.188044332305882023e+01
1.188033085985641080e+01
1.188045830473074815e+01
1.188030798088853679e+01
1.188048861419414060e+01
1.188028154356730681e+01
1.188050281142098719e+01
1.188027482257889034e+01
1.188051384881322292e+01
1.188025546351890682e+01
1.188053266442699041e+01
1.188024809231053069e+01
1.188052908916750106e+01
1.188025140446217343e+01
1.188053396503524972e+01
1.188024352644983317e+01
1.188053295263635256e+01
1.188025725952182121e+01
1.188051554666148490e+01
1.188026759898443885e+01
1.188051150013309609e+01
1.188027657929128189e+01
1.188048996682836744e+01
1.188030504620745198e+01
1.188046659799094407e+01
1.188031957204270128e+01
1.188045192870696631e+01
1.188034474283879582e+01
1.188041765251900195e+01
1.188037649212870051e+01
1.188039614755274087e+01
1.188039324911761163e+01
1.188037248931665602e+01
1.188042685318066560e+01
1.188033852563839687e+01
1.188045057485953748e+01
1.188032378866177297e+01
1.188046765026850871e+01
1.188029731197235073e+01
1.188049735508933047e+01
1.188027636011157284e+01
1.188050639939356756e+01
1.188026979427693952e+01
1.188052059327093346e+01
1.188024986414290751e+01
1.188053459710583581e+01
1.188024889587298105e+01
1.188052874220384858e+01
1.188024982943646357e+01
1.188053539796131197e+01
1.188024529538315832e+01
1.188052775064561217e+01
1.188026298897105448e+01
1.188051173807434324e+01
1.188027046504738493e+01
1.188050640933583502e+01
1.188028525702326021e+01
1.188047990994486725e+01
1.188031339495920768e+01
1.188046019965941902e+01
1.188032685559534229e+01
1.188044145627872439e+01
1.188035720729417122e+01
1.188040648211417150e+01
1.188038494174156767e+01
1.188038830783483313e+01
1.188040340867018330e+01
1.188036002498095378e+01
1.188043860401236529e+01
1.188032989160715225e+01
1.188045718607621737e+01
1.188031605004610114e+01
1.188047769261122077e+01
1.188028728815929824e+01
1.188050432199365147e+01
1.188027251905253756e+01
1.188051004803849864e+01
1.188026413244373103e+01
1.188052697520829426e+01
1.188024600571706557e+01
1.188053471163332730e+01
1.188025021364380862e+01
1.188052891960457558e+01
1.188024823843992905e+01
1.188053541337948538e+01
1.188024905535117171e+01
1.188052158046598983e+01
1.188026832843181424e+01
1.188050837082517219e+01
1.188027417765525051e+01
1.188049948106087506e+01
1.188029517429215431e+01
1.188047009888655481e+01
1.188032089637460054e+01
1.188045368534405988e+01
1.188033552735432252e+01
1.188042968156140589e+01
1.188036957299679131e+01
1.188039647433053503e+01
1.188039273656101358e+01
1.188037974390336338e+01
1.188041473424025263e+01
1.188034750973784703e+01
1.188044903293537935e+01
1.188032259454143968e+01
1.188046375807911481e+01
1.188030743918003118e+01
1.188048793857199925e+01
1.188027854479078549e+01
1.188050947633114873e+01
1.188026945215198893e+01
1.188051418006630655e+01
1.188025811209635130e+01
1.188053233173945422e+01
1.188024414394831041e+01
1.188053346589793691e+01
1.188025146267749577e+01
1.188052960457129181e+01
1.188024722747635131e+01
1.188053357504000473e+01
1.188025452239746294e+01
1.188051510382851994e+01
1.188027303409664093e+01
1.188050499915910763e+01
1.188027929299407859e+01
1.188049078485967236e+01
1.188030568476165527e+01
1.188046100244629599e+01
1.188032778499229281e+01
1.188044645451731895e+01
1.188034574408327337e+01
1.188041714223518674e+01
1.188038121504290956e+01
1.188038763599926284e+01
1.188040044043252230e+01
1.188037009136854039e+01
1.188042687541526732e+01
1.188033563351915234e+01
1.188045789604300317e+01
1.188031618285621605e+01
1.188047081506223002e+01
1.188029806654998666e+01
1.188049773355788297e+01
1.188027152556337995e+01
1.188051309755931051e+01
1.188026654581881303e+01
1.188051894304107670e+01
1.188025225766038062e+01
1.188053608388157834e+01
1.188024420868019249e+01
1.188053147883986860e+01
1.188025225664303441e+01
1.188053047774431192e+01
1.188024742857784943e+01
1.188052973474847462e+01
1.188026115860714960e+01
1.188050889171700319e+01
1.188027717534355077e+01
1.188050102599889790e+01
1.188028615760950402e+01
1.188048070126640177e+01
1.188031611473181037e+01
1.188045280934276882e+01
1.188033454117933907e+01
1.188043800829456664e+01
1.188035733835758734e+01
1.188040451740955916e+01
1.188039171604225430e+01
1.188037966791551270e+01
1.188040863775257527e+01
1.188035927788797252e+01
1.188043924643963933e+01
1.188032498057233077e+01
1.188046527293139754e+01
1.188031006489375585e+01
1.188047866220825455e+01
1.188028833868264300e+01
1.188050641190062073e+01
1.188026637870114577e+01
1.188051570495334097e+01
1.188026330209121006e+01
1.188052416922096199e+01
1.188024722028684188e+01
1.188053787844019027e+01
1.188024582392042561e+01
1.188052937297294065e+01
1.188025249944477224e+01
1.188053099500148768e+01
1.188024934960272638e+01
1.188052407332390459e+01
1.188026830419946478e+01
1.188050329044472697e+01
1.188028111310097934e+01
1.188049585891921822e+01
1.188029481224201156e+01
1.188046983340653107e+01
1.188032591825474249e+01
1.188044539064257243e+01
1.188034176106710227e+01
1.188042808762793001e+01
1.188036985089610731e+01
1.188039247328118009e+01
1.188040095769778226e+01
1.188037205056458312e+01
1.188041777262072785e+01
1.188034755106134632e+01
1.188045115808299990e+01
1.188031589658225862e+01
1.188047153736892092e+01
1.188030367013948307e+01
1.188048730150055654e+01
1.188027886755203610e+01
1.188051345215110288e+01
1.188026292570311071e+01
1.188051791836023696e+01
1.188025946709085190e+01
1.188052941225409143e+01
1.188024362185375082e+01
1.188053767578511710e+01
1.188024840562090745e+01
1.188052761983812466e+01
1.188025240761590773e+01
1.188053052204906379e+01
1.188025324223486834e+01
1.188051705763276011e+01
1.188027533655409940e+01
1.188049834330352539e+01
1.188028540575550807e+01
1.188048906818527861e+01
1.188030497394838036e+01
1.188045886599414303e+01
1.188033480015042720e+01
1.188043834010524868e+01
1.188034999447016560e+01
1.188041674943993620e+01
1.188038263394913763e+01
1.188038151271482157e+01
1.188040914024055894e+01
1.188036418757020307e+01
1.188042802526011243e+01
1.188033542713921165e+01
1.188046197405435933e+01
1.188030841216925104e+01
1.188047725231026419e+01
1.188029660315121205e+01
1.188049642381012028e+01
1.188027033036976121e+01
1.188051860013804983e+01
1.188026071303797515e+01
1.188052029559375988e+01
1.188025509671506796e+01
1.188053405145173258e+01
1.188024190247108436e+01
1.188053575862624456e+01
1.188025131039125881e+01
1.188052642576239926e+01
1.188025245698617383e+01
1.188052849489205975e+01
1.188025903395505445e+01
1.188050932642871871e+01
1.188028181663045757e+01
1.188049378548584478e+01
1.188029066302838643e+01
1.188048050477223683e+01
1.188031609975006830e+01
1.188044840742973562e+01
1.188034277889138579e+01
1.188043108526411196e+01
1.188035959343881487e+01
