1.188024147592623514e+01
1.188032283136471001e+01
1.188029712833170137e+01
1.188025320552314490e+01
1.188033995304623858e+01
1.188026810678704415e+01
1.188027454628111990e+01
1.188033469682454424e+01
1.188024683303568452e+01
1.188030543765532343e+01
1.188031835888310894e+01
1.188024486310839123e+01
1.188032961926441899e+01
1.188028737647960398e+01
1.188025589846115615e+01
1.188033908791403093e+01
1.188026142971210319e+01
1.188028500836811574e+01
1.188033341650018748e+01
1.188024476738332247e+01
1.188031172319050910e+01
1.188030812855373242e+01
1.188024514319026181e+01
1.188033467380182984e+01
1.188028151499464613e+01
1.188026488945600789e+01
1.188033948117729466e+01
1.188025371856559076e+01
1.188029059966396872e+01
1.188032657215515364e+01
1.188024384817998680e+01
1.188032140419407767e+01
1.188030257810278911e+01
1.188024918578492439e+01
1.188033618772402633e+01
1.188027079974766664e+01
1.188027057472237757e+01
1.188033853664473938e+01
1.188025135432227586e+01
1.188030131690080893e+01
1.188032074312116571e+01
1.188024179490868626e+01
1.188032497253142772e+01
1.188029282118361429e+01
1.188025493354588846e+01
1.188034078159479456e+01
1.188026570141903449e+01
1.188027862686312730e+01
1.188033333147950721e+01
1.188024492867810444e+01
1.188030810957664762e+01
1.188031482483781787e+01
1.188024582312906752e+01
1.188033241710800425e+01
1.188028443584523508e+01
1.188025863417585626e+01
1.188033861899097765e+01
1.188025800101888585e+01
1.188028818756044380e+01
1.188033163176509888e+01
1.188024462902358280e+01
1.188031548179303520e+01
1.188030479885010671e+01
1.188024593595692835e+01
1.188033553952934795e+01
1.188027772127507831e+01
1.188026821248835141e+01
1.188033961884564960e+01
1.188025203635933202e+01
1.188029417919152486e+01
1.188032347499102492e+01
1.188024291704623536e+01
1.188032392523617808e+01
1.188029938977675215e+01
1.188025179944191478e+01
1.188033773755202560e+01
1.188026751044837859e+01
1.188027327700941704e+01
1.188033666619725892e+01
1.188024936053207092e+01
1.188030520184139149e+01
1.188031854915185370e+01
1.188024270262527438e+01
1.188032726624373936e+01
1.188028860335873915e+01
1.188025664432460538e+01
1.188034097524321453e+01
1.188026320375088396e+01
1.188028285454213417e+01
1.188033206446751500e+01
1.188024360530438805e+01
1.188031076489466109e+01
1.188031092841349334e+01
1.188024666953419484e+01
1.188033477764018286e+01
1.188028163440635510e+01
1.188026188674511019e+01
1.188033820649064864e+01
1.188025480531286959e+01
1.188029113101437062e+01
1.188032926405519873e+01
1.188024455250425326e+01
1.188031923191261896e+01
1.188030174182854282e+01
1.188024728071905578e+01
1.188033619158121468e+01
1.188027373396104380e+01
1.188027130409711063e+01
1.188033931980299762e+01
1.188025071507060204e+01
1.188029809556118543e+01
1.188032049039749971e+01
1.188024225386173249e+01
1.188032598297681020e+01
1.188029580316334233e+01
1.188025447794978362e+01
1.188033920113691622e+01
1.188026471011267660e+01
1.188027635285985184e+01
1.188033452828788938e+01
1.188024729849263039e+01
1.188030866363226679e+01
1.188031607668020762e+01
1.188024406427794055e+01
1.188032972431999745e+01
1.188028465745417961e+01
1.188025850048577503e+01
1.188034058535207116e+01
1.188026052024351031e+01
1.188028702199010844e+01
1.188033078336470538e+01
1.188024290765837776e+01
1.188031355492893759e+01
1.188030685791594010e+01
1.188024743751379830e+01
1.188033656975540708e+01
1.188027880163836514e+01
1.188026552710705630e+01
1.188033790107750143e+01
1.188025203080428227e+01
1.188029398460368391e+01
1.188032635541782511e+01
1.188024441246263230e+01
1.188032276934912446e+01
1.188029887404720597e+01
1.188024923061482063e+01
1.188033680120337721e+01
1.188026972967953476e+01
1.188027416303010497e+01
1.188033844978288656e+01
1.188024957838171503e+01
1.188030223671622387e+01
1.188031770641353724e+01
1.188024204125981420e+01
1.188032771526082598e+01
1.188029184298468977e+01
1.188025706424626549e+01
1.188034039026478439e+01
1.188026233466430703e+01
1.188027986785902534e+01
1.188033231545707302e+01
1.188024531960994956e+01
1.188031167476222016e+01
1.188031318814392634e+01
1.188024569447249057e+01
1.188033226495825900e+01
1.188028109882766614e+01
1.188026067599193070e+01
1.188033974755920141e+01
1.188025764639415982e+01
1.188029094962688426e+01
1.188032932141436149e+01
1.188024278225106833e+01
1.188031656740498043e+01
1.188030281953725087e+01
1.188024824609885677e+01
1.188033775118876889e+01
1.188027578950170771e+01
1.188026936612260442e+01
1.188033765949814580e+01
1.188024980678043541e+01
1.188029691862260506e+01
1.188032303718581773e+01
1.188024416634457658e+01
1.188032590616785988e+01
1.188029604681950957e+01
1.188025174081239932e+01
1.188033748701983328e+01
1.188026591438313240e+01
1.188027687807440635e+01
1.188033695790157829e+01
1.188024845938865504e+01
1.188030642236941503e+01
1.188031511742545376e+01
1.188024241271391723e+01
1.188032929692671402e+01
1.188028762608944255e+01
1.188025947735850707e+01
1.188034112091966854e+01
1.188026024500152289e+01
1.188028379249833755e+01
1.188033017885079268e+01
1.188024361591861933e+01
1.188031430273902167e+01
1.188030982153068216e+01
1.188024740450450167e+01
1.188033473079613955e+01
1.188027795035129053e+01
1.188026330699026367e+01
1.188033864585035104e+01
1.188025467113979516e+01
1.188029452677562325e+01
1.188032750330328469e+01
1.188024309270976531e+01
1.188031979982934416e+01
1.188029898929815431e+01
1.188024926627208266e+01
1.188033837762717582e+01
1.188027251577261012e+01
1.188027319928389858e+01
1.188033735605116625e+01
1.188024817279643663e+01
1.188030007811304500e+01
1.188031949883741589e+01
1.188024386549017741e+01
1.188032851527694334e+01
1.188029308980399534e+01
1.188025467810227553e+01
1.188033828348359044e+01
1.188026247524991774e+01
1.188027960102431102e+01
1.188033489152286215e+01
1.188024724617073424e+01
1.188031044534926650e+01
1.188031262898935481e+01
1.188024341693211383e+01
1.188033089062233039e+01
1.188028333586977503e+01
1.188026173010541164e+01
1.188034126048776784e+01
1.188025826762732606e+01
1.188028800564198662e+01
1.188032819205066559e+01
1.188024237260690796e+01
1.188031668816378428e+01
1.188030601069537795e+01
1.188024904946098204e+01
1.188033692626452620e+01
1.188027514075711011e+01
1.188026645223580324e+01
1.188033746485037057e+01
1.188025175744120077e+01
1.188029773564681513e+01
1.188032519407948584e+01
1.188024365662624149e+01
1.188032315649162385e+01
1.188029547269643338e+01
1.188025067480216279e+01
1.188033858615152027e+01
1.188026898957067523e+01
1.188027685467199390e+01
1.188033681548143150e+01
1.188024707085404330e+01
1.188030354012794909e+01
1.188031594268382563e+01
1.188024364225958429e+01
1.188033056011567723e+01
1.188028986065144643e+01
1.188025785312388294e+01
1.188033913120641571e+01
1.188025953675754209e+01
1.188028250254175333e+01
1.188033238538703884e+01
1.188024591230328397e+01
1.188031411974963625e+01
1.188031008593472393e+01
1.188024500421648000e+01
1.188033260167122229e+01
1.188027918015496986e+01
1.188026392287252264e+01
1.188034076240569981e+01
1.188025624401636193e+01
1.188029232134353386e+01
1.188032633474716704e+01
1.188024172128536904e+01
1.188031900338373248e+01
1.188030188054478664e+01
1.188025056343661312e+01
1.188033866526244076e+01
1.188027252769217590e+01
1.188027007393942824e+01
1.188033634300487407e+01
1.188024910404292100e+01
1.188030065163086491e+01
1.188032233794134918e+01
1.188024429364973855e+01
1.188032646922302504e+01
1.188029228200782939e+01
1.188025260560191398e+01
1.188033855749997514e+01
1.188026531295427723e+01
1.188028023246918075e+01
1.188033585949855997e+01
1.188024636315035565e+01
1.188030728931429358e+01
1.188031253604479609e+01
1.188024367615594201e+01
1.188033210117616534e+01
1.188028628711868251e+01
1.188026106624900535e+01
1.188033989123454859e+01
1.188025713214800305e+01
1.188028572257837290e+01
1.188032962832822115e+01
1.188024452510595630e+01
1.188031732416443376e+01
1.188030731701439890e+01
1.188024703859495546e+01
1.188033444860987942e+01
1.188027534304536736e+01
1.188026621445228770e+01
1.188033967856761031e+01
1.188025407528255428e+01
1.188029653168648636e+01
1.188032450037347587e+01
1.188024170633424603e+01
1.188032140298617989e+01
1.188029761901548653e+01
1.188025197446839165e+01
1.188033981737375733e+01
1.188026993974143863e+01
1.188027404391635322e+01
1.188033533833409727e+01
1.188024689763098429e+01
1.188030341912487131e+01
1.188031897621501365e+01
1.188024487199019497e+01
1.188032953650305501e+01
1.188028933736762127e+01
1.188025511176753035e+01
1.188033846763356749e+01
1.188026165884128460e+01
1.188028332634845619e+01
1.188033435510003066e+01
1.188024587066237459e+01
1.188031121771009602e+01
1.188030937259782505e+01
1.188024414698565501e+01
1.188033327707388764e+01
1.188028239036282585e+01
1.188026415523988533e+01
1.188034037989289438e+01
1.188025519822116927e+01
1.188028932892429168e+01
1.188032681686115311e+01
1.188024322997812021e+01
1.188032002904083129e+01
1.188030418437006475e+01
1.188024933212387602e+01
1.188033635635886398e+01
1.188027194239842643e+01
1.188026877691381600e+01
1.188033814594308879e+01
1.188025175057398641e+01
1.188030045493309927e+01
1.188032252630683949e+01
1.188024227374629405e+01
1.188032397963401365e+01
1.188029343353725764e+01
1.188025339549562176e+01
1.188034034049442589e+01
1.188026722603022556e+01
1.188027817278558373e+01
1.188033441489812425e+01
1.188024526716727181e+01
1.188030620886366684e+01
1.188031523988264837e+01
1.188024534166854451e+01
1.188033217143491882e+01
1.188028649204624543e+01
1.188025814879109454e+01
1.188033844158260877e+01
1.188025823106833379e+01
1.188028622101282927e+01
1.188033225167471407e+01
1.188024542188271226e+01
1.188031514812671929e+01
1.188030645231693860e+01
1.188024518689507936e+01
1.188033426514544111e+01
1.188027828375768813e+01
1.188026703300539211e+01
1.188034041591013334e+01
1.188025359542733916e+01
1.188029329505007858e+01
1.188032410772279768e+01
1.188024221461289365e+01
1.188032230056177063e+01
1.188030062429248268e+01
1.188025169179549678e+01
1.188033817326969910e+01
1.188026900368638650e+01
1.188027174629314153e+01
1.188033635128574694e+01
1.188024935247975122e+01
1.188030397727911947e+01
1.188032023944052185e+01
1.188024328574054422e+01
1.188032673675151329e+01
1.188028950293452723e+01
1.188025499313500433e+01
1.188034029073050846e+01
1.188026429985645471e+01
1.188028225417386352e+01
1.188033345324578782e+01
1.188024425232407388e+01
1.188030916826450856e+01
1.188031131923529315e+01
1.188024574663902655e+01
1.188033424681868588e+01
1.188028357572331117e+01
1.188026158333839177e+01
1.188033852120701717e+01
1.188025521631525194e+01
1.188028906582986011e+01
1.188032959659162557e+01
1.188024489859243893e+01
1.188031887490170391e+01
1.188030368532257874e+01
1.188024684416443755e+01
1.188033523245472800e+01
1.188027414823324612e+01
1.188026970631220891e+01
1.188033986797958974e+01
1.188025214804564733e+01
1.188029750266414908e+01
1.188032158103038505e+01
1.188024166161871165e+01
1.188032427940083657e+01
1.188029666823295472e+01
1.188025396676420264e+01
1.188033970783555482e+01
1.188026645745209287e+01
1.188027518256419057e+01
1.188033448377315970e+01
1.188024703861746545e+01
1.188030707775775952e+01
1.188031750529469832e+01
1.188024455700422166e+01
1.188032958453366383e+01
1.188028593645755038e+01
1.188025694169762936e+01
1.188033980656339850e+01
1.188026116490881812e+01
1.188028611273034230e+01
1.188033228264833774e+01
1.188024379486117610e+01
1.188031237836517207e+01
1.188030741904108467e+01
1.188024621293777372e+01
1.188033572562565254e+01
1.188028044415281137e+01
1.188026522471223956e+01
1.188033865449007109e+01
1.188025273965825690e+01
1.188029203098247955e+01
1.188032652512670495e+01
1.188024426706759051e+01
1.188032221204031380e+01
1.188030091932131782e+01
1.188024906883321385e+01
1.188033629043592221e+01
1.188027019074580970e+01
1.188027227054340962e+01
1.188033869003899134e+01
1.188025069339477113e+01
1.188030176762971024e+01
1.188031922293479603e+01
1.188024170140056057e+01
1.188032613979769181e+01
1.188029243888007613e+01
1.188025608424366553e+01
1.188034077628760699e+01
1.188026416168938404e+01
1.188027904978766003e+01
1.188033268804642439e+01
1.188024500402611672e+01
1.188030982943793568e+01
1.188031426728614015e+01
1.188024590246785372e+01
1.188033235971357016e+01
1.188028275014193191e+01
1.188025937431980239e+01
1.188033907168842518e+01
1.188025791784247787e+01
1.188028964427286915e+01
1.188033072745570706e+01
1.188024375566285684e+01
1.188031582871419900e+01
1.188030371064743207e+01
1.188024691546134193e+01
1.188033666833694824e+01
1.188027702162623633e+01
1.188026887028073197e+01
1.188033870879169207e+01
1.188025083522067149e+01
1.188029525783768570e+01
1.188032322791412554e+01
1.188024358736073438e+01
1.188032503699552933e+01
1.188029798398987857e+01
1.188025172405036400e+01
1.188033746473361241e+01
1.188026659610339308e+01
1.188027488119903374e+01
1.188033693442226912e+01
1.188024912674393541e+01
1.188030588224718898e+01
1.188031693226088059e+01
1.188024237784567561e+01
1.188032804017402633e+01
1.188028812301381976e+01
1.188025806547060625e+01
1.188034124922949708e+01
1.188026194347183306e+01
1.188028322138491077e+01
1.188033102927498952e+01
1.188024343338433297e+01
1.188031237591983924e+01
1.188031056540975960e+01
1.188024718396801482e+01
1.188033486404717110e+01
1.188027986696918070e+01
1.188026234449315233e+01
1.188033826686709205e+01
1.188025472717713349e+01
1.188029283813930626e+01
1.188032865568109919e+01
1.188024395277857437e+01
1.188031941620121046e+01
1.188030029268105991e+01
1.188024803126839757e+01
1.188033721471512649e+01
1.188027332496099575e+01
1.188027235322490149e+01
1.188033850504218236e+01
1.188024944013386630e+01
1.188029881712095737e+01
1.188031990496214618e+01
1.188024299865640288e+01
1.188032731886343463e+01
1.188029474052950007e+01
1.188025461967386676e+01
1.188033868734562049e+01
1.188026348388388342e+01
1.188027770900748870e+01
1.188033473924350858e+01
1.188024743040665321e+01
1.188030966342778250e+01
1.188031455005129899e+01
1.188024363640992398e+01
1.188033007870446767e+01
1.188028392850753079e+01
1.188026001766638551e+01
1.188034108495723018e+01
1.188025964846828408e+01
1.188028750848729587e+01
1.188032947858611621e+01
1.188024245489803299e+01
1.188031488903203226e+01
1.188030652962377509e+01
1.188024834419290876e+01
1.188033691224547361e+01
1.188027714147805369e+01
1.188026580856653247e+01
1.188033752359583950e+01
1.188025179396574416e+01
1.188029577566243589e+01
1.188032601664302668e+01
1.188024420990429064e+01
1.188032296747847383e+01
1.188029717000712182e+01
1.188024969132188602e+01
1.188033754491507743e+01
1.188026946326855970e+01
1.188027558095774339e+01
1.188033786474550624e+01
1.188024841393819742e+01
1.188030268606150841e+01
1.188031671808850298e+01
1.188024268412885220e+01
1.188032912311411593e+01
1.188029112282602462e+01
1.188025755877686684e+01
1.188033981265450123e+01
1.188026088142448522e+01
1.188028089049187486e+01
1.188033229377793276e+01
1.188024568016905569e+01
1.188031299503790983e+01
1.188031190491995304e+01
1.188024533798048310e+01
1.188033226530135344e+01
1.188028003618827455e+01
1.188026210346558997e+01
1.188034034012597395e+01
1.188025718486070303e+01
1.188029170362253595e+01
1.188032792250585779e+01
1.188024210801251535e+01
1.188031751922831170e+01
1.188030235032642956e+01
1.188024941984512672e+01
1.188033837752299959e+01
1.188027440269991786e+01
1.188026963368486122e+01
1.188033689116524450e+01
1.188024930374463395e+01
1.188029860446384056e+01
1.188032285727142856e+01
1.188024440235100521e+01
1.188032627911793782e+01
1.188029425662967142e+01
1.188025194371495985e+01
1.188033783071205818e+01
1.188026561423689564e+01
1.188027855483165318e+01
1.188033665786784709e+01
1.188024757827916034e+01
1.188030675001388303e+01
1.188031375340333717e+01
1.188024282366567519e+01
1.188033059102907174e+01
1.188028715916008693e+01
1.188026038499636705e+01
1.188034065350169222e+01
1.188025872041322550e+01
1.188028448751478727e+01
1.188032979147516599e+01
1.188024402788605727e+01
1.188031585369712850e+01
1.188030886232213312e+01
1.188024729447707983e+01
1.188033451661133633e+01
1.188027655825831275e+01
1.188026449512854654e+01
1.188033915465214108e+01
1.188025455026430066e+01
1.188029562878659107e+01
1.188032619454254757e+01
1.188024233400756913e+01
1.188032035221773342e+01
1.188029823401975804e+01
1.188025053080260740e+01
1.188033922282487609e+01
1.188027150380705343e+01
1.188027362845697965e+01
1.188033632491120528e+01
1.188024738158455307e+01
1.188030149491651599e+01
1.188031931285581777e+01
1.188024448895633434e+01
1.188032916574396758e+01
1.188029140247579463e+01
1.188025473857098291e+01
1.188033818993009483e+01
1.188026198318133808e+01
1.188028136585896277e+01
1.188033483871552676e+01
1.188024676592965356e+01
1.188031082745244937e+01
1.188031100295235731e+01
1.188024354638947599e+01
1.188033189922879984e+01
1.188028296920299276e+01
1.188026301911625104e+01
1.188034102870055264e+01
1.188025685859455827e+01
1.188028846672509609e+01
1.188032738285937207e+01
1.188024266450204536e+01
1.188031831085639745e+01
1.188030536427715944e+01
1.188024931628335779e+01
1.188033667478336497e+01
1.188027351373731122e+01
1.188026732547821673e+01
1.188033771516148640e+01
1.188025183530549889e+01
1.188029917621847886e+01
1.188032412136954186e+01
1.188024299231094005e+01
1.188032338315139924e+01
1.188029435533823452e+01
1.188025184754247476e+01
1.188033950896128488e+01
1.188026836490627147e+01
1.188027758791200483e+01
1.188033569845337212e+01
1.188024606195985378e+01
1.188030459049524445e+01
1.188031557526351989e+01
1.188024452240883200e+01
1.188033150434186958e+01
1.188028843749379959e+01
1.188025793858993850e+01
1.188033865557311053e+01
1.188025875486176020e+01
1.188028416686370647e+01
1.188033245982074781e+01
1.188024586593425092e+01
1.188031471168950937e+01
1.188030837038381016e+01
1.188024489571558995e+01
1.188033321044365742e+01
1.188027873777173937e+01
1.188026547605348249e+01
1.188034081006229137e+01
1.188025512097587466e+01
1.188029270393030856e+01
1.188032513989867134e+01
1.188024177233344680e+01
1.188032050996091726e+01
1.188030144875525274e+01
1.188025125906554003e+01
1.188033854533498257e+01
1.188027082772724441e+01
1.188027064894985507e+01
1.188033620715527228e+01
1.188024920350832581e+01
1.188030233169172334e+01
1.188032157163849867e+01
1.188024389796145641e+01
1.188032651446260246e+01
1.188029081710324419e+01
1.188025354459440486e+01
1.188033937708986088e+01
1.188026499773139832e+01
1.188028134133643832e+01
1.188033483724807127e+01
1.188024528189911777e+01
1.188030796559694835e+01
1.188031184740314572e+01
1.188024463561862731e+01
1.188033326326391581e+01
1.188028522126144360e+01
1.188026135191126187e+01
1.188033916692728731e+01
1.188025604984773054e+01
1.188028712785316010e+01
1.188032966011234848e+01
1.188024485341420977e+01
1.188031821907362051e+01
1.188030569984448093e+01
1.188024681669470617e+01
1.188033462883157121e+01
1.188027467237776413e+01
1.188026785780298766e+01
1.188033995637431595e+01
1.188025334922239651e+01
1.188029701156880336e+01
1.188032304040250331e+01
1.188024147853469437e+01
1.188032262454011523e+01
1.188029724394637832e+01
1.188025305842135992e+01
1.188033994503834734e+01
1.188026835536281922e+01
1.188027442338307083e+01
1.188033476850575099e+01
1.188024685257058088e+01
1.188030517389979757e+01
1.188031849412998575e+01
1.188024486980762084e+01
1.188032957731376094e+01
1.188028762832171736e+01
1.188025575202009065e+01
1.188033901037284679e+01
1.188026150638800083e+01
1.188028479135463300e+01
1.188033356546080732e+01
1.188024489968695008e+01
1.188031160198039693e+01
1.188030829555422052e+01
1.188024500720993615e+01
1.188033450778526046e+01
1.188028168452386879e+01
1.188026477819837723e+01
1.188033958457915418e+01
1.188025389666994514e+01
1.188029038649507463e+01
1.188032663100343100e+01
1.188024379703195343e+01
1.188032123191083400e+01
1.188030282109762936e+01
1.188024916910542395e+01
1.188033617124929009e+01
1.188027095504582853e+01
1.188027032350973577e+01
1.188033852482123542e+01
1.188025144584794468e+01
1.188030118186872031e+01
1.188032097647087504e+01
1.188024182212191526e+01
1.188032480869087060e+01
1.188029293958941324e+01
1.188025474408259541e+01
1.188034074792058448e+01
1.188026592438255769e+01
1.188027851709536975e+01
1.188033345580499045e+01
1.188024496634197824e+01
1.188030784940467655e+01
1.188031493477414813e+01
1.188024577666632453e+01
1.188033237115786811e+01
1.188028470616168697e+01
1.188025851810217404e+01
1.188033858545659704e+01
1.188025806459525491e+01
1.188028793461582211e+01
1.188033175415152343e+01
1.188024473404548331e+01
1.188031538942610155e+01
1.188030501117445326e+01
1.188024581435458238e+01
1.188033538022953906e+01
1.188027785161020411e+01
1.188026805610901349e+01
1.188033972586102038e+01
1.188025222757169530e+01
1.188029400725977425e+01
1.188032356979977777e+01
1.188024284259681806e+01
1.188032372512787838e+01
1.188029959891768961e+01
1.188025176238031833e+01
1.188033776121918805e+01
1.188026770013683020e+01
1.188027304389225769e+01
1.188033665664107730e+01
1.188024940184945422e+01
1.188030503497740931e+01
1.188031878543790931e+01
1.188024274380251200e+01
1.188032715341367762e+01
1.188028874314328398e+01
1.188025643007440202e+01
1.188034091720962593e+01
1.188026338472580079e+01
1.188028273872440721e+01
1.188033223157116147e+01
1.188024366939481880e+01
1.188031052943537880e+01
1.188031102824579577e+01
1.188024656995011163e+01
1.188033471186079915e+01
1.188028190208674140e+01
1.188026179352369383e+01
1.188033822669180850e+01
1.188025487531900914e+01
1.188029085845315969e+01
1.188032935771865972e+01
1.188024461293765022e+01
1.188031914978923886e+01
1.188030199154673561e+01
1.188024718496403054e+01
1.188033605998010245e+01
1.188027383837512829e+01
1.188027110056662927e+01
1.188033941227410750e+01
1.188025089953597657e+01
1.188029796015858608e+01
1.188032063246194525e+01
1.188024217670670524e+01
1.188032576920567962e+01
1.188029597324095477e+01
1.188025440267016286e+01
1.188033924669389663e+01
1.188026492889952657e+01
1.188027615201994891e+01
1.188033454121751831e+01
1.188024730130644890e+01
1.188030846035596788e+01
1.188031629586689242e+01
1.188024410154970489e+01
1.188032966008375091e+01
1.188028483174173999e+01
1.188025828277439366e+01
1.188034051424629745e+01
1.188026065164094192e+01
1.188028688169873881e+01
1.188033097548362527e+01
1.188024299614505352e+01
1.188031336025486695e+01
1.188030696698109701e+01
1.188024729503946730e+01
1.188033647651829838e+01
1.188027904564575188e+01
1.188026544108601179e+01
1.188033797454424345e+01
1.188025212258183672e+01
1.188029371367965759e+01
1.188032642851199583e+01
1.188024441893724337e+01
1.188032267815012410e+01
1.188029914449491642e+01
1.188024916215175963e+01
1.188033671443722916e+01
1.188026982687645194e+01
1.188027392075791511e+01
1.188033851687701059e+01
1.188024973503942050e+01
1.188030212418750864e+01
1.188031789727497234e+01
1.188024197910069013e+01
1.188032750801117565e+01
1.188029197926233671e+01
1.188025693981662734e+01
1.188034043730975498e+01
1.188026256786506529e+01
1.188027970390860943e+01
1.188033236858477792e+01
1.188024530226258335e+01
1.188031144098584591e+01
1.188031337655841924e+01
1.188024570745375819e+01
1.188033223727981458e+01
1.188028131160886858e+01
1.188026047453035439e+01
1.188033968169098564e+01
1.188025773109375294e+01
1.188029077216472551e+01
1.188032951730488662e+01
1.188024288321249777e+01
1.188031642064364135e+01
1.188030295610412423e+01
1.188024807865976484e+01
1.188033763323986491e+01
1.188027599409993407e+01
1.188026926780243997e+01
1.188033777564847249e+01
1.188024992729336482e+01
1.188029667024106217e+01
1.188032310581357720e+01
1.188024411975726480e+01
1.188032579103666642e+01
1.188029631663993335e+01
1.188025169084116150e+01
1.188033745409146746e+01
1.188026602347553506e+01
1.188027661404025714e+01
1.188033699888927330e+01
1.188024857129429535e+01
1.188030631389862180e+01
1.188031534822193969e+01
1.188024237573073094e+01
1.188032911730964614e+01
1.188028774261520581e+01
1.188025930271055763e+01
1.188034115222182940e+01
1.188026047213634406e+01
1.188028365959977783e+01
1.188033028275244085e+01
1.188024359860502344e+01
1.188031405363967252e+01
1.188030997518178644e+01
1.188024737561149280e+01
1.188033472124661749e+01
1.188027819512026895e+01
1.188026313491029740e+01
1.188033860576126699e+01
1.188025472151160500e+01
1.188029430872392389e+01
1.188032768361090419e+01
1.188024318741191010e+01
1.188031969762281115e+01
1.188029916565047550e+01
1.188024909499907800e+01
1.188033824750846357e+01
1.188027267431973932e+01
1.188027307054383996e+01
1.188033749681871853e+01
1.188024831859564756e+01
1.188029986763912049e+01
1.188031958266550880e+01
1.188024377676161336e+01
1.188032836990620744e+01
1.188029333826254330e+01
1.188025463006587046e+01
1.188033830306860494e+01
1.188026261061513011e+01
1.188027933664860925e+01
1.188033491585549406e+01
1.188024730470205803e+01
1.188031032202444948e+01
1.188031288246043715e+01
1.188024340513072019e+01
1.188033075536714378e+01
1.188028345157891863e+01
1.188026151452908863e+01
1.188034126653003142e+01
1.188025846756695358e+01
1.188028788934164659e+01
1.188032834733639653e+01
1.188024237207448053e+01
1.188031644448284396e+01
1.188030613601118191e+01
1.188024896847197809e+01
1.188033691486352872e+01
1.188027540187845332e+01
1.188026631288341051e+01
1.188033746799029799e+01
1.188025179199733650e+01
1.188029748407920394e+01
1.188032534624044878e+01
1.188024372438634479e+01
1.188032308612794097e+01
1.188029569170146260e+01
1.188025051866178750e+01
1.188033846300378649e+01
1.188026910591789331e+01
1.188027668363067590e+01
1.188033695987440019e+01
1.188024722879690920e+01
1.188030337369140632e+01
1.188031605969242221e+01
1.188024352957698504e+01
1.188033038864315216e+01
1.188029007278752402e+01
1.188025778718661485e+01
1.188033919205308564e+01
1.188025970405760745e+01
1.188028225834833584e+01
1.188033241007622642e+01
1.188024591921535311e+01
1.188031396766504599e+01
1.188031034063532054e+01
1.188024500749346934e+01
1.188033251900436404e+01
1.188027931376609558e+01
1.188026368387637888e+01
1.188034074390990646e+01
1.188025640027322183e+01
1.188029220257803331e+01
1.188032653172242803e+01
1.188024174638009356e+01
1.188031878623475102e+01
1.188030199239471862e+01
1.188025043018838645e+01
1.188033863575325455e+01
1.188027278420091726e+01
1.188026996027978299e+01
1.188033639924311480e+01
1.188024914254327769e+01
1.188030038260794541e+01
1.188032245927514197e+01
1.188024431716277540e+01
1.188032641210503471e+01
1.188029253605290236e+01
1.188025247656264050e+01
1.188033846213012446e+01
1.188026540016237220e+01
1.188028001679234080e+01
1.188033598896428522e+01
1.188024651371282481e+01
1.188030716255243568e+01
1.188031269772582732e+01
1.188024356034744500e+01
1.188033191732439420e+01
1.188028645734025268e+01
1.188026096456769309e+01
1.188033997504980199e+01
1.188025732657573919e+01
1.188028551308785019e+01
1.188032967337883861e+01
1.188024449197509469e+01
1.188031713829021641e+01
1.188030755266928473e+01
1.188024703948759608e+01
1.188033441633880649e+01
1.188027550800314636e+01
1.188026597346833313e+01
1.188033964628723282e+01
1.188025418004415990e+01
1.188029639192276221e+01
1.188032472131277117e+01
1.188024175560624229e+01
1.188032122858628448e+01
1.188029773659896193e+01
1.188025179903916850e+01
1.188033976158441263e+01
1.188027017057608425e+01
1.188027394065356290e+01
1.188033544739676728e+01
1.188024695583658286e+01
1.188030315379747925e+01
1.188031907437631851e+01
1.188024484174268558e+01
1.188032947309288545e+01
1.188028961000329531e+01
1.188025501182504762e+01
1.188033841718970329e+01
1.188026173559432053e+01
1.188028307416077389e+01
1.188033445828676271e+01
1.188024599293572692e+01
1.188031111720203548e+01
1.188030958077260557e+01
1.188024404616493612e+01
1.188033310072565563e+01
1.188028252356097525e+01
1.188026400670307048e+01
1.188034046603164917e+01
1.188025540550081516e+01
1.188028915916360972e+01
1.188032689998334668e+01
1.188024317518955897e+01
1.188031981483341326e+01
1.188030438693117041e+01
1.188024931046210675e+01
1.188033636258388803e+01
1.188027214311696511e+01
1.188026855393016312e+01
1.188033811778617377e+01
1.188025180647864865e+01
1.188030028117694847e+01
1.188032274982670522e+01
1.188024233579904632e+01
1.188032385536106972e+01
1.188029357521099882e+01
1.188025319579879913e+01
1.188034026059961334e+01
1.188026741527469454e+01
1.188027806057646707e+01
1.188033456634158469e+01
1.188024535257594039e+01
1.188030596820341955e+01
1.188031533060179967e+01
1.188024525836518563e+01
1.188033208646783656e+01
1.188028676197592048e+01
1.188025806965920239e+01
1.188033844521790527e+01
1.188025831668245758e+01
1.188028594911791203e+01
1.188033232728656685e+01
1.188024549889298243e+01
1.188031505509552943e+01
1.188030669837730002e+01
1.188024511177641607e+01
1.188033411728728872e+01
1.188027839372300143e+01
1.188026683628748259e+01
1.188034048671678633e+01
1.188025379534754578e+01
1.188029315958056209e+01
1.188032423965766426e+01
1.188024215861097410e+01
1.188032207282344999e+01
1.188030078932296618e+01
1.188025163000325790e+01
1.188033819952161707e+01
1.188026923408457769e+01
1.188027155485134934e+01
1.188033634758194701e+01
1.188024937174971285e+01
1.188030376571540181e+01
1.188032044587462188e+01
1.188024334223170797e+01
1.188032665950922961e+01
1.188028968125550122e+01
1.188025479047133715e+01
1.188034019876053904e+01
1.188026444058959896e+01
1.188028211483019803e+01
1.188033362899473566e+01
1.188024436204402434e+01
1.188030896785368640e+01
1.188031142200582124e+01
1.188024562107271365e+01
1.188033413346698808e+01
1.188028382210383960e+01
1.188026150884571663e+01
1.188033857778974323e+01
1.188025532556087072e+01
1.188028879563055185e+01
1.188032965355467674e+01
1.188024492155590117e+01
1.188031877024952898e+01
1.188030395214693868e+01
1.188024679533098826e+01
1.188033512986764784e+01
1.188027425384115787e+01
1.188026947047858606e+01
1.188033991339209194e+01
1.188025231957069039e+01
1.188029738731278151e+01
1.188032176262547956e+01
1.188024162158325936e+01
1.188032405864080054e+01
1.188029680173598379e+01
1.188025385446541371e+01
1.188033973388302300e+01
1.188026670223313275e+01
1.188027502648503564e+01
1.188033452196327922e+01
1.188024703979854735e+01
1.188030683506791441e+01
1.188031768163767765e+01
1.188024458745519851e+01
1.188032954177275080e+01
1.188028615466161497e+01
1.188025675537685188e+01
1.188033972128207338e+01
1.188026126069748400e+01
1.188028593412075473e+01
1.188033246151504407e+01
1.188024391624336751e+01
1.188031222464353043e+01
1.188030755189165255e+01
1.188024606332168709e+01
1.188033558748780649e+01
1.188028065176856707e+01
1.188026513521022487e+01
1.188033875289023733e+01
1.188025287870026503e+01
1.188029178315365719e+01
1.188032658005731079e+01
1.188024423754215420e+01
1.188032208148608149e+01
1.188030118544071456e+01
1.188024903671361621e+01
1.188033624152327228e+01
1.188027031088101637e+01
1.188027201299944124e+01
1.188033871019544030e+01
1.188025081995968257e+01
1.188030165341426070e+01
1.188031944469370949e+01
1.188024168672822967e+01
1.188032594707056866e+01
1.188029255542164542e+01
1.188025592105457484e+01
1.188034078543842753e+01
1.188026440008171036e+01
1.188027892248547168e+01
1.188033277814713529e+01
1.188024500712618625e+01
1.188030957138200350e+01
1.188031441035581537e+01
1.188024588957984129e+01
1.188033233281345957e+01
1.188028300097526646e+01
1.188025921678070418e+01
1.188033901371095702e+01
1.188025798156711588e+01
1.188028942372217855e+01
1.188033089051681301e+01
1.188024386954071510e+01
1.188031571762806848e+01
1.188030388529769255e+01
1.188024676284128489e+01
1.188033651866426865e+01
1.188027718454343962e+01
1.188026874789433940e+01
1.188033883067792296e+01
1.188025099976914234e+01
1.188029504719339435e+01
1.188032330061921904e+01
1.188024351680294544e+01
1.188032487502708001e+01
1.188029822893645004e+01
1.188025169158244054e+01
1.188033746750876674e+01
1.188026674456541265e+01
1.188027462344059515e+01
1.188033693954162828e+01
1.188024920034034082e+01
1.188030575048937187e+01
1.188031717652838992e+01
1.188024238767174978e+01
1.188032789180373960e+01
1.188028824169059128e+01
1.188025786129488282e+01
1.188034123275993537e+01
1.188026215443567146e+01
1.188028310788865127e+01
1.188033117121978322e+01
1.188024345459803577e+01
1.188031212349618748e+01
1.188031068238937138e+01
1.188024711808324341e+01
1.188033483322900530e+01
1.188028013424397322e+01
1.188026221825687045e+01
1.188033825334287030e+01
1.188025477753154746e+01
1.188029258344694128e+01
1.188032879108943263e+01
1.188024403841797749e+01
1.188031933452996824e+01
1.188030051126631115e+01
1.188024789415200466e+01
1.188033707305688047e+01
1.188027344773564842e+01
1.188027218663544637e+01
1.188033862953455966e+01
1.188024961635777998e+01
1.188029864906221178e+01
1.188032001316977215e+01
1.188024290549774875e+01
1.188032713044530198e+01
1.188029494992398405e+01
1.188025456689242709e+01
1.188033873003112895e+01
1.188026366554566948e+01
1.188027747125572908e+01
1.188033474683213875e+01
1.188024745345453503e+01
1.188030950080059966e+01
1.188031479534258494e+01
1.188024365986989572e+01
1.188032998228745107e+01
1.188028406779967838e+01
1.188025979037731794e+01
1.188034104445994998e+01
1.188025981594866920e+01
1.188028738957724606e+01
1.188032966208612251e+01
1.188024250227109846e+01
1.188031466323027452e+01
1.188030663589897706e+01
1.188024822581818363e+01
1.188033686181689674e+01
1.188027740400811538e+01
1.188026570583758890e+01
1.188033756382363215e+01
1.188025185049610322e+01
1.188029550340986873e+01
1.188032612255680220e+01
1.188024425031820286e+01
1.188032289645182971e+01
1.188029742421150026e+01
1.188024958093981098e+01
1.188033743210490911e+01
1.188026955946927643e+01
1.188027536855127231e+01
1.188033797377567424e+01
1.188024858193154998e+01
1.188030255551138303e+01
1.188031687272875914e+01
1.188024258906096797e+01
1.188032892263393236e+01
1.188029129182545951e+01
1.188025746809857530e+01
1.188033987673159508e+01
1.188026109066846203e+01
1.188028068665636106e+01
1.188033232395772743e+01
1.188024566476202537e+01
1.188031279729280065e+01
1.188031213129744756e+01
1.188024535712991536e+01
1.188033221797574690e+01
1.188028020896211423e+01
1.188026187450009807e+01
1.188034028710640833e+01
1.188025730169247574e+01
1.188029156100855310e+01
1.188032812949944983e+01
1.188024217922704828e+01
1.188031733580437432e+01
1.188030246524765410e+01
1.188024925963481593e+01
1.188033830011656278e+01
1.188027463958301944e+01
1.188026953865367119e+01
1.188033698420602846e+01
1.188024938163859545e+01
1.188029833598646334e+01
1.188032294210979245e+01
1.188024438860471577e+01
1.188032619942205415e+01
1.188029452951480458e+01
1.188025186121259225e+01
1.188033776356048143e+01
1.188026570271372861e+01
1.188027830541314778e+01
1.188033674084072189e+01
1.188024771713328320e+01
1.188030664304398698e+01
1.188031395558858705e+01
1.188024274429508864e+01
1.188033039872269470e+01
1.188028729337911749e+01
1.188026024587155938e+01
1.188034071848398554e+01
1.188025894232409385e+01
1.188028432185357275e+01
1.188032986168727589e+01
1.188024399261850661e+01
1.188031562708264488e+01
1.188030905637751999e+01
1.188024728904356486e+01
1.188033450596677021e+01
1.188027676815609013e+01
1.188026428410326218e+01
1.188033910748453614e+01
1.188025461976076080e+01
1.188029545005166909e+01
1.188032640367463877e+01
1.188024241692728111e+01
1.188032021788355230e+01
1.188029837569657410e+01
1.188025034697895954e+01
1.188033912147769122e+01
1.188027169961761942e+01
1.188027352163553729e+01
1.188033645976164543e+01
1.188024748753411330e+01
1.188030125099050061e+01
1.188031939285895433e+01
1.188024442241628087e+01
1.188032906269429034e+01
1.188029167259752406e+01
1.188025467489609355e+01
1.188033817700129546e+01
1.188026208301792508e+01
1.188028109668877086e+01
1.188033489519468233e+01
1.188024685902964706e+01
1.188031072512611885e+01
1.188031124341670264e+01
1.188024349265775825e+01
1.188033173605377613e+01
1.188028308293975499e+01
1.188026283091749846e+01
1.188034107745985324e+01
1.188025707263879838e+01
1.188028833306703902e+01
1.188032750328198972e+01
1.188024262963984690e+01
1.188031807078685631e+01
1.188030552236134696e+01
1.188024926897066358e+01
1.188033668215592975e+01
1.188027375390573859e+01
1.188026714526748151e+01
1.188033769426102992e+01
1.188025187019450613e+01
1.188029895830883476e+01
1.188032431337748029e+01
1.188024306814546094e+01
1.188032329412873445e+01
1.188029453575222227e+01
1.188025166134616839e+01
1.188033939642857462e+01
1.188026851340841894e+01
1.188027745136383651e+01
1.188033585675469972e+01
1.188024619221936362e+01
1.188030438618230988e+01
1.188031567006271594e+01
1.188024441441274526e+01
1.188033137191542465e+01
1.188028868424073003e+01
1.188025787706707881e+01
1.188033869507513174e+01
1.188025888024385068e+01
1.188028389945500685e+01
1.188033249949774728e+01
1.188024590509719580e+01
1.188031459514852095e+01
1.188030863158081729e+01
1.188024486734002849e+01
1.188033309279843408e+01
1.188027885005599238e+01
1.188026524848167220e+01
1.188034083332266455e+01
1.188025530617751713e+01
1.188029258759497431e+01
1.188032531069100628e+01
1.188024175451153042e+01
1.188032027723485129e+01
1.188030157761213701e+01
1.188025116006289750e+01
1.188033855068923472e+01
1.188027108228665085e+01
1.188027050256908979e+01
1.188033622967023994e+01
1.188024922251791260e+01
1.188030208203969096e+01
1.188032173420995896e+01
1.188024394616584445e+01
1.188032645770010909e+01
1.188029103874032977e+01
1.188025337490106104e+01
1.188033927256264377e+01
1.188026510318177031e+01
1.188028116350364272e+01
1.188033499790234870e+01
1.188024542311238996e+01
1.188030780663161323e+01
1.188031197477029188e+01
1.188024450463949044e+01
1.188033310590189018e+01
1.188028542996864800e+01
1.188026127276266664e+01
1.188033924719820966e+01
1.188025620613914057e+01
1.188028688261263355e+01
1.188032970009997058e+01
1.188024484085831745e+01
1.188031807462432887e+01
1.188030596023160257e+01
1.188024680334173411e+01
1.188033456450500047e+01
1.188027480184881135e+01
1.188026760865684928e+01
1.188033995514344099e+01
1.188025348942404591e+01
1.188029689342478790e+01
1.188032325145390722e+01
1.188024148635320643e+01
1.188032242011983719e+01
1.188029735864896530e+01
1.188025290802453959e+01
1.188033993224186524e+01
1.188026860328657897e+01
1.188027430349881186e+01
1.188033484388350658e+01
1.188024687549767222e+01
1.188030490881773993e+01
1.188031862490419854e+01
1.188024487339020219e+01
1.188032953401939906e+01
1.188028788319942741e+01
1.188025561055158619e+01
1.188033893451120449e+01
1.188026158216672101e+01
1.188028457030006102e+01
1.188033371000705962e+01
1.188024503228359841e+01
1.188031148361059586e+01
1.188030846663734330e+01
1.188024487417614594e+01
1.188033433942579187e+01
1.188028184998294634e+01
1.188026466381177038e+01
1.188033968704929499e+01
1.188025407875182182e+01
1.188029017765592066e+01
1.188032669122779339e+01
1.188024374473451772e+01
1.188032105483645395e+01
1.188030306051108020e+01
1.188024915322646358e+01
1.188033615759250239e+01
1.188027111491476795e+01
1.188027007432248183e+01
1.188033851007451247e+01
1.188025153367087050e+01
1.188030104348817950e+01
1.188032120976321870e+01
1.188024185384590226e+01
1.188032464846602032e+01
1.188029305937860158e+01
1.188025455278917164e+01
1.188034070905378492e+01
1.188026614475704612e+01
1.188027840823083281e+01
1.188033358330683775e+01
1.188024500880934653e+01
1.188030759011037674e+01
1.188031504168794328e+01
1.188024572654420652e+01
1.188033232177662946e+01
1.188028497757133195e+01
1.188025840654413301e+01
1.188033855508609449e+01
1.188025812955853944e+01
1.188028767884462233e+01
1.188033187148122138e+01
1.188024483727031821e+01
1.188031529793295427e+01
1.188030522738286443e+01
1.188024569728538538e+01
1.188033522079978610e+01
1.188027797908451078e+01
1.188026789573596531e+01
1.188033982979321479e+01
1.188025242094908407e+01
1.188029383947752393e+01
1.188032366771911619e+01
1.188024276920811495e+01
1.188032352120590041e+01
1.188029980358862581e+01
1.188025172390294948e+01
1.188033778594323309e+01
1.188026789448897702e+01
1.188027281454570172e+01
1.188033664635897857e+01
1.188024944037926112e+01
1.188030486362157845e+01
1.188031901948414770e+01
1.188024278781975163e+01
1.188032704433436137e+01
1.188028888624448420e+01
1.188025621609114069e+01
1.188034085473332091e+01
1.188026356195811317e+01
1.188028262152102066e+01
1.188033240033314186e+01
1.188024373863941285e+01
1.188031029675719985e+01
1.188031112718838322e+01
1.188024646729631684e+01
1.188033464128191063e+01
1.188028216865913400e+01
1.188026170332311260e+01
1.188033825052887771e+01
1.188025494877842547e+01
1.188029058503552271e+01
1.188032944683756575e+01
1.188024467014608554e+01
1.188031906624778600e+01
1.188030224388199230e+01
1.188024709433221204e+01
1.188033593030869461e+01
1.188027394193085051e+01
1.188027089330726938e+01
1.188033950011188722e+01
1.188025108395321716e+01
1.188029782763995534e+01
1.188032077843674728e+01
1.188024210275265347e+01
1.188032555346248920e+01
1.188029613909150051e+01
1.188025432428934991e+01
1.188033929107854014e+01
1.188026515132246885e+01
1.188027595578445172e+01
1.188033455561527063e+01
1.188024730314069011e+01
1.188030825255468237e+01
1.188031651110278908e+01
1.188024413945658253e+01
1.188032959861751259e+01
1.188028501043434204e+01
1.188025806750650304e+01
1.188034044040219683e+01
1.188026077923002077e+01
1.188028673812535629e+01
1.188033116713850923e+01
1.188024308898602754e+01
1.188031316945772886e+01
1.188030707743594760e+01
1.188024715106597995e+01
1.188033637818509902e+01
1.188027928667562350e+01
1.188026535593347432e+01
1.188033805098781137e+01
1.188025221913633622e+01
1.188029344409680910e+01
1.188032649859885836e+01
1.188024442178602413e+01
1.188032258349021220e+01
1.188029941556227165e+01
1.188024909824568986e+01
1.188033663097149351e+01
1.188026992551176875e+01
1.188027367607665319e+01
1.188033857879985611e+01
1.188024988962099471e+01
1.188030201250690432e+01
1.188031809171483566e+01
1.188024192165507742e+01
1.188032730100186285e+01
1.188029211263225271e+01
1.188025681155270341e+01
1.188034048105489582e+01
1.188026280283191838e+01
1.188027954425831290e+01
1.188033242481513874e+01
1.188024528618184306e+01
1.188031120376268390e+01
1.188031356024244012e+01
1.188024571890065850e+01
1.188033221051815147e+01
1.188028152876734822e+01
1.188026027718847466e+01
1.188033961529507110e+01
1.188025781302960837e+01
1.188029059038943203e+01
1.188032971056149378e+01
1.188024298679167501e+01
1.188031627775656851e+01
1.188030309591759170e+01
1.188024791186811235e+01
1.188033751104450353e+01
1.188027619468218177e+01
1.188026916808379774e+01
1.188033789315321087e+01
1.188025005282493929e+01
1.188029642503593308e+01
1.188032317360319112e+01
1.188024407027225138e+01
1.188032567116751181e+01
1.188029658488650320e+01
1.188025164384929511e+01
1.188033742479307442e+01
1.188026613602307968e+01
1.188027634962143075e+01
1.188033703532482477e+01
1.188024867981100208e+01
1.188030620397708503e+01
1.188031558122419362e+01
1.188024234394671552e+01
1.188032893992838446e+01
1.188028785829961542e+01
1.188025912462821232e+01
1.188034117875023910e+01
1.188026069882666746e+01
1.188028352963033463e+01
1.188033039042193906e+01
1.188024358467077590e+01
1.188031380299155515e+01
1.188031012446643331e+01
1.188024734360244494e+01
1.188033471035271660e+01
1.188027844313757697e+01
1.188026296767595191e+01
1.188033856728757520e+01
1.188025477101588656e+01
1.188029408644917062e+01
1.188032785964337634e+01
1.188024328251735717e+01
1.188031959818357386e+01
1.188029934622132799e+01
1.188024892653559483e+01
1.188033811491095904e+01
1.188027282892073799e+01
1.188027293859061118e+01
1.188033763677092836e+01
1.188024846851443250e+01
1.188029966132302739e+01
1.188031966790732774e+01
1.188024368680855858e+01
1.188032821961171592e+01
1.188029358334639340e+01
1.188025458282547753e+01
1.188033832548688018e+01
1.188026275066394177e+01
1.188027907407699502e+01
1.188033493725200529e+01
1.188024735958612332e+01
1.188031019526095733e+01
1.188031313608643913e+01
1.188024339785745909e+01
1.188033062360230474e+01
1.188028356874469083e+01
1.188026129694393340e+01
1.188034126736531704e+01
1.188025866509997286e+01
1.188028777387624757e+01
1.188032850592159484e+01
1.188024237635526248e+01
1.188031620146120027e+01
1.188030625838074350e+01
1.188024888377094967e+01
1.188033690002214193e+01
1.188027566432265836e+01
1.188026617795424933e+01
1.188033747427303943e+01
1.188025182795959722e+01
1.188029722946871658e+01
1.188032549345352606e+01
1.188024379043496026e+01
1.188032301659443846e+01
1.188029591477153879e+01
1.188025036693644587e+01
1.188033833959402408e+01
1.188026921948626224e+01
1.188027650846558814e+01
1.188033710129876752e+01
1.188024738906178612e+01
1.188030321127679478e+01
1.188031617988492172e+01
1.188024341786135452e+01
1.188033021319548155e+01
1.188029028062395653e+01
1.188025771981138234e+01
1.188033925401006563e+01
1.188025987617015389e+01
1.188028201772509895e+01
1.188033243402442984e+01
1.188024592334456209e+01
1.188031381096402583e+01
1.188031059330730699e+01
1.188024501364607488e+01
1.188033244001521638e+01
1.188027945079032754e+01
1.188026344494818076e+01
1.188034072092925797e+01
1.188025655292743288e+01
1.188029208235333023e+01
1.188032673051884736e+01
1.188024177666845560e+01
1.188031857167323402e+01
1.188030210341749004e+01
1.188025029376546371e+01
1.188033860141120712e+01
1.188027303982776495e+01
1.188026984957615895e+01
1.188033645915011682e+01
1.188024918452678591e+01
1.188030011249482065e+01
1.188032257614025156e+01
1.188024433749269271e+01
1.188032635353347288e+01
1.188029279293142437e+01
1.188025235255819112e+01
1.188033836858330261e+01
1.188026548656705472e+01
1.188027979720990324e+01
1.188033611389204225e+01
1.188024666437980237e+01
1.188030703858675707e+01
1.188031286343829152e+01
1.188024344764888518e+01
1.188033173132422959e+01
1.188028662346264319e+01
1.188026085972531298e+01
1.188034005776362179e+01
1.188025752481795649e+01
1.188028530803642724e+01
1.188032971990216247e+01
1.188024445783251615e+01
1.188031694772882574e+01
1.188030778456427150e+01
1.188024704105136919e+01
1.188033438681426901e+01
1.188027567749905167e+01
1.188026573472984460e+01
1.188033961120936333e+01
1.188025428108614179e+01
1.188029624877761670e+01
1.188032494197116762e+01
1.188024180929941664e+01
1.188032105791135074e+01
1.188029785564264884e+01
1.188025162196596618e+01
1.188033970063508171e+01
1.188027039863510836e+01
1.188027383820558924e+01
1.188033555952172549e+01
1.188024701887473356e+01
1.188030288958072234e+01
1.188031916958078327e+01
1.188024480785694514e+01
1.188032940617334710e+01
1.188028988349301862e+01
1.188025491638266473e+01
1.188033836998373616e+01
1.188026181383508018e+01
1.188028281935090824e+01
1.188033455636830737e+01
1.188024611325974966e+01
1.188031101747879603e+01
1.188030979269501941e+01
1.188024394998638478e+01
1.188033292444610467e+01
1.188028265394184224e+01
1.188026385422262621e+01
1.188034054893761571e+01
1.188025561473995140e+01
1.188028899357829715e+01
1.188032698625225514e+01
1.188024312161943996e+01
1.188031959698655093e+01
1.188030458491880026e+01
1.188024928728060559e+01
1.188033636973756835e+01
1.188027234838515866e+01
1.188026833488805778e+01
1.188033808904350863e+01
1.188025185966023223e+01
1.188030010296930605e+01
1.188032297089477574e+01
1.188024240055247382e+01
1.188032373486033322e+01
1.188029372023028607e+01
1.188025299658448120e+01
1.188034017636712569e+01
1.188026760066440524e+01
1.188027794690456140e+01
1.188033471926467222e+01
1.188024544309035591e+01
1.188030573051269911e+01
1.188031542052462974e+01
1.188024517209915132e+01
1.188033199668674023e+01
1.188028703056333590e+01
1.188025799347311739e+01
1.188033845247496956e+01
1.188025840581634185e+01
1.188028567660667889e+01
1.188033239838211053e+01
1.188024557259685032e+01
1.188031496055330116e+01
1.188030694684993449e+01
1.188024504181462326e+01
1.188033397151936121e+01
1.188027850291550358e+01
1.188026663597644905e+01
1.188034055279629264e+01
1.188025399501182555e+01
1.188029302695044898e+01
1.188032437545540887e+01
1.188024210594545238e+01
1.188032184332844921e+01
1.188030095010531717e+01
1.188025156506857449e+01
1.188033822445540366e+01
1.188026946793493011e+01
1.188027136810978668e+01
1.188033634545840833e+01
1.188024939015920012e+01
1.188030354974924307e+01
1.188032064819616984e+01
1.188024339920666606e+01
1.188032658497855110e+01
1.188028986393515751e+01
1.188025459045348775e+01
1.188034010420527409e+01
1.188026457748945752e+01
1.188028197217809279e+01
1.188033380407326156e+01
1.188024447599809008e+01
1.188030877143335040e+01
1.188031152624505182e+01
1.188024549417757925e+01
1.188033401508282694e+01
1.188028406531828018e+01
1.188026143512174748e+01
1.188033863724981565e+01
1.188025543958431207e+01
1.188028852700615978e+01
1.188032970759602058e+01
1.188024494090058880e+01
1.188031866208056009e+01
1.188030421935170011e+01
1.188024675101252292e+01
1.188033503066949415e+01
1.188027436097391565e+01
1.188026923243935506e+01
1.188033995361517725e+01
1.188025248885162277e+01
1.188029727272584957e+01
1.188032194766553573e+01
1.188024158633945149e+01
1.188032383833696670e+01
1.188029693237847439e+01
1.188025373837598231e+01
1.188033975650949259e+01
1.188026694855651755e+01
1.188027487472053068e+01
1.188033456330340343e+01
1.188024704238034701e+01
1.188030658912333770e+01
1.188031785316361066e+01
1.188024461625101580e+01
1.188032949981794317e+01
1.188028637711363444e+01
1.188025657332676488e+01
1.188033963563571760e+01
1.188026135377568693e+01
1.188028575124872432e+01
1.188033263755644597e+01
1.188024404007684431e+01
1.188031207482319829e+01
1.188030768801444736e+01
1.188024591454914969e+01
1.188033544523831964e+01
1.188028085525493793e+01
1.188026504422737517e+01
1.188033885248352739e+01
1.188025302268295924e+01
1.188029153868818710e+01
1.188032663425729041e+01
1.188024420521065849e+01
1.188032194620556226e+01
1.188030144975486557e+01
1.188024900747617352e+01
1.188033619624045478e+01
1.188027043451795173e+01
1.188027175530731938e+01
1.188033872585629958e+01
1.188025094304067331e+01
1.188030153766666075e+01
