1.188024147592623159e+01
1.188027984555927929e+01
1.188027894176328481e+01
1.188024411139663528e+01
1.188028577015795051e+01
1.188028305776584581e+01
1.188025198047884246e+01
1.188029664352100134e+01
1.188029211962870768e+01
1.188026497171927431e+01
1.188031232151688066e+01
1.188030598164293217e+01
1.188028290113239294e+01
1.188033258991444541e+01
1.188032442853003090e+01
1.188030551482965791e+01
1.188035716739295999e+01
1.188034717864823087e+01
1.188033249264726265e+01
1.188038570952558715e+01
1.188037388815685880e+01
1.188036345272043626e+01
1.188041781367957483e+01
1.188040415607809308e+01
1.188039795693900125e+01
1.188045302476282039e+01
1.188043753018223470e+01
1.188043551720577895e+01
1.188049084173440839e+01
1.188047351361094428e+01
1.188047560240826606e+01
1.188053072478549232e+01
1.188051157214225029e+01
1.188051764600357707e+01
1.188057210308738831e+01
1.188055114199184104e+01
1.188056105410793961e+01
1.188061438299510897e+01
1.188059163803753471e+01
1.188060521397476244e+01
1.188065695658833931e+01
1.188063246234777104e+01
1.188064950273976983e+01
1.188069921042668042e+01
1.188067301289058619e+01
1.188069329630772764e+01
1.188074053439284050e+01
1.188071269229699745e+01
1.188073597825343874e+01
1.188078033049629667e+01
1.188075091655204929e+01
1.188077694860935907e+01
1.188081802151024391e+01
1.188078712348776378e+01
1.188081563241380323e+01
1.188085305931716817e+01
1.188082078095526128e+01
1.188085148789726730e+01
1.188088493284249481e+01
1.188085139455791506e+01
1.188088401418939277e+01
1.188091317546163062e+01
1.188087851483379609e+01
1.188091275843628480e+01
1.188093737177329601e+01
1.188090174378366370e+01
1.188093732222597154e+01
1.188095716364122367e+01
1.188092074065020931e+01
1.188095736723022000e+01
1.188097225541667612e+01
1.188093522686512493e+01
1.188097261998166765e+01
1.188098241826624601e+01
1.188094499009256033e+01
1.188098287571821743e+01
1.188098749354199590e+01
1.188094988731059054e+01
1.188098800123956167e+01
1.188098739514510171e+01
1.188094984688621558e+01
1.188098793673531084e+01
1.188098211084843214e+01
1.188094486961399987e+01
1.188098269655874439e+01
1.188097170255851331e+01
1.188093502870325935e+01
1.188097236893553443e+01
1.188095630551282333e+01
1.188092046871411078e+01
1.188095711461210513e+01
1.188093612642329688e+01
1.188090140345766343e+01
1.188093716446344850e+01
1.188091144059255022e+01
1.188087811289067730e+01
1.188091281609539962e+01
1.188088258804371833e+01
1.188085093904958001e+01
1.188088442949067058e+01
1.188084996871928745e+01
1.188082028108245503e+01
1.188085242176182632e+01
1.188081403681753834e+01
1.188078658945085309e+01
1.188081726108722691e+01
1.188077529434770163e+01
1.188075035938505764e+01
1.188077945991765993e+01
1.188073428399611231e+01
1.188071212368740781e+01
1.188073956755193450e+01
1.188069158140562820e+01
1.188067244498765085e+01
1.188069816218878927e+01
1.188064778697890489e+01
1.188063190756217224e+01
1.188065584256999685e+01
1.188060351732315389e+01
1.188059110883549074e+01
1.188061321933518499e+01
1.188055939645886028e+01
1.188055065068672889e+01
1.188057090621352785e+01
1.188051604691868235e+01
1.188051113068695841e+01
1.188052951117905565e+01
1.188047408086405454e+01
1.188047313339412625e+01
1.188048962769748407e+01
1.188043409134689732e+01
1.188043722183160789e+01
1.188045182619056916e+01
1.188039664384173122e+01
1.188040392927381284e+01
1.188041664584115154e+01
1.188036226816956997e+01
1.188037375145787600e+01
1.188038458685683807e+01
1.188033145092947684e+01
1.188034713933439335e+01
1.188035610330367753e+01
1.188030462854614200e+01
1.188032449246240674e+01
1.188033159661297411e+01
1.188028218103332456e+01
1.188030615314460192e+01
1.188031140985442669e+01
1.188026442656243553e+01
1.188029240138803644e+01
1.188029582285781416e+01
1.188025161691422049e+01
1.188028345076380532e+01
1.188028504825309817e+01
1.188024393387870425e+01
1.188027944522614732e+01
1.188027922848545259e+01
1.188024148665502011e+01
1.188028045693760149e+01
1.188027843384771742e+01
1.188024431028843075e+01
1.188028648513235197e+01
1.188028266155794910e+01
1.188025236516693539e+01
1.188029745603490639e+01
1.188029183589469895e+01
1.188026553758471948e+01
1.188031322383594457e+01
1.188030580938733394e+01
1.188028364136437176e+01
1.188033357271198298e+01
1.188032436504345135e+01
1.188030642051466401e+01
1.188035821986033724e+01
1.188034721958053019e+01
1.188033355288579962e+01
1.188038681950618880e+01
1.188037402761443850e+01
1.188036465476974968e+01
1.188041896782448958e+01
1.188040438674359223e+01
1.188039928637980225e+01
1.188045420870617974e+01
1.188043784345471821e+01
1.188043695813074052e+01
1.188049204028591888e+01
1.188047389976433443e+01
1.188047713762970758e+01
1.188053192213753562e+01
1.188051202049943633e+01
1.188051925727749669e+01
1.188057328303368720e+01
1.188055164111176154e+01
1.188056272237131950e+01
1.188061552915789321e+01
1.188059217591233718e+01
1.188060691959298509e+01
1.188065805265080677e+01
1.188063302660695264e+01
1.188065122576064248e+01
1.188070024036730565e+01
1.188067359100900866e+01
1.188069501671879635e+01
1.188074148271825159e+01
1.188071327180359660e+01
1.188073767623899180e+01
1.188078118246923331e+01
1.188075148523603808e+01
1.188077860480366610e+01
1.188081876336933718e+01
1.188078766959921850e+01
1.188081722814715135e+01
1.188085367848528051e+01
1.188082129339704629e+01
1.188085300543141543e+01
1.188088541812052945e+01
1.188085186306607710e+01
1.188088543693935861e+01
1.188091351720491318e+01
1.188087893014366259e+01
1.188091407117536491e+01
1.188093756204793117e+01
1.188090209777919348e+01
1.188093851127135814e+01
1.188095719635800052e+01
1.188092102649438431e+01
1.188095842060661766e+01
1.188097212644050238e+01
1.188093543910934535e+01
1.188097352756091851e+01
1.188098212549935084e+01
1.188094512476350850e+01
1.188098362933293473e+01
1.188098703697961156e+01
1.188094994197318144e+01
1.188098859476946423e+01
1.188098677690261695e+01
1.188094982068180272e+01
1.188098836616512877e+01
1.188098133515947907e+01
1.188094476327314553e+01
1.188098296000706000e+01
1.188097077574388116e+01
1.188093484453299098e+01
1.188097246665432749e+01
1.188095523592038028e+01
1.188092021055981817e+01
1.188095704895712501e+01
1.188093492433971754e+01
1.188090107664017836e+01
1.188093693983606869e+01
1.188091011812783826e+01
1.188087772411953580e+01
1.188091243885687120e+01
1.188088115899004293e+01
1.188085049631374801e+01
1.188088390785019044e+01
1.188084844838597398e+01
1.188081979352015161e+01
1.188085176564018752e+01
1.188081244184435192e+01
1.188078606720043950e+01
1.188081648195806395e+01
1.188077364249893719e+01
1.188074981341921266e+01
1.188077857062871701e+01
1.188073259393825154e+01
1.188071156563312769e+01
1.188073858212909784e+01
1.188068987247153707e+01
1.188067188693475273e+01
1.188069709562569720e+01
1.188064607892181357e+01
1.188063136186321955e+01
1.188065471060631495e+01
1.188060183006363602e+01
1.188059058790017097e+01
1.188061203822697109e+01
1.188055774982840163e+01
1.188055016677378539e+01
1.188056969249877426e+01
1.188051446040320869e+01
1.188051069569693574e+01
1.188052828144202699e+01
1.188047257335098728e+01
1.188047275866598618e+01
1.188048839833512815e+01
1.188043268087912274e+01
1.188043691794645618e+01
1.188045061318440787e+01
1.188039534738191527e+01
1.188040370586871930e+01
1.188041546453785813e+01
1.188036110137799639e+01
1.188037361705269390e+01
1.188038345176062549e+01
1.188033042795841965e+01
1.188034710117437243e+01
1.188035502788343578e+01
1.188030376185368731e+01
1.188032455637898188e+01
1.188033059312681949e+01
1.188028148121906113e+01
1.188030632343672544e+01
1.188031048919402011e+01
1.188026390222735884e+01
1.188029268072592437e+01
1.188029499441468495e+01
1.188025127454674745e+01
1.188028384011675342e+01
1.188028431980859345e+01
1.188024377776832985e+01
1.188027994381570629e+01
1.188027860612585052e+01
1.188024151883486113e+01
1.188028106221699076e+01
1.188027792190545640e+01
1.188024453050739027e+01
1.188028719279266276e+01
1.188028226257967290e+01
1.188025277089193565e+01
1.188029826003818457e+01
1.188029155063632736e+01
1.188026612403292503e+01
1.188031411647492419e+01
1.188030563683601137e+01
1.188028440156501553e+01
1.188033454469575823e+01
1.188032430246584426e+01
1.188030734539960243e+01
1.188035926042493706e+01
1.188034726259654406e+01
1.188033463140760304e+01
1.188038791654862791e+01
1.188037417029501519e+01
1.188036587404569921e+01
1.188042010805845194e+01
1.188040462173094269e+01
1.188040063185983541e+01
1.188045537783727568e+01
1.188043816210307035e+01
1.188043841378707377e+01
1.188049322320406276e+01
1.188047429229885132e+01
1.188047868616552982e+01
1.188053310312372268e+01
1.188051247619085160e+01
1.188052088035190401e+01
1.188057444597828649e+01
1.188055214846394136e+01
1.188056440083743759e+01
1.188061665778738352e+01
1.188059272285987866e+01
1.188060863374597353e+01
1.188065913075958058e+01
1.188063360071975083e+01
1.188065295559233547e+01
1.188070125205134531e+01
1.188067417970066408e+01
1.188069674217534200e+01
1.188074241260719077e+01
1.188071386254045692e+01
1.188073937747812359e+01
1.188078201595348560e+01
1.188075206574372444e+01
1.188078026244802032e+01
1.188081948681889877e+01
1.188078822806348356e+01
1.188081882353023921e+01
1.188085427945704176e+01
1.188082181865594222e+01
1.188085452083295479e+01
1.188088588555099356e+01
1.188085234479052232e+01
1.188088685580666670e+01
1.188091384158545161e+01
1.188087935900372649e+01
1.188091537832794309e+01
1.188093773557993948e+01
1.188090246559359109e+01
1.188093969308589593e+01
1.188095721308557806e+01
1.188092132636093012e+01
1.188095946517993440e+01
1.188097198235865903e+01
1.188093566551447999e+01
1.188097442484869326e+01
1.188098181863596281e+01
1.188094527366916786e+01
1.188098437126247831e+01
1.188098656744988801e+01
1.188095001087985025e+01
1.188098917532499676e+01
1.188098614693504729e+01
1.188094980866669204e+01
1.188098878144459114e+01
1.188098054909275980e+01
1.188094467100301799e+01
1.188098320824981968e+01
1.188096983999471057e+01
1.188093467425144922e+01
1.188097254823946614e+01
1.188095415892236772e+01
1.188091996604917355e+01
1.188095696637260801e+01
1.188093371645412866e+01
1.188090076315862476e+01
1.188093669761930293e+01
1.188090879152726487e+01
1.188087734831442432e+01
1.188091204350769914e+01
1.188087972751649168e+01
1.188085006611238015e+01
1.188088336771770415e+01
1.188084692738517134e+01
1.188081931799968771e+01
1.188085109078510015e+01
1.188081084797853748e+01
1.188078555643888023e+01
1.188081568399274168e+01
1.188077199354054159e+01
1.188074927832973593e+01
1.188077766253735135e+01
1.188073090854730118e+01
1.188071101778424499e+01
1.188073757807055841e+01
1.188068816995973798e+01
1.188067133835899725e+01
1.188069601072214887e+01
1.188064437900650638e+01
1.188063082485733091e+01
1.188065356072057277e+01
1.188060015261500268e+01
1.188059007481973062e+01
1.188061083973193277e+01
1.188055611461329697e+01
1.188054968982547699e+01
1.188056846204226247e+01
1.188051288682915541e+01
1.188051026673159249e+01
1.188052703571042024e+01
1.188047108021378229e+01
1.188047238897561719e+01
1.188048715381922626e+01
1.188043128611756138e+01
1.188043661806834628e+01
1.188044938595084865e+01
1.188039406784290719e+01
1.188040348539970559e+01
1.188041427000935535e+01
1.188035995259537003e+01
1.188037348447644526e+01
1.188038230450811916e+01
1.188032942394839075e+01
1.188034706370442883e+01
1.188035394143307855e+01
1.188030291492976076e+01
1.188032461982007959e+01
1.188032957978444770e+01
1.188028080182902002e+01
1.188030649206657863e+01
1.188030955988958404e+01
1.188026339881448479e+01
1.188029295719945644e+01
1.188029415856863302e+01
1.188025095343718540e+01
1.188028422539441209e+01
1.188028358522211292e+01
1.188024364308618885e+01
1.188028043711707404e+01
1.188027797889621340e+01
1.188024157244618628e+01
1.188028166100062322e+01
1.188027740636763419e+01
1.188024477199384599e+01
1.188028789276267361e+01
1.188028186127477070e+01
1.188025319755447740e+01
1.188029905517770324e+01
1.188029126430711990e+01
1.188026673092550212e+01
1.188031499910608346e+01
1.188030546444938906e+01
1.188028518155783253e+01
1.188033550556560947e+01
1.188032424126165232e+01
1.188030828927109361e+01
1.188036028881618833e+01
1.188034730816179518e+01
1.188033572796384263e+01
1.188038900041374646e+01
1.188037431666225885e+01
1.188036711026569492e+01
1.188042123417537610e+01
1.188040486149907871e+01
1.188040199306467493e+01
1.188045653198454588e+01
1.188043848657861368e+01
1.188043988383064153e+01
1.188049439035300381e+01
1.188047469165540981e+01
1.188048024764421129e+01
1.188053426764496834e+01
1.188051293964426591e+01
1.188052251483041921e+01
1.188057559185966738e+01
1.188055266446034786e+01
1.188056608908770428e+01
1.188061776886012844e+01
1.188059327927378384e+01
1.188061035599582738e+01
1.188066019092959280e+01
1.188063418505901225e+01
1.188065469178057043e+01
1.188070224553215759e+01
1.188067477931532778e+01
1.188069847220978659e+01
1.188074332415125589e+01
1.188071446483212767e+01
1.188074108149308827e+01
1.188078283107841315e+01
1.188075265837244032e+01
1.188078192105772857e+01
1.188082019202534667e+01
1.188078879914884922e+01
1.188082041807473743e+01
1.188085486243497080e+01
1.188082235696953859e+01
1.188085603361316167e+01
1.188088633537131145e+01
1.188085283993668639e+01
1.188088827030547989e+01
1.188091414887412611e+01
1.188087980158601198e+01
1.188091667941432661e+01
1.188093789267198019e+01
1.188090284736440694e+01
1.188094086719923759e+01
1.188095721415649919e+01
1.188092164035210097e+01
1.188096050049227159e+01
1.188097182353144987e+01
1.188093590614683137e+01
1.188097531140260266e+01
1.188098149806185866e+01
1.188094543683952153e+01
1.188098510108285666e+01
1.188098608536157741e+01
1.188095009402405289e+01
1.188098974250334727e+01
1.188098550567145395e+01
1.188094981079786372e+01
1.188098918219470868e+01
1.188097975309484156e+01
1.188094459272439529e+01
1.188098344093427805e+01
1.188096889577214732e+01
1.188093451774367537e+01
1.188097261336673860e+01
1.188095307499144937e+01
1.188091973503223109e+01
1.188095686656492944e+01
1.188093250324758543e+01
1.188090046282896850e+01
1.188093643755196815e+01
1.188090746127708286e+01
1.188087698525836799e+01
1.188091162982076021e+01
1.188087829411123941e+01
1.188084964819688949e+01
1.188088280890151616e+01
1.188084540620372387e+01
1.188081885424239204e+01
1.188085039704141899e+01
1.188080925570233326e+01
1.188078505685914976e+01
1.188081486707359069e+01
1.188077034794691045e+01
1.188074875378313777e+01
1.188077673556397684e+01
1.188072922828661326e+01
1.188071047978284511e+01
1.188073655533521844e+01
1.188068647431938629e+01
1.188067079888027777e+01
1.188069490747565737e+01
1.188064268766493647e+01
1.188063029614456312e+01
1.188065239294875042e+01
1.188059848538906849e+01
1.188058956917684483e+01
1.188060962392414943e+01
1.188055449120242635e+01
1.188054921940967290e+01
1.188056721495552814e+01
1.188051132655982123e+01
1.188050984334667604e+01
1.188052577413237465e+01
1.188046960178770561e+01
1.188047202386938750e+01
1.188048589433341817e+01
1.188042990736715865e+01
1.188043632173712005e+01
1.188044814470773503e+01
1.188039280549727827e+01
1.188040326740294184e+01
1.188041306250616103e+01
1.188035882206003713e+01
1.188037335326451505e+01
1.188038114538078105e+01
1.188032843910184511e+01
1.188034702646209162e+01
1.188035284426308991e+01
1.188030208793957776e+01
1.188032468232826311e+01
1.188032855692329726e+01
1.188028014299006330e+01
1.188030665858464197e+01
1.188030862230324658e+01
1.188026291641143573e+01
1.188029323036990448e+01
1.188029331570412950e+01
1.188025065363331834e+01
1.188028460617162807e+01
1.188028284489793052e+01
1.188024352983989118e+01
1.188028092472137409e+01
1.188027734721800144e+01
1.188024164745640832e+01
1.188028225289854412e+01
1.188027688767017764e+01
1.188024503467520887e+01
1.188028858467389881e+01
1.188028145809084890e+01
1.188025364504245474e+01
1.188029984110882431e+01
1.188029097736350970e+01
1.188026735811158829e+01
1.188031587141090384e+01
1.188030529268984736e+01
1.188028598115423762e+01
1.188033645503126756e+01
1.188032418189624195e+01
1.188030925190408205e+01
1.188036130477401286e+01
1.188034735674172815e+01
1.188033684229453613e+01
1.188039007087343180e+01
1.188037446717878787e+01
1.188036836313658640e+01
1.188042234598067637e+01
1.188040510650489168e+01
1.188040336966997401e+01
1.188045767098831362e+01
1.188043881732966689e+01
1.188044136790810512e+01
1.188049554160916088e+01
1.188047509827096704e+01
1.188048182168582834e+01
1.188053541561469650e+01
1.188051341128256588e+01
1.188052416030909164e+01
1.188057672062894277e+01
1.188055318950719297e+01
1.188056778669691482e+01
1.188061886236542364e+01
1.188059384554105335e+01
1.188061208589890683e+01
1.188066123318852085e+01
1.188063477999017614e+01
1.188065643386629944e+01
1.188070322087576791e+01
1.188067539019458074e+01
1.188070020635076141e+01
1.188074421745452192e+01
1.188071507899426216e+01
1.188074278780340620e+01
1.188078362798563248e+01
1.188075326340996440e+01
1.188078358014643854e+01
1.188082087916702001e+01
1.188078938311344679e+01
1.188082201129165405e+01
1.188085542763310265e+01
1.188082290856473300e+01
1.188085754328372623e+01
1.188088676782994213e+01
1.188085334869884946e+01
1.188088967995144252e+01
1.188091443935230274e+01
1.188088025805100045e+01
1.188091797395732563e+01
1.188093803363656420e+01
1.188090324321732183e+01
1.188094203314455299e+01
1.188095719991245502e+01
1.188092196855800786e+01
1.188096152609025324e+01
1.188097165032759506e+01
1.188093616106042560e+01
1.188097618678571799e+01
1.188098116417039307e+01
1.188094561429215190e+01
1.188098581837648915e+01
1.188098559113013764e+01
1.188095019138683561e+01
1.188099029590900457e+01
1.188098485354670686e+01
1.188094982701995050e+01
1.188098956804459583e+01
1.188097894761714279e+01
1.188094452834584658e+01
1.188098365771659637e+01
1.188096794354118657e+01
1.188093437488275050e+01
1.188097266172154498e+01
1.188095198460313995e+01
1.188091951734734053e+01
1.188095674925072309e+01
1.188093128520295672e+01
1.188090017545586541e+01
1.188093615938370817e+01
1.188090612786427869e+01
1.188087663472350464e+01
1.188091119758026082e+01
1.188087685926216786e+01
1.188084924230832229e+01
1.188088223122168507e+01
1.188084388532712765e+01
1.188081840195980377e+01
1.188084968426614552e+01
1.188080766549558476e+01
1.188078456814507078e+01
1.188081403109535117e+01
1.188076870618899861e+01
1.188074823943746061e+01
1.188077578964161773e+01
1.188072755361507227e+01
1.188070995126332541e+01
1.188073551389467220e+01
1.188068478599422306e+01
1.188067026811158300e+01
1.188069378589644920e+01
1.188064100532267275e+01
1.188062977531885878e+01
1.188065120733947921e+01
1.188059682879034362e+01
1.188058907054897162e+01
1.188060839089021137e+01
1.188055287997652520e+01
1.188054875508994357e+01
1.188056595136242244e+01
1.188050977994956270e+01
1.188050942509458530e+01
1.188052449686803769e+01
1.188046813839833860e+01
1.188047166289130985e+01
1.188048462007299833e+01
1.188042854492250555e+01
1.188043602849120361e+01
1.188044688968408913e+01
1.188039156060660595e+01
1.188040305141417541e+01
1.188041184228945468e+01
1.188035770999879226e+01
1.188037322295286380e+01
1.188037997467015217e+01
1.188032747360926678e+01
1.188034698898644592e+01
1.188035173669338818e+01
1.188030128103599736e+01
1.188032474344864653e+01
1.188032752488953747e+01
1.188027950481636985e+01
1.188030682254494330e+01
1.188030767680512767e+01
1.188026245509294831e+01
1.188029349980300964e+01
1.188029246621279533e+01
1.188025037516993265e+01
1.188028498202863048e+01
1.188028209924662626e+01
1.188024343802402605e+01
1.188028140622604667e+01
1.188027671151809983e+01
1.188024174381993170e+01
1.188028283752796099e+01
1.188027636625352024e+01
1.188024531846600951e+01
1.188028926816578945e+01
1.188028105347906660e+01
1.188025411323111236e+01
1.188030061749562805e+01
1.188029069026451978e+01
1.188026800542798078e+01
1.188031673308031522e+01
1.188030512202133515e+01
1.188028680015366234e+01
1.188033739281254242e+01
1.188032412483559952e+01
1.188031023306201917e+01
1.188036230804898707e+01
1.188034740880141626e+01
1.188033797412872872e+01
1.188039112771075345e+01
1.188037462230585284e+01
1.188036963235485288e+01
1.188042344329142708e+01
1.188040535720292468e+01
1.188040476134171897e+01
1.188045879470094768e+01
1.188043915480124113e+01
1.188044286565721741e+01
1.188049667686125943e+01
1.188047551257823464e+01
1.188048340790232515e+01
1.188053654695887751e+01
1.188051389152347781e+01
1.188052581637671423e+01
1.188057783224993891e+01
1.188055372400461351e+01
1.188056949323346423e+01
1.188061993830531193e+01
1.188059442204180982e+01
1.188061382300616131e+01
1.188066225757676619e+01
1.188063538587094925e+01
1.188065818138604079e+01
1.188070417816081381e+01
1.188067601267157869e+01
1.188070194412350489e+01
1.188074509263351963e+01
1.188071570533337251e+01
1.188074449592621207e+01
1.188078440682890502e+01
1.188075388113428410e+01
1.188078523922642837e+01
1.188082154843407956e+01
1.188078998020503718e+01
1.188082360269172177e+01
1.188085597527687121e+01
1.188082347365755354e+01
1.188085904935709713e+01
1.188088718318621595e+01
1.188085387125998338e+01
1.188089108426198237e+01
1.188091471331162730e+01
1.188088072854747068e+01
1.188091926148259425e+01
1.188093815879583737e+01
1.188090365326603859e+01
1.188094319045886493e+01
1.188095717070406643e+01
1.188092231105658314e+01
1.188096254152535636e+01
1.188097146312393626e+01
1.188093643029693425e+01
1.188097705056691922e+01
1.188098081736223754e+01
1.188094580603223349e+01
1.188098652273249201e+01
1.188098508517746055e+01
1.188095030293685461e+01
1.188099083515402299e+01
1.188098419100115954e+01
1.188094985726529629e+01
1.188098993863176744e+01
1.188097813311561701e+01
1.188094447776381024e+01
1.188098385826208236e+01
1.188096698377036553e+01
1.188093424552985056e+01
1.188097269299911574e+01
1.188095088823545709e+01
1.188091931282129465e+01
1.188095661415709259e+01
1.188093006280455910e+01
1.188089990083276959e+01
1.188093586287518910e+01
1.188090479177627223e+01
1.188087629647124821e+01
1.188091074658189861e+01
1.188087542345650327e+01
1.188084884817751075e+01
1.188088163451018886e+01
1.188084236523915216e+01
1.188081796085386799e+01
1.188084895232850080e+01
1.188080607783537346e+01
1.188078408997149360e+01
1.188081317596521380e+01
1.188076706873397548e+01
1.188074773494250991e+01
1.188077482471592283e+01
1.188072588498679849e+01
1.188070943185258166e+01
1.188073445373323977e+01
1.188068310542221617e+01
1.188066974565920830e+01
1.188069264600745889e+01
1.188063933239858905e+01
1.188062926196838198e+01
1.188065000395402748e+01
1.188059518321578167e+01
1.188058857850865202e+01
1.188060714072916646e+01
1.188055128130789129e+01
1.188054829642587684e+01
1.188056467139898764e+01
1.188050824734353839e+01
1.188050901152466388e+01
1.188052320408945661e+01
1.188046669036133096e+01
1.188047130558330444e+01
1.188048333124473466e+01
1.188042719906759892e+01
1.188043573786795370e+01
1.188044562111997138e+01
1.188039033342130324e+01
1.188040283696906663e+01
1.188041060963089457e+01
1.188035661662675402e+01
1.188037309307837397e+01
1.188037879267763586e+01
1.188032652764902153e+01
1.188034695081849179e+01
1.188035061905310741e+01
1.188030049435941038e+01
1.188032480272923941e+01
1.188032648403780733e+01
1.188027888740939630e+01
1.188030698350534564e+01
1.188030672377304775e+01
1.188026201492083800e+01
1.188029376506932167e+01
1.188029161049314020e+01
1.188025011806877274e+01
1.188028535255138785e+01
1.188028134868480556e+01
1.188024336762013000e+01
1.188028188123510454e+01
1.188027607222850257e+01
1.188024186147818995e+01
1.188028341451352787e+01
1.188027584256227698e+01
1.188024562326798161e+01
1.188028994288606199e+01
1.188028064789381943e+01
1.188025460198313432e+01
1.188030138401118840e+01
1.188029040347142029e+01
1.188026867269923237e+01
1.188031758381490199e+01
1.188030495290910693e+01
1.188028763834373258e+01
1.188033831863955925e+01
1.188032407054599915e+01
1.188031123249702325e+01
1.188036329840259953e+01
1.188034746480522941e+01
1.188033912318471508e+01
1.188039217072016740e+01
1.188037478250300083e+01
1.188037091760686970e+01
1.188042452593649578e+01
1.188040561404504203e+01
1.188040616773647962e+01
1.188045990298695642e+01
1.188043949943470246e+01
1.188044437670705022e+01
1.188049779601046119e+01
1.188047593500533949e+01
1.188048500589782108e+01
1.188053766161607427e+01
1.188051438077924971e+01
1.188052748261510239e+01
1.188057892669918125e+01
1.188055426834644202e+01
1.188057120825971502e+01
1.188062099669457439e+01
1.188059500914900646e+01
1.188061556686343678e+01
1.188066326414743124e+01
1.188063600305113887e+01
1.188065993387222896e+01
1.188070511747851121e+01
1.188067664707079985e+01
1.188070368505014685e+01
1.188074594981710064e+01
1.188071634414662370e+01
1.188074620537658888e+01
1.188078516777405547e+01
1.188075451181344278e+01
1.188078689780900987e+01
1.188082220002835143e+01
1.188079059066089727e+01
1.188082519178573193e+01
1.188085650560290141e+01
1.188082405245304152e+01
1.188086055134684393e+01
1.188088758171013559e+01
1.188085440779163982e+01
1.188089248275670506e+01
1.188091497105380512e+01
1.188088121321245083e+01
1.188092054151896981e+01
1.188093826848134782e+01
1.188090407761222522e+01
1.188094433868338839e+01
1.188095712689060512e+01
1.188092266791351292e+01
1.188096354635421648e+01
1.188097126230520040e+01
1.188093671388567074e+01
1.188097790232119522e+01
1.188098045804506597e+01
1.188094601205253831e+01
1.188098721374698741e+01
1.188098456793154512e+01
1.188095042863039552e+01
1.188099135985829413e+01
1.188098351848035072e+01
1.188094990145395968e+01
1.188099029360236258e+01
1.188097731005039748e+01
1.188094444086264367e+01
1.188098404224540161e+01
1.188096601693140819e+01
1.188093412953435113e+01
1.188097270690473373e+01
1.188094978636856958e+01
1.188091912126940741e+01
1.188095646102177128e+01
1.188092883653784959e+01
1.188089963874209332e+01
1.188093554779824679e+01
1.188090345350052068e+01
1.188087597025245401e+01
1.188091027663300636e+01
1.188087398718047361e+01
1.188084846552528795e+01
1.188088101861101187e+01
1.188084084642153293e+01
1.188081753061709733e+01
1.188084820111002315e+01
1.188080449319567755e+01
1.188078362200456439e+01
1.188081230160290325e+01
1.188076543604490354e+01
1.188074723994007975e+01
1.188077384074519749e+01
1.188072422285078211e+01
1.188070892117029942e+01
1.188073337484793868e+01
1.188068143303527435e+01
1.188066923112308082e+01
1.188069148784431306e+01
1.188063766930457632e+01
1.188062875567576882e+01
1.188064878286623838e+01
1.188059354905445097e+01
1.188058809262382276e+01
1.188060587355245623e+01
1.188054969556015372e+01
1.188054784297337640e+01
1.188056337521340033e+01
1.188050672907744243e+01
1.188050860218355531e+01
1.188052189598041863e+01
1.188046525798216102e+01
1.188047095148554888e+01
1.188048202806674425e+01
1.188042587007563000e+01
1.188043544940395968e+01
1.188044433926627086e+01
1.188038912418042337e+01
1.188040262360351740e+01
1.188040936481242227e+01
1.188035554214720513e+01
1.188037296317915192e+01
1.188037759971430773e+01
1.188032560138721472e+01
1.188034691150144972e+01
1.188034949168034160e+01
1.188029972803761858e+01
1.188032485972125940e+01
1.188032543473098457e+01
1.188027829085777221e+01
1.188030714102790064e+01
1.188030576359225066e+01
1.188026159594395104e+01
1.188029402574449378e+01
1.188029074895026760e+01
1.188024988233856050e+01
1.188028571733185856e+01
1.188028059363479194e+01
1.188024331859671712e+01
1.188028234935944916e+01
1.188027542978602646e+01
1.188024200035971134e+01
1.188028398348758330e+01
1.188027531704494244e+01
1.188024594897013309e+01
1.188029060849090257e+01
1.188028024179240738e+01
1.188025511114874355e+01
1.188030214033779153e+01
1.188029011744743002e+01
1.188026935973780951e+01
1.188031842332515176e+01
1.188030478581933380e+01
1.188028849550040889e+01
1.188033923225292199e+01
1.188032401949365457e+01
1.188031224995005353e+01
1.188036427560734332e+01
1.188034752521648763e+01
1.188034028917022056e+01
1.188039319970762975e+01
1.188037494822776807e+01
1.188037221856909476e+01
1.188042559375666229e+01
1.188040587748013444e+01
1.188040758850162604e+01
1.188046099572309267e+01
1.188043985166750893e+01
1.188044590067830164e+01
1.188049889897041744e+01
1.188047636597558032e+01
1.188048661526887884e+01
1.188053875953754179e+01
1.188051487945639906e+01
1.188052915859943326e+01
1.188058000396597258e+01
1.188055482291989939e+01
1.188057293133230097e+01
1.188062203756078183e+01
1.188059560722818553e+01
1.188061731701185586e+01
1.188066425296629092e+01
1.188063663187236330e+01
1.188066169085350943e+01
1.188070603893258514e+01
1.188067729370782288e+01
1.188070542865011170e+01
1.188074678914640181e+01
1.188071699572163986e+01
1.188074791566793920e+01
1.188078591099884207e+01
1.188075515570531770e+01
1.188078855540482692e+01
1.188082283416317786e+01
1.188079121470758892e+01
1.188082677808489862e+01
1.188085701885887246e+01
1.188082464514507564e+01
1.188086204876799989e+01
1.188088796368220912e+01
1.188085495845382056e+01
1.188089387495771732e+01
1.188091521289042518e+01
1.188088171217110123e+01
1.188092181359881927e+01
1.188093836303380613e+01
1.188090451634542433e+01
1.188094547736386275e+01
1.188095706883976099e+01
1.188092303918218562e+01
1.188096454013894210e+01
1.188097104826368344e+01
1.188093701184356554e+01
1.188097874162992262e+01
1.188098008663329175e+01
1.188094623233343938e+01
1.188098789102337705e+01
1.188098403982621143e+01
1.188095056841139652e+01
1.188099186964983467e+01
1.188098283643467390e+01
1.188094995949382238e+01
1.188099063261141453e+01
1.188097647888550412e+01
1.188094441751471919e+01
1.188098420935082444e+01
1.188096504349887539e+01
1.188093402673392696e+01
1.188097270315391363e+01
1.188094867948447231e+01
1.188091894249567204e+01
1.188095628959332117e+01
1.188092760688899929e+01
1.188089938895535091e+01
1.188093521393606267e+01
1.188090211352417747e+01
1.188087565580756788e+01
1.188090978755268701e+01
1.188087255091893546e+01
1.188084809406266018e+01
1.188088038338024788e+01
1.188083932935358078e+01
1.188081711093284376e+01
1.188084743050462500e+01
1.188080291204704508e+01
1.188078316390192590e+01
1.188081140794073320e+01
1.188076380858037240e+01
1.188074675406424063e+01
1.188077283770045689e+01
1.188072256765057588e+01
1.188070841882922046e+01
1.188073227724852643e+01
1.188067976925889901e+01
1.188066872409702412e+01
1.188069031145528598e+01
1.188063601644521050e+01
1.188062825601842043e+01
1.188064754416247482e+01
1.188059192668725572e+01
1.188058761245810047e+01
1.188060458948381637e+01
1.188054812308796748e+01
1.188054739428496731e+01
1.188056206296583106e+01
1.188050522547725762e+01
1.188050819661549617e+01
1.188052057273636208e+01
1.188046384155594737e+01
1.188047060013681033e+01
1.188048071076832279e+01
1.188042455820882104e+01
1.188043516263540411e+01
1.188044304438454901e+01
1.188038793311149810e+01
1.188040241085400694e+01
1.188040810812606196e+01
1.188035448675142725e+01
1.188037283279489031e+01
1.188037639610066165e+01
1.188032469497759003e+01
1.188034687058110705e+01
1.188034835492192087e+01
1.188029898218577074e+01
1.188032491397945023e+01
1.188032437733991564e+01
1.188027771523724319e+01
1.188030729467912749e+01
1.188030479665516204e+01
1.188026119819812365e+01
1.188029428140957044e+01
1.188028988199559421e+01
1.188024966797495452e+01
1.188028607596831776e+01
1.188027983452433034e+01
1.188024329090930031e+01
1.188028281021714427e+01
1.188027478463198428e+01
1.188024216038014558e+01
1.188028454409045409e+01
1.188027479015356747e+01
1.188024629544881172e+01
1.188029126464524410e+01
1.188027983563473633e+01
1.188025564056583327e+01
1.188030288616716490e+01
1.188028983265736471e+01
1.188027006634421134e+01
1.188031925133165068e+01
1.188030462121883168e+01
1.188028937138814811e+01
1.188034013340394779e+01
1.188032397214441360e+01
1.188031328515113394e+01
1.188036523944693634e+01
1.188034759049716271e+01
1.188034147178262856e+01
1.188039421449078148e+01
1.188037511993535311e+01
1.188037353490832970e+01
1.188042664660476078e+01
1.188040614795379391e+01
1.188040902327564474e+01
1.188046207279845490e+01
1.188044021193285360e+01
1.188044743718355178e+01
1.188049998566733834e+01
1.188047680590709732e+01
1.188048823560481004e+01
1.188053984068722357e+01
1.188051538795540374e+01
1.188053084389851044e+01
1.188058106405235037e+01
1.188055538810532852e+01
1.188057466200245749e+01
1.188062306094421672e+01
1.188059621663721543e+01
1.188061907298808073e+01
1.188066522411176429e+01
1.188063727266780312e+01
1.188066345185515615e+01
1.188070694263919158e+01
1.188067795288911377e+01
1.188070717444042756e+01
1.188074761077472985e+01
1.188071766033626986e+01
1.188074962631231912e+01
1.188078663669283941e+01
1.188075581305747086e+01
1.188079021152425696e+01
1.188082345106331594e+01
1.188079185256085069e+01
1.188082836110118023e+01
1.188085751530333312e+01
1.188082525191624406e+01
1.188086354113740484e+01
1.188088832939321549e+01
1.188085552339487094e+01
1.188089526038995913e+01
1.188091543914271675e+01
1.188088222553659890e+01
1.188092307725835539e+01
1.188093844280284550e+01
1.188090496954299091e+01
1.188094660605085906e+01
1.188095699692736673e+01
1.188092342490367415e+01
1.188096552244743798e+01
1.188097082139902483e+01
1.188093732417513593e+01
1.188097956808117672e+01
1.188097970354774446e+01
1.188094646684290012e+01
1.188098855417262278e+01
1.188098350130076675e+01
1.188095072221148740e+01
1.188099236416502080e+01
1.188098214531904517e+01
1.188095003128059979e+01
1.188099095532307814e+01
1.188097564008846874e+01
1.188094440758050752e+01
1.188098435927243735e+01
1.188096406394984683e+01
1.188093393695465849e+01
1.188097268147262398e+01
1.188094756806659191e+01
1.188091877629286230e+01
1.188095609963131594e+01
1.188092637434461096e+01
1.188089915123330975e+01
1.188093486108327745e+01
1.188090077233374586e+01
1.188087535286683938e+01
1.188090927917192730e+01
1.188087111515504368e+01
1.188084773349100409e+01
1.188087972868621200e+01
1.188083781451184784e+01
1.188081670147548863e+01
1.188084664041868521e+01
1.188080133485623868e+01
1.188078271531296082e+01
1.188081049492362595e+01
1.188076218679417906e+01
1.188074627694155438e+01
1.188077181556538342e+01
1.188072091982397183e+01
1.188070792443540746e+01
1.188073116095743309e+01
1.188067811451190892e+01
1.188066822416902468e+01
1.188068911690128182e+01
1.188063437421748958e+01
1.188062776256881392e+01
1.188064628794153954e+01
1.188059031648669617e+01
1.188058713757108187e+01
1.188060328865917903e+01
1.188054656423678068e+01
1.188054694991014415e+01
1.188056073482832176e+01
1.188050373685904404e+01
1.188050779436262161e+01
1.188051923456419701e+01
1.188046244136718599e+01
1.188047025107475640e+01
1.188047937958977229e+01
1.188042326371819968e+01
1.188043487709833634e+01
1.188044173674683179e+01
1.188038676043036190e+01
1.188040219825790267e+01
1.188040683987369661e+01
1.188035345061858905e+01
1.188037270146715585e+01
1.188037518216640187e+01
1.188032380856141934e+01
1.188034682760612526e+01
1.188034720913314324e+01
1.188029825690626851e+01
1.188032496506239433e+01
1.188032331224315286e+01
1.188027716061064432e+01
1.188030744403035044e+01
1.188030382336107849e+01
1.188026082170615894e+01
1.188029453165133908e+01
1.188028901004658167e+01
1.188024947496059625e+01
1.188028642806562907e+01
1.188027907178630649e+01
1.188024328450043754e+01
1.188028326343369656e+01
1.188027413721189873e+01
1.188024234144235791e+01
1.188028509597070581e+01
1.188027426234345008e+01
1.188024666256782780e+01
1.188029191102299187e+01
1.188027942988297880e+01
1.188025619006005762e+01
1.188030362120072603e+01
1.188028954956734395e+01
1.188027079230713667e+01
1.188032006756527537e+01
1.188030445957470604e+01
1.188029026576010772e+01
1.188034102185481267e+01
1.188032392896343126e+01
1.188031433781952551e+01
1.188036618971648295e+01
1.188034766110754603e+01
1.188034267070921679e+01
1.188039521489903372e+01
1.188037529807829529e+01
1.188037486628196682e+01
1.188042768434576679e+01
1.188040642590799223e+01
1.188041047168834652e+01
1.188046313411456900e+01
1.188044058065941044e+01
1.188044898582755238e+01
1.188050105604006923e+01
1.188047725521258080e+01
1.188048986648796657e+01
1.188054090504180493e+01
1.188051590667043200e+01
1.188053253807511567e+01
1.188058210697315076e+01
1.188055596427594196e+01
1.188057639981633784e+01
1.188062406689788553e+01
1.188059683772605446e+01
1.188062083432470750e+01
1.188066617767482924e+01
1.188063792576201116e+01
1.188066521639934514e+01
1.188070782872686948e+01
1.188067862491181259e+01
1.188070892193609041e+01
1.188074841486744759e+01
1.188071833825843804e+01
1.188075133682079532e+01
1.188078734505730694e+01
1.188075648410694463e+01
1.188079186567773959e+01
1.188082405096470850e+01
1.188079250442541657e+01
1.188082994034767026e+01
1.188085799520554531e+01
1.188082587293772896e+01
1.188086502797406396e+01
1.188088867914403757e+01
1.188085610275136439e+01
1.188089663858156086e+01
1.188091565014130957e+01
1.188088275341010736e+01
1.188092433203798670e+01
1.188093850814678731e+01
1.188090543727003201e+01
1.188094772430009805e+01
1.188095691153712252e+01
1.188092382510665779e+01
1.188096649285369111e+01
1.188097058211785928e+01
1.188093765087249842e+01
1.188098038127004230e+01
1.188097930921537859e+01
1.188094671553651338e+01
1.188098920281352200e+01
1.188098295279970174e+01
1.188095088995001802e+01
1.188099284304886538e+01
1.188098144559257463e+01
1.188095011669792633e+01
1.188099126141086614e+01
1.188097479413001700e+01
1.188094441090865594e+01
1.188098449171435789e+01
1.188096307876353919e+01
1.188093386001115981e+01
1.188097264159745770e+01
1.188094645259948123e+01
1.188091862244270303e+01
1.188095589090647586e+01
1.188092513939132644e+01
1.188089892532616076e+01
1.188093448904615634e+01
1.188089943041471308e+01
1.188087506115047098e+01
1.188090875133369195e+01
1.188086968036987834e+01
1.188084738350230118e+01
1.188087905440950287e+01
1.188083630236977939e+01
1.188081630191066118e+01
1.188084583077109357e+01
1.188079976208586430e+01
1.188078227587903335e+01
1.188080956250915676e+01
1.188076057113502415e+01
1.188074580819134596e+01
1.188077077433638884e+01
1.188071927980267262e+01
1.188070743758849623e+01
1.188073002600977901e+01
1.188067646920610088e+01
1.188066773092152140e+01
1.188068790425574583e+01
1.188063274301052807e+01
1.188062727489478476e+01
1.188064501431461295e+01
1.188058871881654355e+01
1.188058666751868842e+01
1.188060197122658934e+01
1.188054501934256635e+01
1.188054650939562684e+01
1.188055939098468450e+01
1.188050226352869210e+01
1.188050739496531882e+01
1.188051788168216305e+01
1.188046105768960814e+01
1.188046990383628199e+01
1.188047803478224473e+01
1.188042198684343198e+01
1.188043459232908639e+01
1.188044041663543204e+01
1.188038560634099916e+01
1.188040198535381364e+01
1.188040556036687967e+01
1.188035243391561124e+01
1.188037256873974989e+01
1.188037395825020326e+01
1.188032294226739261e+01
1.188034678212835971e+01
1.188034605467756144e+01
1.188029755228869178e+01
1.188032501253286100e+01
1.188032223982668789e+01
1.188027662702782905e+01
1.188030758865797409e+01
1.188030284411591353e+01
1.188026046647783929e+01
1.188029477606257700e+01
1.188028813352638835e+01
1.188024930326509043e+01
1.188028677323553950e+01
1.188027830585841649e+01
1.188024329929976730e+01
1.188028370864231853e+01
1.188027348797515970e+01
1.188024254343646469e+01
1.188028563878538968e+01
1.188027373407280507e+01
1.188024705017853400e+01
1.188029254730728823e+01
1.188027902500125066e+01
1.188025675944500037e+01
1.188030434514978317e+01
1.188028926864444479e+01
1.188027153740362607e+01
1.188032087176744511e+01
1.188030430135403570e+01
1.188029117835828963e+01
1.188034189737875224e+01
1.188032389041485892e+01
1.188031540766394123e+01
1.188036712622259472e+01
1.188034773750592699e+01
1.188034388562736510e+01
1.188039620077377556e+01
1.188037548310618163e+01
1.188037621233823771e+01
1.188042870685692165e+01
1.188040671178079677e+01
1.188041193336117018e+01
1.188046417958547529e+01
1.188044095827100755e+01
1.188045054620751628e+01
1.188050211004012091e+01
1.188047771429899768e+01
1.188049150749405669e+01
1.188054195259073254e+01
1.188051643598906715e+01
1.188053424068630726e+01
1.188058313275596589e+01
1.188055655179755910e+01
1.188057814431533465e+01
1.188062505548748682e+01
1.188059747083649142e+01
1.188062260055057706e+01
1.188066711375902784e+01
1.188063859147064427e+01
1.188066698400552923e+01
1.188070869733641644e+01
1.188067931006353106e+01
1.188071067065039799e+01
1.188074920160186920e+01
1.188071902974591865e+01
1.188075304670382160e+01
1.188078803630504154e+01
1.188075716908012325e+01
1.188079351737612299e+01
1.188082463411439349e+01
1.188079317049487749e+01
1.188083151533891701e+01
1.188085845884524794e+01
1.188082650836916798e+01
1.188086650879946760e+01
1.188088901324542945e+01
1.188085669664801003e+01
1.188089800906417359e+01
1.188091584622600294e+01
1.188088329588065406e+01
1.188092557748261768e+01
1.188093855943234978e+01
1.188090591957938358e+01
1.188094883167277871e+01
1.188095681306034912e+01
1.188092423980743817e+01
1.188096745093809048e+01
1.188097033083356102e+01
1.188093799191534750e+01
1.188098118079883747e+01
1.188097890406895907e+01
1.188094697835752100e+01
1.188098983657296337e+01
1.188098239477235829e+01
1.188095107153414531e+01
1.188099330595523995e+01
1.188098073771824481e+01
1.188095021561744780e+01
1.188099155055788003e+01
1.188097394148371677e+01
1.188094442733610734e+01
1.188098460639093368e+01
1.188096208842098278e+01
1.188093379570667985e+01
1.188097258327582395e+01
1.188094533356844451e+01
1.188091848071600154e+01
1.188095566320085084e+01
1.188092390251547847e+01
1.188089871097368189e+01
1.188093409764272934e+01
1.188089808825121452e+01
1.188087478036883660e+01
1.188090820389307289e+01
1.188086824704210187e+01
1.188084704377929590e+01
1.188087836044310208e+01
1.188083479339737636e+01
1.188081591189547659e+01
1.188084500149330047e+01
1.188079819419408523e+01
1.188078184523376279e+01
1.188080861066757166e+01
1.188075896204611048e+01
1.188074534742598232e+01
1.188076971402256987e+01
1.188071764801197361e+01
1.188070695788201725e+01
1.188072887245333220e+01
1.188067483374597977e+01
1.188066724393173068e+01
1.188068667360464126e+01
1.188063112320527637e+01
1.188062679255984477e+01
1.188064372340516428e+01
1.188058713403161271e+01
1.188058620185344338e+01
1.188060063734608462e+01
1.188054348873158972e+01
1.188054607228574966e+01
1.188055803163032920e+01
1.188050080578169343e+01
1.188050699796255572e+01
1.188051651431968203e+01
1.188045969078591035e+01
1.188046955795785919e+01
1.188047667660753959e+01
1.188042072781265190e+01
1.188043430786449228e+01
1.188043908434273455e+01
1.188038447103540918e+01
1.188040177168188904e+01
1.188040426992657927e+01
1.188035143679702976e+01
1.188037243415902289e+01
1.188037272469947148e+01
1.188032209621154145e+01
1.188034673370320782e+01
1.188034489192667209e+01
1.188029686840974897e+01
1.188032505595807109e+01
1.188032116048368003e+01
1.188027611452564614e+01
1.188030772814383873e+01
1.188030185933189919e+01
1.188026013250989621e+01
1.188029501424235868e+01
1.188028725286363496e+01
1.188024915284504779e+01
1.188028711109695834e+01
1.188027753718287016e+01
1.188024333522407083e+01
1.188028414548419498e+01
1.188027283737475592e+01
1.188024276623997544e+01
1.188028617220030725e+01
1.188027320580247448e+01
1.188024745811994975e+01
1.188029317319073108e+01
1.188027862145530911e+01
1.188025734852227799e+01
1.188030505773574852e+01
1.188028899035637131e+01
1.188027230139923951e+01
1.188032166369024623e+01
1.188030414702353887e+01
1.188029210891377119e+01
1.188034275976022869e+01
1.188032385696148907e+01
1.188031649438276993e+01
1.188036804878358232e+01
1.188034782014828750e+01
1.188034511620480949e+01
1.188039717196840606e+01
1.188037567546531292e+01
1.188037757271645312e+01
1.188042971402782833e+01
1.188040700600606314e+01
1.188041340790747391e+01
1.188046520913778181e+01
1.188044134518634465e+01
1.188045211791342304e+01
1.188050314763174065e+01
1.188047818356730545e+01
1.188049315819244889e+01
1.188054298333624104e+01
1.188051697629206060e+01
1.188053595128374518e+01
1.188058414144113328e+01
1.188055715102834498e+01
1.188057989503645295e+01
1.188062602679135615e+01
1.188059811630192364e+01
1.188062437119112147e+01
1.188066803248030290e+01
1.188063927010026788e+01
1.188066875419077739e+01
1.188070954862081763e+01
1.188068000862211804e+01
1.188071242009532114e+01
1.188074997116713405e+01
1.188071973504617063e+01
1.188075475547151960e+01
1.188078871066023012e+01
1.188075786819253921e+01
1.188079516613101561e+01
1.188082520077027660e+01
1.188079385095156226e+01
1.188083308559128071e+01
1.188085890651248633e+01
1.188082715835853875e+01
1.188086798313796066e+01
1.188088933201777309e+01
1.188085730519757277e+01
1.188089937137327823e+01
1.188091602774554367e+01
1.188088385302508421e+01
1.188092681314198629e+01
1.188093859703439570e+01
1.188090641651152879e+01
1.188094992773587677e+01
1.188095670189564856e+01
1.188092466900992683e+01
1.188096839628771662e+01
1.188097006796592048e+01
1.188093834727098042e+01
1.188098196627746184e+01
1.188097848854674510e+01
1.188094725523683692e+01
1.188099045508620755e+01
1.188098182767260091e+01
1.188095126685884928e+01
1.188099375254713586e+01
1.188098002216256077e+01
1.188095032789887284e+01
1.188099182245701613e+01
1.188097308262563523e+01
1.188094445668818366e+01
1.188098470302693599e+01
1.188096109340465745e+01
1.188093374383326406e+01
1.188097250626610624e+01
1.188094421145915902e+01
1.188091835087279513e+01
1.188095541630793406e+01
1.188092266420274434e+01
1.188089850790541746e+01
1.188093368670287120e+01
1.188089674632562343e+01
1.188087451022266450e+01
1.188090763671734251e+01
1.188086681564762159e+01
1.188084671399576564e+01
1.188087764669242574e+01
1.188083328806082761e+01
1.188081553107877752e+01
1.188084415252936665e+01
1.188079663163425970e+01
1.188078142300321716e+01
1.188080763938180517e+01
1.188075735996490678e+01
1.188074489425111935e+01
1.188076863464572241e+01
1.188071602487047507e+01
1.188070648490364078e+01
1.188072770034843018e+01
1.188067320852844055e+01
1.188066676277188982e+01
1.188068542504637648e+01
1.188062951517424359e+01
1.188062631512347167e+01
1.188064241534885745e+01
1.188058556247750275e+01
1.188058574012479518e+01
1.188059928718956293e+01
1.188054197272017731e+01
1.188054563812273301e+01
1.188055665697216590e+01
1.188049936390295258e+01
1.188050660289216331e+01
1.188051513271717496e+01
1.188045834090763186e+01
1.188046921297583758e+01
1.188047530533794038e+01
1.188041948684230142e+01
1.188043402324231401e+01
1.188043774017100773e+01
1.188038335469346585e+01
1.188040155678419474e+01
1.188040296888297753e+01
1.188035045940490875e+01
1.188037229727418875e+01
1.188037148187008718e+01
1.188032127049713260e+01
1.188034668188988974e+01
1.188034372125970783e+01
1.188029620533321840e+01
1.188032509491005939e+01
1.188032007461418083e+01
1.188027562312792362e+01
1.188030786207548317e+01
1.188030086942728758e+01
1.188025981978602452e+01
1.188029524579637553e+01
1.188028636849205988e+01
1.188024902364414004e+01
1.188028744127624137e+01
1.188027676620609974e+01
1.188024339217733427e+01
1.188028457360876011e+01
1.188027218586689848e+01
1.188024300971782843e+01
1.188028669589024844e+01
1.188027267799556697e+01
1.188024788621888916e+01
1.188029378837558880e+01
1.188027821971219566e+01
1.188025795708172438e+01
1.188030575869035488e+01
1.188028871517116158e+01
1.188027308404822158e+01
1.188032244309667362e+01
1.188030399704927653e+01
1.188029305714687389e+01
1.188034360879508355e+01
1.188032382906447282e+01
1.188031759766428763e+01
1.188036895722956032e+01
1.188034790948796449e+01
1.188034636209988371e+01
1.188039812834851716e+01
1.188037587559840880e+01
1.188037894704730846e+01
1.188043070576052607e+01
1.188040730901311548e+01
1.188041489493278213e+01
1.188046622271073893e+01
1.188044174181870360e+01
1.188045370052829242e+01
1.188050416879191040e+01
1.188047866341216441e+01
1.188049481814647379e+01
1.188054399729332644e+01
1.188051752795300686e+01
1.188053766941402500e+01
1.188058513308173048e+01
1.188055776231855631e+01
1.188058165151258727e+01
1.188062698090043412e+01
1.188059877444708690e+01
1.188062614576870857e+01
1.188066893396701929e+01
1.188063996194813932e+01
1.188067052647015132e+01
1.188071038274513569e+01
1.188068072085550142e+01
1.188071416978185546e+01
1.188075072376407704e+01
1.188072045439615643e+01
1.188075646263411578e+01
1.188078936835831634e+01
1.188075858164875598e+01
1.188079681145515210e+01
1.188082575120095186e+01
1.188079454596637419e+01
1.188083465062326383e+01
1.188085933850739551e+01
1.188082782304207008e+01
1.188086945051705712e+01
1.188088963579087576e+01
1.188085792850075961e+01
1.188090072504855321e+01
1.188091619505733654e+01
1.188088442490800745e+01
1.188092803857098367e+01
1.188093862133568734e+01
1.188090692809458027e+01
1.188095101206244841e+01
1.188095657844866260e+01
1.188092511270558660e+01
1.188096932849660803e+01
1.188096979394086361e+01
1.188093871689432035e+01
1.188098273732360965e+01
1.188097806309218463e+01
1.188094754609311821e+01
1.188099105799711097e+01
1.188098125195849875e+01
1.188095147580703426e+01
1.188099418249688632e+01
1.188097929939520725e+01
1.188095045339009914e+01
1.188099207681118585e+01
1.188097221803398362e+01
1.188094449877873870e+01
1.188098478135776048e+01
1.188096009419814791e+01
1.188093370417187167e+01
1.188097241033784179e+01
1.188094308675737665e+01
1.188091823266253044e+01
1.188095515003283609e+01
1.188092142493777104e+01
1.188089831584085587e+01
1.188093325606844353e+01
1.188089540511828979e+01
1.188087425040324163e+01
1.188090704968604427e+01
1.188086538665921310e+01
1.188084639381670726e+01
1.188087691307538307e+01
1.188083178682219199e+01
1.188081515910135977e+01
1.188084328383597210e+01
1.188079507485459629e+01
1.188078100880624532e+01
1.188080664864748215e+01
1.188075576532276045e+01
1.188074444826598253e+01
1.188076753624028825e+01
1.188071441078974999e+01
1.188070601823548600e+01
1.188072650976799594e+01
1.188067159394249472e+01
1.188066628700960337e+01
1.188068415869171801e+01
1.188062791928122230e+01
1.188062584214144479e+01
