1.188024147592622803e+01
1.188064995275644975e+01
1.188040001028311998e+01
1.188042049287919788e+01
1.188065842979240649e+01
1.188025942304215832e+01
1.188066592662447540e+01
1.188038102934223339e+01
1.188041779586114366e+01
1.188063128123981826e+01
1.188025147877028331e+01
1.188067750014807089e+01
1.188038397923132905e+01
1.188044994663283838e+01
1.188063175940461313e+01
1.188025045925926371e+01
1.188066867146256378e+01
1.188035309813314022e+01
1.188045258069686660e+01
1.188062320830527341e+01
1.188026786277473690e+01
1.188069268370303355e+01
1.188035353085354551e+01
1.188046605114450749e+01
1.188059866494542050e+01
1.188025323585234716e+01
1.188068390469185509e+01
1.188034143938668308e+01
1.188049272261672940e+01
1.188060560573570790e+01
1.188027231540869089e+01
1.188068952744359130e+01
1.188031897580369289e+01
1.188048840272887752e+01
1.188057843894432786e+01
1.188027483373580395e+01
1.188070286526996000e+01
1.188032685647562658e+01
1.188051819947732746e+01
1.188057028366420731e+01
1.188027195044336182e+01
1.188068691042712643e+01
1.188030074600759001e+01
1.188052641494744499e+01
1.188056556283559573e+01
1.188029675278244568e+01
1.188070496556952094e+01
1.188029859084382878e+01
1.188053304340972360e+01
1.188053520708425914e+01
1.188028732758949602e+01
1.188069706605455522e+01
1.188029611043027955e+01
1.188056295780119243e+01
1.188053949583641433e+01
1.188030531207913576e+01
1.188069173273951229e+01
1.188027266927967496e+01
1.188055786498932420e+01
1.188051536463017221e+01
1.188031811357080869e+01
1.188070526451045517e+01
1.188028428107485546e+01
1.188058197376762237e+01
1.188049929139162053e+01
1.188031386588488481e+01
1.188068418480838417e+01
1.188026591904135465e+01
1.188059508034726441e+01
1.188049868379910734e+01
1.188034319437998931e+01
1.188069409335637516e+01
1.188026123642586995e+01
1.188059436350430964e+01
1.188046593488976299e+01
1.188034030726609203e+01
1.188068804621279284e+01
1.188026848174250460e+01
1.188062415958643570e+01
1.188046673784161911e+01
1.188035519110279026e+01
1.188067239447522816e+01
1.188024676296138615e+01
1.188061921616644945e+01
1.188044828510031969e+01
1.188037692249664090e+01
1.188068442382609469e+01
1.188026052983110326e+01
1.188063496994745094e+01
1.188042594807367891e+01
1.188037205859201073e+01
1.188066074716777720e+01
1.188025202862740848e+01
1.188065164206587632e+01
1.188042920715275486e+01
1.188040256319757759e+01
1.188066121740396142e+01
1.188024527549912612e+01
1.188064393601209012e+01
1.188039775712874402e+01
1.188040682375728174e+01
1.188065766698281855e+01
1.188026126098619351e+01
1.188067021869010453e+01
1.188039465551455010e+01
1.188041704933221077e+01
1.188063350036741639e+01
1.188024384598039873e+01
1.188066627624376714e+01
1.188038382104008406e+01
1.188044532744567583e+01
1.188064241706590174e+01
1.188025802342808213e+01
1.188067197354656734e+01
1.188035764135406680e+01
1.188044073036352799e+01
1.188061889319465969e+01
1.188026038540533413e+01
1.188069038434086266e+01
1.188036405366910842e+01
1.188046896947409969e+01
1.188060969747274953e+01
1.188025237068291062e+01
1.188067683428704058e+01
1.188033744697437122e+01
1.188048016027518017e+01
1.188060889040467138e+01
1.188027514089443315e+01
1.188069656531561513e+01
1.188033052002972312e+01
1.188048478262497909e+01
1.188057896836385829e+01
1.188026418467287115e+01
1.188069427529665845e+01
1.188032833545077871e+01
1.188051645793979993e+01
1.188058345974268271e+01
1.188027707878585737e+01
1.188068936627727368e+01
1.188030123564438689e+01
1.188051300907253527e+01
1.188056273810822105e+01
1.188029007759567257e+01
1.188070738969588902e+01
1.188030973977185134e+01
1.188053584162482146e+01
1.188054475765724938e+01
1.188028186503579242e+01
1.188068976935381293e+01
1.188029097009562918e+01
1.188055291408532099e+01
1.188054653184399356e+01
1.188030873347554284e+01
1.188070062190044851e+01
1.188028081489726517e+01
1.188055168644284443e+01
1.188051425125780369e+01
1.188030569898978506e+01
1.188070033851732887e+01
1.188028730726629512e+01
1.188058319712739674e+01
1.188051348540126462e+01
1.188031586940583217e+01
1.188068547776011563e+01
1.188026238153167036e+01
1.188058163650857146e+01
1.188049781378817293e+01
1.188033807134589104e+01
1.188070093627320034e+01
1.188027172541994148e+01
1.188059657529153590e+01
1.188047295488017419e+01
1.188033084143801865e+01
1.188068141872366645e+01
1.188026289596582075e+01
1.188061774543173854e+01
1.188047678593408030e+01
1.188035870888284684e+01
1.188068205389725307e+01
1.188025057893757186e+01
1.188061111797177816e+01
1.188044579142255053e+01
1.188036417606380724e+01
1.188068378310279805e+01
1.188026479164016713e+01
1.188063889431588649e+01
1.188043954727468865e+01
1.188037059857951228e+01
1.188066074400375705e+01
1.188024494949217136e+01
1.188063969797305752e+01
1.188043052579324410e+01
1.188039952200233529e+01
1.188067167277570135e+01
1.188025386439398901e+01
1.188064518387915314e+01
1.188040151529660093e+01
1.188039441042393207e+01
1.188065256227598177e+01
1.188025595028968695e+01
1.188066811970673164e+01
1.188040661186425062e+01
1.188042012503670897e+01
1.188064279438285631e+01
1.188024289405569611e+01
1.188065715460024840e+01
1.188038038015422870e+01
1.188043369895499168e+01
1.188064619609048478e+01
1.188026301996661793e+01
1.188067802754729740e+01
1.188036910577193872e+01
1.188043586921419248e+01
1.188061765791025337e+01
1.188025064463617575e+01
1.188068132025057899e+01
1.188036752327397672e+01
1.188046826425471814e+01
1.188062255314029514e+01
1.188025801245347601e+01
1.188067688669717548e+01
1.188033760595722299e+01
1.188046619815102289e+01
1.188060601114754888e+01
1.188027075219919304e+01
1.188069896758067223e+01
1.188034303897037702e+01
1.188048691537844803e+01
1.188058684118144370e+01
1.188025857000283381e+01
1.188068518367508375e+01
1.188032448519238038e+01
1.188050724685541404e+01
1.188059128411119403e+01
1.188028217904459716e+01
1.188069675017913340e+01
1.188030927401514703e+01
1.188050521443519969e+01
1.188056051752624853e+01
1.188027884076822360e+01
1.188070226736908630e+01
1.188031504351482504e+01
1.188053743143112584e+01
1.188055853754426572e+01
1.188028383332844840e+01
1.188068857719430937e+01
1.188028761523994881e+01
1.188053898586552393e+01
1.188054633583705311e+01
1.188030576137640359e+01
1.188070719616666970e+01
1.188029246197764977e+01
1.188055248667486730e+01
1.188051984804255667e+01
1.188029605844260317e+01
1.188069236491952907e+01
1.188028361280434453e+01
1.188057740573239407e+01
1.188052450900249646e+01
1.188032039123580574e+01
1.188069326745410059e+01
1.188026609794782829e+01
1.188057173699771774e+01
1.188049499752212057e+01
1.188032664982058861e+01
1.188070037349843666e+01
1.188027829555428383e+01
1.188060014161224132e+01
1.188048609015248758e+01
1.188032882292117343e+01
1.188067912572379825e+01
1.188025651430366203e+01
1.188060543672175129e+01
1.188047941951485775e+01
1.188035743936303135e+01
1.188069199949351606e+01
1.188025999668302291e+01
1.188061036809127913e+01
1.188044855192805294e+01
1.188035160547428859e+01
1.188067791915204907e+01
1.188026176713016646e+01
1.188063711729000715e+01
1.188045254495828473e+01
1.188037389773413643e+01
1.188066800640124399e+01
1.188024394404350659e+01
1.188062879448169085e+01
1.188042758655650744e+01
1.188038921894249178e+01
1.188067576848172813e+01
1.188026094371527108e+01
1.188065018192787647e+01
1.188041252469015951e+01
1.188038855037495622e+01
1.188064948759893724e+01
1.188024736333061959e+01
1.188065883671690237e+01
1.188041187989239589e+01
1.188042060808438904e+01
1.188065493704158726e+01
1.188024896115362772e+01
1.188065484783695069e+01
1.188038009460308331e+01
1.188041962763784554e+01
1.188064321383574296e+01
1.188026105967091439e+01
1.188068039036679480e+01
1.188038261115037741e+01
1.188043742710626915e+01
1.188062356330578240e+01
1.188024505673280018e+01
1.188067066235750957e+01
1.188036494613701066e+01
1.188046022459203677e+01
1.188063087226703018e+01
1.188026474224205487e+01
1.188068262299331934e+01
1.188034526435177440e+01
1.188045709298350694e+01
1.188060260628342846e+01
1.188026101149961633e+01
1.188069377477079591e+01
1.188035041621960275e+01
1.188048896916101071e+01
1.188059977274597578e+01
1.188026053520403558e+01
1.188068153500686819e+01
1.188032130692893240e+01
1.188049327376300823e+01
1.188059163590775569e+01
1.188028150683517836e+01
1.188070290285378583e+01
1.188032174664727414e+01
1.188050471305568223e+01
1.188056443528041584e+01
1.188026933046447020e+01
1.188069310881189011e+01
1.188031325409234640e+01
1.188053251319009007e+01
1.188057015783193293e+01
1.188028935750515735e+01
1.188069430282608963e+01
1.188029109116983406e+01
1.188052762242568328e+01
1.188054312155993131e+01
1.188029601998052343e+01
1.188070669284075720e+01
1.188030114569299656e+01
1.188055573183685532e+01
1.188053209124558229e+01
1.188029363322294607e+01
1.188068779163218380e+01
1.188027802756545270e+01
1.188056511611053168e+01
1.188052826336032552e+01
1.188032103480941970e+01
1.188070243350381361e+01
1.188027610061815054e+01
1.188056911069739030e+01
1.188049656392381337e+01
1.188031431957459993e+01
1.188069382358379400e+01
1.188027759711580167e+01
1.188059882325349648e+01
1.188049970570147806e+01
1.188033239584308376e+01
1.188068413295439285e+01
1.188025546091771645e+01
1.188059308446022833e+01
1.188047691151277796e+01
1.188034881474123772e+01
1.188069624987814876e+01
1.188026899494992428e+01
1.188061428687404764e+01
1.188045873074529446e+01
1.188034500411958305e+01
1.188067299266374910e+01
1.188025452394189330e+01
1.188062790100731370e+01
1.188045936710576811e+01
1.188037569052780995e+01
1.188067908044133958e+01
1.188025030958269745e+01
1.188062425093794872e+01
1.188042673754098821e+01
1.188037548505575813e+01
1.188067265721296017e+01
1.188026147189745352e+01
1.188065251591042859e+01
1.188042659443718385e+01
1.188038963487709765e+01
1.188065319738874770e+01
1.188024195285071194e+01
1.188064690454473826e+01
1.188041051333211584e+01
1.188041405286582020e+01
1.188066346214264613e+01
1.188025720720006895e+01
1.188065885956550716e+01
1.188038709035272156e+01
1.188040954938619187e+01
1.188063858840515330e+01
1.188025307278164355e+01
1.188067528296439868e+01
1.188039179175088123e+01
1.188044003721367226e+01
1.188063524496157797e+01
1.188024702494911544e+01
1.188066466876689731e+01
1.188036191213058501e+01
1.188044665331921834e+01
1.188063164570919206e+01
1.188026644361008266e+01
1.188068824012082203e+01
1.188035818831725265e+01
1.188045543606717480e+01
1.188060463584139725e+01
1.188025190981975143e+01
1.188068364884544437e+01
1.188035047974740444e+01
1.188048516471319260e+01
1.188061160501674607e+01
1.188026701436832511e+01
1.188068507747068558e+01
1.188032438228692378e+01
1.188048082830431440e+01
1.188058796316533616e+01
1.188027374125696412e+01
1.188070246775737715e+01
1.188033227628895183e+01
1.188050769486118341e+01
1.188057538307334937e+01
1.188026663912356184e+01
1.188068634373503052e+01
1.188030851901430474e+01
1.188052064054359924e+01
1.188057481690951711e+01
1.188029199499286825e+01
1.188070246582144840e+01
1.188030139408244246e+01
1.188052329835645970e+01
1.188054332396331780e+01
1.188028430494022203e+01
1.188069957412732514e+01
1.188030273418492477e+01
1.188055501674470094e+01
1.188054588570395076e+01
1.188029750747598712e+01
1.188069039728235943e+01
1.188027690470045172e+01
1.188055170035825014e+01
1.188052610377356721e+01
1.188031438963533049e+01
1.188070669903582122e+01
1.188028678209693645e+01
1.188057197191172953e+01
1.188050555073567693e+01
1.188030723858253346e+01
1.188068709937308931e+01
1.188027182789648961e+01
1.188058997937670647e+01
1.188050779661002920e+01
1.188033558050748439e+01
1.188069383185605510e+01
1.188026196197582607e+01
1.188058649874293060e+01
1.188047538331598574e+01
1.188033584802807852e+01
1.188069301072117234e+01
1.188027198789057692e+01
1.188061662797389317e+01
1.188047291955690099e+01
1.188034571896305636e+01
1.188067434944872502e+01
1.188024940851625644e+01
1.188061504086568121e+01
1.188045911018755163e+01
1.188037089408113189e+01
1.188068753882545003e+01
1.188025989530090598e+01
1.188062652563569088e+01
1.188043278946888215e+01
1.188036478947774022e+01
1.188066682197628943e+01
1.188025542826085079e+01
1.188064767432074476e+01
1.188043725275355555e+01
1.188039287987091797e+01
1.188066327450687965e+01
1.188024390200289737e+01
1.188063875689102566e+01
1.188040757036883477e+01
1.188040132074144850e+01
1.188066453915326548e+01
1.188026127622581640e+01
1.188066386792864648e+01
1.188040006285190131e+01
1.188040690969048185e+01
1.188063857734674400e+01
1.188024462194445974e+01
1.188066445812336624e+01
1.188039359593518185e+01
1.188043756631177672e+01
1.188064691320349198e+01
1.188025436352496556e+01
1.188066598618781100e+01
1.188036441490540263e+01
1.188043353788516932e+01
1.188062747674057817e+01
1.188026087995430835e+01
1.188068790916850226e+01
1.188037023246583423e+01
1.188045822569519139e+01
1.188061392474512523e+01
1.188024907481764814e+01
1.188067485830795711e+01
1.188034660543314658e+01
1.188047410623080147e+01
1.188061694151309844e+01
1.188027165969435828e+01
1.188069206625056928e+01
1.188033466952705375e+01
1.188047503303731389e+01
1.188058666810839981e+01
1.188026298023074112e+01
1.188069493981084790e+01
1.188033603704494645e+01
1.188050772726960069e+01
1.188058891832778841e+01
1.188027081393503437e+01
1.188068648316455977e+01
1.188030728031980132e+01
1.188050658507061463e+01
1.188057291901158052e+01
1.188028756678917297e+01
1.188070663470054811e+01
1.188031345784988524e+01
1.188052516292199456e+01
1.188055078566910439e+01
1.188027699907306989e+01
1.188069117442210398e+01
1.188029850802153398e+01
1.188054685943644806e+01
1.188055493120286599e+01
1.188030211911374678e+01
1.188069847332268125e+01
1.188028334721652435e+01
1.188054333083671565e+01
1.188052379264272318e+01
1.188030258734300126e+01
1.188070336311239572e+01
1.188029213334380252e+01
1.188057437681291439e+01
1.188051940642186466e+01
1.188030768161848982e+01
1.188068602331960477e+01
1.188026708934515518e+01
1.188057658030934149e+01
1.188050851850108813e+01
1.188033276670818950e+01
1.188070197703136444e+01
1.188027265099288421e+01
1.188058708490653892e+01
1.188048022362442602e+01
1.188032489524273672e+01
1.188068602776733229e+01
1.188026800415810591e+01
1.188061224997232834e+01
1.188048468709479799e+01
1.188034965529063136e+01
1.188068252662509927e+01
1.188025128804871144e+01
1.188060500262404418e+01
1.188045619099385775e+01
1.188035941283021835e+01
1.188068881639830110e+01
1.188026624498110451e+01
1.188063089215837032e+01
1.188044539374043218e+01
1.188036135648098224e+01
1.188066468287433608e+01
1.188024782678579783e+01
1.188063646167482013e+01
1.188044063279128437e+01
1.188039193051789333e+01
1.188067442527137452e+01
1.188025195610071627e+01
1.188063788362458695e+01
1.188040932499446001e+01
1.188038796202651071e+01
1.188065986547360531e+01
1.188025806378433025e+01
1.188066370225110013e+01
1.188041323803795457e+01
1.188040958347239062e+01
1.188064589726852915e+01
1.188024174213071582e+01
1.188065388211593643e+01
1.188039055414983203e+01
1.188042770334716991e+01
1.188065269906395827e+01
1.188026095982733210e+01
1.188067168532691120e+01
1.188037435065017355e+01
1.188042653506949620e+01
1.188062459611684041e+01
1.188025136425775052e+01
1.188068017005289079e+01
1.188037598146617135e+01
1.188045914054613306e+01
1.188062677967586822e+01
1.188025351726776613e+01
1.188067255024067848e+01
1.188034518379249427e+01
1.188045985790191317e+01
1.188061522297010164e+01
1.188026961335051901e+01
1.188069605789201155e+01
1.188034775904749374e+01
1.188047599371891572e+01
1.188059231331127386e+01
1.188025568720110314e+01
1.188068505376612194e+01
1.188033336334874690e+01
1.188050056671812627e+01
1.188059858840596483e+01
1.188027683467026918e+01
1.188069275436289374e+01
1.188031344590719307e+01
1.188049674321437266e+01
1.188056974192588378e+01
1.188027727958326807e+01
1.188070326401256871e+01
1.188032098227219180e+01
1.188052770287381676e+01
1.188056386585707358e+01
1.188027725503655674e+01
1.188068766726470216e+01
1.188029419172183054e+01
1.188053333954243840e+01
1.188055648043030210e+01
1.188030145124272430e+01
1.188070609347792050e+01
1.188029484976733485e+01
1.188054233205498633e+01
1.188052717877651077e+01
1.188029172807548406e+01
1.188069534779455161e+01
1.188029025188341770e+01
1.188057066909280834e+01
1.188053188597803000e+01
1.188031233612412585e+01
1.188069207410043227e+01
1.188026882179229204e+01
1.188056497816317858e+01
1.188050554956041971e+01
1.188032290723644913e+01
1.188070337289178191e+01
1.188028111477270521e+01
1.188059081378638382e+01
1.188049204442225637e+01
1.188032086513333319e+01
1.188068174421351486e+01
1.188026140170857481e+01
1.188060099280004955e+01
1.188048943502414190e+01
1.188035037359108870e+01
1.188069284156779482e+01
1.188025986793559774e+01
1.188060204542064113e+01
1.188045702752187083e+01
1.188034623624793262e+01
1.188068366376677965e+01
1.188026545201447348e+01
1.188063097448218741e+01
1.188045927831162629e+01
1.188036398755203393e+01
1.188066978857642653e+01
1.188024497354162889e+01
1.188062440667476771e+01
1.188043836263335074e+01
1.188038361385610386e+01
1.188068044160781334e+01
1.188026037456355510e+01
1.188064223406369457e+01
1.188041856612359481e+01
1.188038004056051911e+01
1.188065536402077349e+01
1.188025002817892251e+01
1.188065598237967357e+01
1.188042073046110580e+01
1.188041149722639034e+01
1.188065768298964819e+01
1.188024638534891331e+01
1.188064922717886418e+01
1.188038886728516985e+01
1.188041371569140026e+01
1.188065108951793647e+01
1.188026138110184782e+01
1.188067545189404939e+01
1.188038806589359098e+01
1.188042670802164835e+01
1.188062818714830193e+01
1.188024429584561936e+01
1.188066904958592573e+01
1.188037481396257711e+01
1.188045327024484621e+01
1.188063674168062001e+01
1.188026087244662854e+01
1.188067690434066037e+01
1.188035083815526072e+01
1.188044889580555719e+01
1.188061112590989943e+01
1.188026113336352907e+01
1.188069274422058363e+01
1.188035719975520088e+01
1.188047874715763363e+01
1.188060420175249021e+01
1.188025582172556582e+01
1.188067919985646803e+01
1.188032947978414988e+01
1.188048735796836297e+01
1.188060080237154104e+01
1.188027840728239504e+01
1.188069967882402267e+01
1.188032542789001411e+01
1.188049431037410031e+01
1.188057146793943986e+01
1.188026684219144435e+01
1.188069438428613722e+01
1.188032117264231147e+01
1.188052487162891246e+01
1.188057664664619928e+01
1.188028261883968817e+01
1.188069144100993491e+01
1.188029567605223136e+01
1.188052055152989794e+01
1.188055339028595014e+01
1.188029353008651690e+01
1.188070755020584635e+01
1.188030518613059172e+01
1.188054545985680832e+01
1.188053781801469455e+01
1.188028729412065410e+01
1.188068897787427325e+01
1.188028474669892809e+01
1.188055973053157999e+01
1.188053776123521743e+01
1.188031481730299355e+01
1.188070128061886699e+01
1.188027769687093560e+01
1.188056010975506460e+01
1.188050531325481707e+01
1.188031032122869668e+01
1.188069780430323519e+01
1.188028272736224267e+01
1.188059124323748073e+01
1.188050619401650643e+01
1.188032351551642307e+01
1.188068446431787173e+01
1.188025861688187312e+01
1.188058782177348505e+01
1.188048785051333311e+01
1.188034390972501697e+01
1.188069888762200144e+01
1.188026990955764717e+01
1.188060504244223026e+01
1.188046523695826195e+01
1.188033769793492844e+01
1.188067756466924685e+01
1.188025906838427659e+01
1.188062352851624404e+01
1.188046821911941464e+01
1.188036698920550194e+01
1.188068016208535482e+01
1.188024971701093868e+01
1.188061758297460990e+01
1.188043632002271544e+01
1.188037033032611589e+01
1.188067888910809700e+01
1.188026326644489927e+01
1.188064575995238492e+01
1.188043247774041333e+01
1.188037955632183085e+01
1.188065672715751653e+01
1.188024336299576156e+01
1.188064393509798755e+01
1.188042097337600289e+01
1.188040718148338648e+01
1.188066761451954889e+01
1.188025494224836720e+01
1.188065162263218077e+01
1.188039376986999329e+01
1.188040201225499182e+01
1.188064605470340673e+01
1.188025493258618326e+01
1.188067231379629618e+01
1.188039910380754627e+01
1.188042975242041166e+01
1.188063850891406936e+01
1.188024435098405185e+01
1.188066101389983587e+01
1.188037134235091941e+01
1.188044080247649248e+01
1.188063945596620918e+01
1.188026470559637104e+01
1.188068300770239283e+01
1.188036293247991892e+01
1.188044521782154916e+01
1.188061103287607878e+01
1.188025141221875103e+01
1.188068321728949783e+01
1.188035936292648564e+01
1.188047698806822972e+01
1.188061687488374218e+01
1.188026184591692491e+01
1.188068062556851423e+01
1.188033059638043731e+01
1.188047379960433148e+01
1.188059752985534523e+01
1.188027267525270503e+01
1.188070116629437045e+01
1.188033732794097475e+01
1.188049689945383847e+01
1.188058055982870265e+01
1.188026218587505234e+01
1.188068606124477533e+01
1.188031681161157493e+01
1.188051462111429757e+01
1.188058338737510233e+01
1.188028689988029818e+01
1.188069932051040212e+01
1.188030458213967400e+01
1.188051400197030283e+01
1.188055195121701857e+01
1.188028191137394352e+01
1.188070166668272876e+01
1.188030911004851831e+01
1.188054634538260323e+01
1.188055178198299622e+01
1.188029000774831268e+01
1.188068922110782211e+01
1.188028204243007124e+01
1.188054585044642053e+01
1.188053675978457946e+01
1.188031045625307058e+01
1.188070718140441429e+01
1.188028909725229987e+01
1.188056179856190120e+01
1.188051217346592736e+01
1.188030146840378443e+01
1.188069019250506386e+01
1.188027810132343021e+01
1.188058434041858646e+01
1.188051625017183355e+01
1.188032765834035231e+01
1.188069313997110754e+01
1.188026332882943770e+01
1.188057907768734189e+01
1.188048536127361743e+01
1.188033174740078479e+01
1.188069736357324402e+01
1.188027519160920775e+01
1.188060834172629221e+01
1.188047890189705669e+01
1.188033669238542878e+01
1.188067659815145127e+01
1.188025294661226816e+01
1.188061090795244112e+01
1.188046973511433002e+01
1.188036445136976482e+01
1.188068976302740509e+01
1.188025928627586403e+01
1.188061804704346969e+01
1.188044023450177278e+01
1.188035827662820942e+01
1.188067294069758262e+01
1.188025899934454088e+01
1.188064293801363114e+01
1.188044474349864998e+01
1.188038295979296777e+01
1.188066516208570178e+01
1.188024335442042556e+01
1.188063395820683077e+01
1.188041786713826120e+01
1.188039586629911071e+01
1.188067067157341583e+01
1.188026097836680428e+01
1.188065682639386722e+01
1.188040558959655968e+01
1.188039730579537157e+01
1.188064403971540450e+01
1.188024617833248620e+01
1.188066240014103769e+01
1.188040307881973590e+01
1.188042924044038351e+01
1.188065068254059753e+01
1.188025094447612950e+01
1.188066010097933400e+01
1.188037195942547442e+01
1.188042691138476847e+01
1.188063595778873704e+01
1.188026133901752779e+01
1.188068452375046746e+01
1.188037603031412459e+01
1.188044734855828821e+01
1.188061825792479631e+01
1.188024669549983159e+01
1.188067314722425571e+01
1.188035614418958197e+01
1.188046778713960805e+01
1.188062420954541842e+01
1.188026790025315194e+01
1.188068701903384472e+01
1.188033924495363181e+01
1.188046584574329856e+01
1.188059479202873980e+01
1.188026235569058642e+01
1.188069510540328366e+01
1.188034339339730927e+01
1.188049835213916339e+01
1.188059389787825992e+01
1.188026498297101696e+01
1.188068381973428345e+01
1.188031417207465879e+01
1.188050046844389307e+01
1.188058285858852337e+01
1.188028482500653382e+01
1.188070493279854745e+01
1.188031701921362426e+01
1.188051447124652604e+01
1.188055717732302163e+01
1.188027303499946008e+01
1.188069268958954083e+01
1.188030628051440551e+01
1.188054025873751129e+01
1.188056259584282515e+01
1.188029530227698061e+01
1.188069597947257883e+01
1.188028656417839812e+01
1.188053549488718197e+01
1.188053374108491056e+01
1.188029979072116404e+01
1.188070568381042236e+01
1.188029660798824239e+01
1.188056491053169950e+01
1.188052515133344045e+01
1.188030007415261835e+01
1.188068687203119289e+01
1.188027262167488018e+01
1.188057153394888132e+01
1.188051886953527969e+01
1.188032707020219902e+01
1.188070214314237028e+01
1.188027366870139900e+01
1.188057770190632567e+01
1.188048806643239530e+01
1.188031973185808710e+01
1.188069057137756879e+01
1.188027317820323780e+01
1.188060599227820191e+01
1.188049198967521747e+01
1.188034050560038146e+01
1.188068289201807559e+01
1.188025286259058078e+01
1.188059929806964021e+01
1.188046692881684763e+01
1.188035466665873408e+01
1.188069301988151949e+01
1.188026738992909159e+01
1.188062231873036900e+01
1.188045138717540183e+01
1.188035277530512346e+01
1.188066896403646844e+01
1.188025141147326202e+01
1.188063293303577517e+01
1.188045031617942904e+01
1.188038383916449980e+01
1.188067647554295014e+01
1.188025038414806467e+01
1.188063079421268142e+01
1.188041784832881653e+01
1.188038208598629097e+01
1.188066692875754526e+01
1.188026007317982291e+01
1.188065839566542792e+01
1.188041947511239727e+01
1.188039906817245672e+01
1.188064913704514147e+01
1.188024153733603860e+01
1.188065085666885068e+01
1.188040095663364326e+01
1.188042142853578298e+01
1.188065834137203503e+01
1.188025867912470801e+01
1.188066491167244187e+01
1.188038004841033235e+01
1.188041786490962792e+01
1.188063186732096277e+01
1.188025259463615413e+01
1.188067845590902216e+01
1.188038399936594658e+01
1.188044947319503386e+01
1.188063055623112518e+01
1.188024956863285198e+01
1.188066849674735259e+01
1.188035352918667087e+01
1.188045381196280381e+01
1.188062404380397297e+01
1.188026822042328590e+01
1.188069223539970309e+01
1.188035234942322305e+01
1.188046521965828184e+01
1.188059814399796643e+01
1.188025372441481053e+01
1.188068497077012076e+01
1.188034233495927872e+01
1.188049334701838511e+01
1.188060510124877567e+01
1.188027139173927615e+01
1.188068851352196731e+01
1.188031832414608502e+01
1.188048885894501261e+01
1.188057924408954946e+01
1.188027597707030303e+01
1.188070348768607154e+01
1.188032652146979551e+01
1.188051745430305672e+01
1.188056904675052294e+01
1.188027137360551855e+01
1.188068707103316868e+01
1.188030149954500025e+01
1.188052767370219343e+01
1.188056612643957877e+01
1.188029677507038429e+01
1.188070415937484903e+01
1.188029738741017383e+01
1.188053242821807487e+01
1.188053504167663199e+01
1.188028818466333547e+01
1.188069816469004536e+01
1.188029684260774843e+01
1.188056319808842254e+01
1.188053863405081145e+01
1.188030432313600748e+01
1.188069084505238848e+01
1.188027242385113347e+01
1.188055865627978136e+01
1.188051628683245653e+01
1.188031914594137994e+01
1.188070547786775499e+01
1.188028362937172666e+01
1.188058105181752744e+01
1.188049816897262723e+01
1.188031367533968385e+01
1.188068466145470659e+01
1.188026690025366783e+01
1.188059621593686188e+01
1.188049890301173583e+01
1.188034288055152743e+01
1.188069302830941965e+01
1.188026015610542174e+01
1.188059404365816540e+01
1.188046614164641390e+01
1.188034143012932731e+01
1.188068904261275982e+01
1.188026895880601153e+01
1.188062398973792533e+01
1.188046562083427737e+01
1.188035426039719056e+01
1.188067174155515815e+01
1.188024695187750623e+01
1.188062024902840008e+01
1.188044920765101153e+01
1.188037771999570325e+01
1.188068420141684456e+01
1.188025963958011033e+01
1.188063398752222888e+01
1.188042507395177871e+01
1.188037228049314287e+01
1.188066148060726945e+01
1.188025311585865573e+01
1.188065251842827585e+01
1.188042905145323580e+01
1.188040195452523839e+01
1.188066002311320091e+01
1.188024444934030477e+01
1.188064395386115280e+01
1.188039830687748477e+01
1.188040807793273856e+01
1.188065843773379626e+01
1.188026142352120651e+01
1.188066966239748368e+01
1.188039341648567593e+01
1.188041629406625788e+01
1.188063316077721865e+01
1.188024444528753953e+01
1.188066742686145361e+01
1.188038462721182853e+01
1.188044579560886405e+01
1.188064178452149733e+01
1.188025700308385879e+01
1.188067105369808374e+01
1.188035711888966794e+01
1.188044134101471094e+01
1.188061979157921044e+01
1.188026144518042493e+01
1.188069089639791542e+01
1.188036353859084038e+01
1.188046814395025663e+01
1.188060851829273368e+01
1.188025189977074447e+01
1.188067718994382638e+01
1.188033826873293997e+01
1.188048139566972417e+01
1.188060933875031466e+01
1.188027496914308578e+01
1.188069569280858850e+01
1.188032930733165493e+01
1.188048429902288561e+01
1.188057898120779221e+01
1.188026512136300283e+01
1.188069540444239891e+01
1.188032892315871791e+01
1.188051654300889481e+01
1.188058249203767147e+01
1.188027605390390562e+01
1.188068862344045939e+01
1.188030112549321515e+01
1.188051393745425344e+01
1.188056368847257360e+01
1.188029098097186065e+01
1.188070747603198640e+01
1.188030892532515992e+01
1.188053490409459911e+01
1.188054373517296725e+01
1.188028180814425383e+01
1.188069042043034251e+01
1.188029196014805144e+01
1.188055398301151477e+01
1.188054659977985139e+01
1.188030824973754207e+01
1.188069954113166204e+01
1.188027977420697745e+01
1.188055153758025462e+01
1.188051461165399303e+01
1.188030685988351642e+01
1.188070130845666306e+01
1.188028760187935617e+01
1.188058289230345466e+01
1.188051229788857555e+01
1.188031496723502300e+01
1.188068500352767387e+01
1.188026269457913919e+01
1.188058277257102269e+01
1.188049869620834009e+01
1.188033870959700522e+01
1.188070058655231520e+01
1.188027070903195437e+01
1.188059564425387826e+01
1.188047221083894733e+01
1.188033120772844242e+01
1.188068228540637072e+01
1.188026393087135268e+01
1.188061852034582877e+01
1.188047646161020232e+01
1.188035797467465926e+01
1.188068089718942133e+01
1.188024983572045201e+01
1.188061132563801436e+01
1.188044645145941480e+01
1.188036542148832453e+01
1.188068447443902720e+01
1.188026475535439808e+01
1.188063824025834414e+01
1.188043828184174799e+01
1.188036993232861960e+01
1.188066059582057221e+01
1.188024564580061693e+01
1.188064090573248777e+01
1.188043122844069366e+01
1.188039981973584958e+01
1.188067092898832477e+01
1.188025276920865991e+01
1.188064437660129791e+01
1.188040113705452328e+01
1.188039515809079916e+01
1.188065353712866390e+01
1.188025690220100827e+01
1.188066850852117717e+01
1.188040593136408773e+01
1.188041923336060890e+01
1.188064170219564275e+01
1.188024253842812961e+01
1.188065769624336987e+01
1.188038125516615651e+01
1.188043487957360966e+01
1.188064652247520492e+01
1.188026265658340463e+01
1.188067710707924896e+01
1.188036791379841794e+01
1.188043552392380242e+01
1.188061785209223586e+01
1.188025163849736821e+01
1.188068245413102453e+01
1.188036795647952104e+01
1.188046818837872820e+01
1.188062150452743992e+01
1.188025697240105671e+01
1.188067630450449919e+01
1.188033763618220817e+01
1.188046723920942327e+01
1.188060697243022723e+01
1.188027150460202641e+01
1.188069892469476052e+01
1.188034208222613408e+01
1.188048597905455139e+01
1.188058594500183673e+01
1.188025864581108593e+01
1.188068599485555765e+01
1.188032546453227489e+01
1.188050822162729858e+01
1.188059120299940119e+01
1.188028153356426486e+01
1.188069567787096581e+01
1.188030829819403777e+01
1.188050523620750099e+01
1.188056102745718512e+01
1.188028001122600230e+01
1.188070318981892726e+01
1.188031515108668046e+01
1.188053699489529969e+01
1.188055730982079972e+01
1.188028297676981815e+01
1.188068829278210536e+01
1.188028804708114272e+01
1.188054019653907112e+01
1.188054716267988908e+01
1.188030622332723496e+01
1.188070672787455351e+01
1.188029134330134085e+01
1.188055162417947486e+01
1.188051925449595991e+01
1.188029655787255834e+01
1.188069334701149948e+01
1.188028457374467628e+01
1.188057805884110074e+01
1.188052402711225319e+01
1.188031954431263593e+01
1.188069217538856037e+01
1.188026545515905852e+01
1.188057212694323717e+01
1.188049575722488704e+01
1.188032785538033664e+01
1.188070097173701356e+01
1.188027806194188685e+01
1.188059940148507820e+01
1.188048483034807212e+01
1.188032825685336391e+01
1.188067917408698193e+01
1.188025729256647089e+01
1.188060667221065358e+01
1.188048000705005514e+01
1.188035755649556435e+01
1.188069116311448603e+01
1.188025885104919688e+01
1.188060968866255251e+01
1.188044833003956668e+01
1.188035246984996895e+01
1.188067895136857821e+01
1.188026259015455999e+01
1.188063737199832026e+01
1.188045171774505704e+01
1.188037295566816276e+01
1.188066702789141615e+01
1.188024371133285939e+01
1.188062950817591634e+01
1.188042849915805554e+01
1.188039031468913542e+01
1.188067596832197026e+01
1.188026039612719664e+01
1.188064923206697010e+01
1.188041138345445447e+01
1.188038834712869374e+01
1.188064986171923998e+01
1.188024839147109191e+01
1.188065994858542496e+01
1.188041215245203652e+01
1.188042036905512333e+01
1.188065383388668828e+01
1.188024792788662154e+01
1.188065443771205842e+01
1.188038026773365452e+01
1.188042075433169664e+01
1.188064416810292379e+01
1.188026164326524636e+01
1.188068021812273933e+01
1.188038153634111893e+01
1.188043650859738065e+01
1.188062281658289621e+01
1.188024526207014553e+01
1.188067161492721446e+01
1.188036589613816574e+01
1.188046107965293352e+01
1.188063064730796548e+01
1.188026394744775338e+01
1.188068158223151016e+01
1.188034437786811637e+01
1.188045728105673149e+01
1.188060325810962858e+01
1.188026216355674691e+01
1.188069462885984251e+01
1.188035033695056164e+01
1.188048840676252027e+01
1.188059853579069980e+01
1.188025974103902094e+01
1.188068144652450542e+01
1.188032185032490595e+01
1.188049452841107367e+01
1.188059239274517509e+01
1.188028177996417512e+01
1.188070232654793656e+01
1.188032055260633868e+01
1.188050393435157837e+01
1.188056400915940891e+01
1.188026994938173431e+01
1.188069418507291353e+01
1.188031412188962577e+01
1.188053302643836240e+01
1.188056953287857809e+01
1.188028841370133293e+01
1.188069330015081171e+01
1.188029056485520307e+01
1.188052818260941734e+01
1.188054396814425395e+01
1.188029715598109526e+01
1.188070718553021621e+01
1.188030072138704618e+01
1.188055491865980429e+01
1.188053086902363020e+01
1.188029317679117192e+01
1.188068803658307715e+01
1.188027887176807340e+01
1.188056634868574335e+01
1.188052872679141281e+01
1.188032096555865280e+01
1.188070152449240879e+01
1.188027493094629783e+01
1.188056857097783059e+01
1.188049650719380068e+01
1.188031527808411880e+01
1.188069489201586926e+01
1.188027827395769798e+01
1.188059893535830724e+01
1.188049875397724797e+01
1.188033142056995928e+01
1.188068329152870817e+01
1.188025535685780198e+01
1.188059395177950073e+01
1.188047784551456765e+01
1.188034979770455912e+01
1.188069632071065662e+01
1.188026827547911068e+01
1.188061332606826070e+01
1.188045766943180936e+01
1.188034494374573846e+01
1.188067354073977278e+01
1.188025556359175461e+01
1.188062896383015676e+01
1.188045947673760594e+01
1.188037528986478897e+01
1.188067794971451363e+01
1.188024930580577987e+01
1.188062401976432447e+01
1.188042705335117333e+01
1.188037666850403973e+01
1.188067358606693702e+01
1.188026187342046569e+01
1.188065221628171031e+01
1.188042542891555797e+01
1.188038875045770482e+01
1.188065261940123030e+01
1.188024228246061931e+01
1.188064797583043131e+01
1.188041141655365251e+01
1.188041476535123486e+01
1.188066310125631730e+01
1.188025627961021513e+01
1.188065787185647437e+01
1.188038631621216012e+01
1.188040989569822692e+01
1.188063937095258993e+01
1.188025417970754027e+01
1.188067604848250980e+01
1.188039153051331809e+01
1.188043935741976398e+01
1.188063402955383907e+01
1.188024630938326176e+01
1.188066477718433411e+01
1.188036255801389096e+01
1.188044792012447104e+01
1.188063231926207131e+01
1.188026652028819719e+01
1.188068756791694369e+01
1.188035694821777888e+01
1.188045475435623288e+01
1.188060439005930213e+01
1.188025263259045161e+01
1.188068479505821351e+01
1.188035123799500425e+01
1.188048552291317606e+01
1.188061085446673815e+01
1.188026599233707614e+01
1.188068418605391052e+01
1.188032398659975897e+01
1.188048154258711442e+01
1.188058888177396533e+01
1.188027478023293781e+01
1.188070284393921483e+01
1.188033167286020308e+01
1.188050682283863857e+01
1.188057422939284713e+01
1.188026629998398853e+01
1.188068678016854385e+01
1.188030941249232697e+01
1.188052183917900706e+01
1.188057514985239926e+01
1.188029173822222972e+01
1.188070150491489940e+01
1.188030022816283982e+01
1.188052290668579758e+01
1.188054343751402975e+01
1.188028533340496296e+01
1.188070065595838898e+01
1.188030325159502709e+01
1.188055498042511893e+01
1.188054483450174104e+01
1.188029651740911063e+01
1.188068971248338634e+01
1.188027693296671750e+01
1.188055269889617449e+01
1.188052704261953352e+01
1.188031523488119667e+01
1.188070664050208691e+01
1.188028590769770965e+01
1.188057101820086991e+01
1.188050459685592308e+01
1.188030731913840832e+01
1.188068781086281689e+01
1.188027285692846746e+01
1.188059096656497715e+01
1.188050774477783023e+01
1.188033502358612026e+01
1.188069270039409986e+01
1.188026101063575091e+01
1.188058644882077530e+01
1.188047583868221757e+01
1.188033705834407883e+01
1.188069389557445810e+01
1.188027219893986519e+01
1.188061620506753968e+01
1.188047169302612183e+01
1.188034488441836345e+01
1.188067395506494961e+01
1.188024985520642929e+01
1.188061620479459002e+01
1.188045995057495574e+01
1.188037144450372828e+01
1.188068705235532008e+01
1.188025885522970704e+01
1.188062561051017418e+01
1.188043214853813367e+01
1.188036528257770641e+01
1.188066772062394172e+01
1.188025646521803225e+01
1.188064833224930084e+01
1.188043681885464764e+01
1.188039209375909877e+01
1.188066211036759512e+01
1.188024328035381494e+01
1.188063905806416187e+01
1.188040830792520808e+01
1.188040256761557067e+01
1.188066511742577447e+01
1.188026115394097104e+01
1.188066311324038438e+01
1.188039880759297340e+01
1.188040633603381835e+01
1.188063852037157808e+01
1.188024543139626843e+01
1.188066564763652266e+01
1.188039423120956251e+01
1.188043775764422172e+01
1.188064605693899622e+01
1.188025328444966000e+01
1.188066522456388086e+01
1.188036416167376608e+01
1.188043438654189643e+01
1.188062845057745065e+01
1.188026179738724153e+01
1.188068815964221514e+01
1.188036946608582411e+01
1.188045731008145189e+01
1.188061286868888367e+01
1.188024885875394787e+01
1.188067547606573271e+01
1.188034753116155606e+01
1.188047524039921043e+01
1.188061714016293458e+01
1.188027121905094496e+01
1.188069107445425132e+01
1.188033353581236362e+01
1.188047479422273156e+01
1.188058695310616741e+01
1.188026405355472015e+01
1.188069601101835815e+01
1.188033638601252306e+01
1.188050753964612838e+01
1.188058779477201377e+01
1.188026982847412327e+01
1.188068597021399064e+01
1.188030744238766978e+01
1.188050768907031518e+01
1.188057384593530230e+01
1.188028825305376479e+01
1.188070644851264035e+01
1.188031244970763822e+01
1.188052423369929045e+01
1.188054996425812426e+01
1.188027721602023767e+01
1.188069203437261656e+01
1.188029950540748203e+01
1.188054774559877202e+01
1.188055472292005987e+01
1.188030141520595606e+01
1.188069736713208968e+01
1.188028247094188217e+01
1.188054345996108552e+01
1.188052438145044043e+01
1.188030379448573370e+01
1.188070418551168750e+01
1.188029215052464060e+01
1.188057383687355362e+01
1.188051815008721235e+01
1.188030691208062706e+01
1.188068582259196049e+01
1.188026764415172387e+01
1.188057780808668973e+01
1.188050928153794494e+01
1.188033313954751513e+01
1.188070137741158483e+01
1.188027152213064142e+01
1.188058625961195958e+01
1.188047973399534030e+01
1.188032552070248116e+01
1.188068702462942916e+01
1.188026894876745487e+01
1.188061278302022217e+01
1.188048409392813909e+01
1.188034877649393906e+01
1.188068144161475814e+01
1.188025077441101729e+01
1.188060548745947997e+01
1.188045700775210811e+01
1.188036060833338503e+01
1.188068928882028352e+01
1.188026592642274615e+01
1.188063006944652855e+01
1.188044415495383355e+01
1.188036089974361964e+01
1.188066481841932998e+01
1.188024870465783245e+01
1.188063766605057303e+01
1.188044113477380392e+01
1.188039194695449119e+01
1.188067348499448173e+01
1.188025084330750758e+01
1.188063726665838793e+01
1.188040922332286975e+01
1.188038892235111987e+01
1.188066087599204579e+01
1.188025883870773924e+01
1.188066381983053077e+01
1.188041232901235134e+01
1.188040864043534128e+01
1.188064496522879843e+01
1.188024165298676138e+01
1.188065466622099287e+01
1.188039149499754288e+01
1.188042874390248471e+01
1.188065276213235322e+01
1.188026034375582185e+01
1.188067068344356336e+01
1.188037327748309835e+01
1.188042645045400825e+01
1.188062504959050258e+01
1.188025245711063249e+01
1.188068120595000110e+01
1.188037615729083640e+01
1.188045880189296888e+01
1.188062561219070368e+01
1.188025255649400158e+01
1.188067221971863141e+01
1.188034547881932035e+01
1.188046103898884631e+01
1.188061612115941479e+01
1.188027012361393098e+01
1.188069574777849802e+01
1.188034664204389657e+01
1.188047510553658626e+01
1.188059164619302166e+01
1.188025603361765725e+01
1.188068604309021836e+01
1.188033430954153680e+01
1.188050132840407969e+01
1.188059823196712550e+01
1.188027599688992630e+01
1.188069169798781921e+01
1.188031266641427308e+01
1.188049704486698843e+01
1.188057045503061993e+01
1.188027845419435913e+01
1.188070400600864573e+01
1.188032080720693884e+01
1.188052705426884792e+01
1.188056261152873461e+01
1.188027656480484850e+01
1.188068766516258457e+01
1.188029484408183301e+01
1.188053460043004428e+01
1.188055715325230466e+01
1.188030163542299533e+01
1.188070539487438282e+01
1.188029365863837228e+01
1.188054161133301001e+01
1.188052685519289042e+01
1.188029246896094371e+01
1.188069642200378162e+01
1.188029108468268369e+01
1.188057106221577008e+01
1.188053115057306641e+01
1.188031138071991855e+01
1.188069109350128905e+01
1.188026842869181365e+01
1.188056563291664602e+01
1.188050643149262520e+01
1.188032402147116251e+01
1.188070373046893380e+01
1.188028060777578254e+01
1.188058993832624743e+01
1.188049085357298296e+01
1.188032053195885318e+01
1.188068207105387941e+01
1.188026232909147950e+01
1.188060218254993394e+01
1.188048979654377035e+01
1.188035021122590607e+01
1.188069184017812319e+01
1.188025874640889512e+01
1.188060158408959310e+01
1.188045708344163565e+01
1.188034728323346734e+01
1.188068469092119628e+01
1.188026606749156322e+01
1.188063095423154891e+01
1.188045825049378834e+01
1.188036303402499527e+01
1.188066900353447508e+01
1.188024501316574089e+01
1.188062533770484031e+01
1.188043930158199402e+01
1.188038453388108806e+01
1.188068037022941148e+01
1.188025959619131733e+01
1.188064124227653906e+01
1.188041758093853595e+01
1.188038010816323187e+01
1.188065597877979229e+01
1.188025111565013070e+01
1.188065695822252721e+01
1.188042073271271981e+01
1.188041101112505160e+01
1.188065650048509525e+01
1.188024546965868922e+01
1.188064908484075133e+01
1.188038929201984395e+01
1.188041494368690110e+01
1.188065194229939792e+01
1.188026170302855355e+01
1.188067502352709326e+01
1.188038686794837950e+01
1.188042587643090187e+01
1.188062769229425619e+01
1.188024476266906859e+01
1.188067014546744460e+01
1.188037569119949843e+01
1.188045388664958324e+01
1.188063624832828680e+01
1.188025991759139721e+01
1.188067592031515929e+01
1.188035017564259377e+01
1.188044935945161917e+01
1.188061195115981050e+01
1.188026224755757454e+01
1.188069338877440728e+01
1.188035683895969719e+01
1.188047800034325263e+01
1.188060298093417799e+01
1.188025522406750234e+01
1.188067939614215973e+01
1.188033021770990416e+01
1.188048862014058749e+01
1.188060137385497228e+01
1.188027839652663253e+01
1.188069889676300583e+01
1.188032420319787619e+01
1.188049370631558865e+01
1.188057132130541760e+01
1.188026767957872920e+01
1.188069551238195487e+01
1.188032187743178447e+01
1.188052511251150634e+01
1.188057578912720658e+01
1.188028160517099963e+01
1.188069058691374913e+01
1.188029541410287138e+01
1.188052135823075517e+01
1.188055432192341243e+01
1.188029453553159875e+01
1.188070778567349528e+01
1.188030450347921629e+01
1.188054454752866107e+01
1.188053670549676255e+01
1.188028708892987950e+01
1.188068948979635131e+01
1.188028570444885545e+01
1.188056087591732712e+01
1.188053797824324143e+01
1.188031447658407913e+01
1.188070024158880145e+01
1.188027659267941871e+01
1.188055981104372627e+01
1.188050552943439797e+01
1.188031142829978570e+01
1.188069882687146794e+01
1.188028317082927288e+01
1.188059108267825970e+01
1.188050507411600165e+01
1.188032256902634920e+01
1.188068384523896448e+01
1.188025878508553212e+01
1.188058887636748828e+01
1.188048877084393595e+01
1.188034468531236598e+01
1.188069868523274408e+01
1.188026898644696061e+01
1.188060407996144185e+01
1.188046436548738960e+01
1.188033791265498884e+01
1.188067832932870083e+01
1.188026012658414388e+01
1.188062442015715980e+01
1.188046805149459395e+01
1.188036636263402457e+01
1.188067899315294085e+01
1.188024886669304614e+01
1.188061762970388457e+01
1.188043686874565630e+01
1.188037157411462630e+01
1.188067968016032872e+01
1.188026339268354015e+01
1.188064522085965535e+01
1.188043122904631588e+01
1.188037879573604627e+01
1.188065641815756379e+01
1.188024393928881040e+01
1.188064511152277092e+01
1.188042176590555243e+01
1.188040763508725561e+01
1.188066699805522397e+01
1.188025389053030523e+01
1.188065073102928615e+01
1.188039324242445893e+01
1.188040262373539235e+01
1.188064697703101302e+01
1.188025596066585798e+01
1.188067284520726119e+01
1.188039856843966646e+01
1.188042891988606442e+01
1.188063735191258274e+01
1.188024385791802828e+01
1.188066140314851538e+01
1.188037215260010981e+01
1.188044203392430731e+01
1.188063991680075837e+01
1.188026449864957002e+01
1.188068215870212718e+01
1.188036170435635519e+01
1.188044473978962579e+01
1.188061106986093662e+01
1.188025232573741263e+01
1.188068437371128461e+01
1.188035992700243426e+01
1.188047706755163624e+01
1.188061591785345250e+01
1.188026079433662296e+01
1.188067991638425980e+01
1.188033047395691710e+01
1.188047473659598907e+01
1.188059849442816329e+01
1.188027354750747477e+01
1.188070127426807865e+01
1.188033648703329348e+01
1.188049596655717011e+01
1.188057955409055744e+01
1.188026211088560657e+01
1.188068674713143480e+01
1.188031778072407718e+01
1.188051569298566790e+01
1.188058345886122780e+01
1.188028638573470630e+01
1.188069826728279210e+01
1.188030352178759053e+01
1.188051386887067906e+01
1.188055232674131823e+01
1.188028305114647942e+01
1.188070266266132791e+01
1.188030937352301208e+01
1.188054604466521980e+01
1.188055059878926656e+01
1.188028908620970370e+01
1.188068878246614624e+01
1.188028233696329750e+01
1.188054700193418256e+01
1.188053764523970912e+01
1.188031106719274987e+01
1.188070685359320322e+01
1.188028805101792251e+01
1.188056088333759774e+01
1.188051143897937934e+01
1.188030182228065712e+01
1.188069109162363901e+01
1.188027910791147335e+01
1.188058512498089136e+01
1.188051592025524883e+01
1.188032690169181471e+01
1.188069201211993331e+01
1.188026256359665744e+01
1.188057930957977426e+01
1.188048602576961343e+01
1.188033297581992365e+01
1.188069807717377024e+01
1.188027511994952334e+01
1.188060770119276555e+01
1.188047763407111290e+01
1.188033601595609845e+01
1.188067648381049146e+01
1.188025361984254502e+01
1.188061213635648805e+01
1.188047042935362185e+01
1.188036472849171510e+01
1.188068903937767651e+01
1.188025816093652764e+01
1.188061726512647098e+01
1.188043985753841625e+01
1.188035901863610100e+01
1.188067394228871976e+01
1.188025991841733209e+01
1.188064334235236963e+01
1.188044404898532846e+01
1.188038205597858799e+01
1.188066409717448302e+01
1.188024297648576955e+01
1.188063452996918379e+01
1.188041873537584081e+01
1.188039703574911776e+01
1.188067101432542039e+01
1.188026057908418487e+01
1.188065592761387634e+01
1.188040438877823846e+01
1.188039696040679871e+01
1.188064426246567251e+01
1.188024714671681892e+01
1.188066355781954009e+01
1.188040349310165134e+01
1.188042915288277968e+01
1.188064965040782006e+01
1.188024987700776514e+01
1.188065955106780791e+01
1.188037198236414405e+01
1.188042795396714624e+01
1.188063693739869642e+01
1.188026205743306818e+01
1.188068450086519690e+01
1.188037505269285532e+01
1.188044641164507453e+01
1.188061738465614603e+01
1.188024675076558623e+01
1.188067399127794133e+01
1.188035710612392748e+01
1.188046875777701317e+01
1.188062413740255252e+01
1.188026722209935393e+01
1.188068597446453367e+01
1.188033825467880611e+01
1.188046587735242809e+01
1.188059532225510218e+01
1.188026350073092274e+01
1.188069605247171445e+01
1.188034347355530862e+01
1.188049791417517298e+01
1.188059268142548142e+01
1.188026410443801950e+01
1.188068357117604634e+01
1.188031458861933665e+01
1.188050168758389091e+01
1.188058369352088128e+01
1.188028525535854740e+01
1.188070448713504135e+01
1.188031587500845809e+01
1.188051361974500786e+01
1.188055659993048607e+01
1.188027351752176131e+01
1.188069370392511104e+01
1.188030721514120103e+01
1.188054091528477052e+01
1.188056211478134472e+01
1.188029442929961377e+01
1.188069491843289782e+01
1.188028590266958417e+01
1.188053590346021338e+01
1.188053451065252375e+01
1.188030097344122282e+01
1.188070630511473702e+01
1.188029634137649282e+01
1.188056417949580812e+01
1.188052389651462803e+01
1.188029949364946702e+01
1.188068695610016867e+01
1.188027337799879568e+01
1.188057278396830441e+01
1.188051945416907706e+01
1.188032716145088052e+01
1.188070132989404115e+01
1.188027249551240772e+01
1.188057704388093150e+01
1.188048785218792780e+01
1.188032058448574091e+01
1.188069163192531263e+01
1.188027396868415586e+01
1.188060625780535418e+01
1.188049115522660948e+01
1.188033954677736226e+01
1.188068194468379168e+01
1.188025260861330246e+01
1.188060003717303204e+01
1.188046783976847465e+01
1.188035574447163611e+01
1.188069323904978880e+01
1.188026680722718353e+01
1.188062138765075915e+01
1.188045024413807838e+01
1.188035256646106319e+01
1.188066937000391121e+01
1.188025241310151436e+01
1.188063406406913813e+01
1.188045057524088577e+01
1.188038358272376449e+01
1.188067539381813198e+01
1.188024932406232992e+01
1.188063041364923400e+01
1.188041801966749844e+01
1.188038320714155738e+01
1.188066790459471989e+01
1.188026062136119521e+01
1.188065824069591336e+01
1.188041838587005117e+01
1.188039814389019000e+01
1.188064841845294239e+01
1.188024172080608309e+01
1.188065183877132291e+01
1.188040189358360443e+01
1.188042227246439886e+01
1.188065813021540507e+01
1.188025785076644070e+01
1.188066389753581653e+01
1.188037915345484841e+01
1.188041805661545602e+01
1.188063254381905942e+01
1.188025371819130527e+01
1.188067933195213044e+01
1.188038389749534396e+01
1.188044890374613871e+01
1.188062933693535861e+01
1.188024875100635569e+01
1.188066844289553714e+01
1.188035406136823902e+01
1.188045506776638405e+01
1.188062481332335807e+01
1.188026845896137829e+01
