1.188024147592622803e+01
1.188025820234306629e+01
1.188029943051167692e+01
1.188034920860961918e+01
1.188039943934511555e+01
1.188044598736242285e+01
1.188047688404695457e+01
1.188047727023884370e+01
1.188044623137227696e+01
1.188039843850407529e+01
1.188034773008307532e+01
1.188029900542040629e+01
1.188025872154087281e+01
1.188024156684060273e+01
1.188025771069920467e+01
1.188029968720509544e+01
1.188035061693137706e+01
1.188040058965925638e+01
1.188044585297783762e+01
1.188047637322218897e+01
1.188047750693382909e+01
1.188044655363950142e+01
1.188039760331722761e+01
1.188034621707834226e+01
1.188029840582816021e+01
1.188025923063248968e+01
1.188024183556110458e+01
1.188025728323366614e+01
1.188029978927185759e+01
1.188035192246170269e+01
1.188040186653950769e+01
1.188044585447830137e+01
1.188047576806116190e+01
1.188047757584097575e+01
1.188044691908803685e+01
1.188039694250581846e+01
1.188034470687928490e+01
1.188029763355121560e+01
1.188025969262777082e+01
1.188024227020575019e+01
1.188025695386844838e+01
1.188029975755580914e+01
1.188035309720214627e+01
1.188040324137902459e+01
1.188044601185324112e+01
1.188047510290678410e+01
1.188047746608179267e+01
1.188044729051028980e+01
1.188039645692380475e+01
1.188034323667701564e+01
1.188029669822566525e+01
1.188026007287241548e+01
1.188024285158153859e+01
1.188025675227431677e+01
1.188029961905622578e+01
1.188035411899393345e+01
1.188040468114350112e+01
1.188044633794590332e+01
1.188047441458317088e+01
1.188047717468745113e+01
1.188044763024967487e+01
1.188039613949822382e+01
1.188034184192215825e+01
1.188029561686480484e+01
1.188026034059834224e+01
1.188024355406807686e+01
1.188025670251366783e+01
1.188029940572620013e+01
1.188035497251766870e+01
1.188040614983487053e+01
1.188044683789929401e+01
1.188047374072587559e+01
1.188047670673003076e+01
1.188044790191186628e+01
1.188039597552399762e+01
1.188034055474946626e+01
1.188029441309540601e+01
1.188026047029036469e+01
1.188024434679296348e+01
1.188025682194026800e+01
1.188029915303844852e+01
1.188035564999527871e+01
1.188040761008416268e+01
1.188044750894433932e+01
1.188047311808520590e+01
1.188047607508231884e+01
1.188044807202439834e+01
1.188039594330438753e+01
1.188033940254249465e+01
1.188029311610707595e+01
1.188026044281059690e+01
1.188024519504179821e+01
1.188025712040865756e+01
1.188029889838244557e+01
1.188035615156017499e+01
1.188040902480617156e+01
1.188044834053632925e+01
1.188047258087974356e+01
1.188047529981932904e+01
1.188044811156590974e+01
1.188039601511203180e+01
1.188033840670158092e+01
1.188029175936007853e+01
1.188026024623432697e+01
1.188024606183529031e+01
1.188025759983046825e+01
1.188029867936657524e+01
1.188035648527476340e+01
1.188041035884597818e+01
1.188044931483113587e+01
1.188047215927298339e+01
1.188047440729217108e+01
1.188044799729172674e+01
1.188039615843019448e+01
1.188033758167096465e+01
1.188029037910610164e+01
1.188025987636432035e+01
1.188024690959945850e+01
1.188025825409773972e+01
1.188029853210453268e+01
1.188035666679016522e+01
1.188041158054683777e+01
1.188045040747927672e+01
1.188047187803889848e+01
1.188047342892042479e+01
1.188044771279245104e+01
1.188039633741952095e+01
1.188033693427101234e+01
1.188028901278418914e+01
1.188025933690455105e+01
1.188024770185228718e+01
1.188025906937483711e+01
1.188029848956728429e+01
1.188035671865898202e+01
1.188041266317100941e+01
1.188045158870339257e+01
1.188047175547248813e+01
1.188047239976162395e+01
1.188044724923543605e+01
1.188039651454371182e+01
1.188033646336916327e+01
1.188028769735940848e+01
1.188025863928840309e+01
1.188024840483125821e+01
1.188026002474263088e+01
1.188029858007897310e+01
1.188035666932898238e+01
1.188041358610995601e+01
1.188045282461356855e+01
1.188047180258997315e+01
1.188047135692561440e+01
1.188044660575520695e+01
1.188039665227838348e+01
1.188033615990853598e+01
1.188028646767533836e+01
1.188025780217012262e+01
1.188024898899076476e+01
1.188026109316195722e+01
1.188029882602822696e+01
1.188035655186129880e+01
1.188041433582772299e+01
1.188045407870540160e+01
1.188047202265045854e+01
1.188047033790691032e+01
1.188044578947662266e+01
1.188039671482270165e+01
1.188033600729725592e+01
1.188028535489202753e+01
1.188025685060146941e+01
1.188024943030570668e+01
1.188026224270856801e+01
1.188029924285547345e+01
1.188035640243137081e+01
1.188041490649179899e+01
1.188045531347785833e+01
1.188047241101757123e+01
1.188046937890994137e+01
1.188044481517278683e+01
1.188039666973235953e+01
1.188033598214424025e+01
1.188028438507926765e+01
1.188025581492786564e+01
1.188024971132713503e+01
1.188026343802056672e+01
1.188029983836274894e+01
1.188035625868215739e+01
1.188041530025870784e+01
1.188045649210229371e+01
1.188047295536581771e+01
1.188046851324066466e+01
1.188044370457726551e+01
1.188039648939616910e+01
1.188033605531048131e+01
1.188028357802968138e+01
1.188025472944962324e+01
1.188024982194689549e+01
1.188026464189063525e+01
1.188030061237609125e+01
1.188035615800749412e+01
1.188041552719700888e+01
1.188045758007046437e+01
1.188047363622266950e+01
1.188046776983334496e+01
1.188044248538614056e+01
1.188039615228681356e+01
1.188033619322872347e+01
1.188028294634800730e+01
1.188025363090390840e+01
1.188024975984058074e+01
1.188026581693087991e+01
1.188030155677328281e+01
1.188035613584699313e+01
1.188041560484725423e+01
1.188045854674873425e+01
1.188047442782412588e+01
1.188046717197460822e+01
1.188044118999875209e+01
1.188039564392766678e+01
1.188033635943065036e+01
1.188028249486141696e+01
1.188025255683147741e+01
1.188024953057097122e+01
1.188026692723654598e+01
1.188030265587181766e+01
1.188035622407346814e+01
1.188041555743619782e+01
1.188045936676796011e+01
1.188047529924871881e+01
1.188046673627767902e+01
1.188043985405658631e+01
1.188039495753264774e+01
1.188033651620981779e+01
1.188028222038178860e+01
1.188025154389842442e+01
1.188024914734742410e+01
1.188026793997674346e+01
1.188030388715545271e+01
1.188035644954875281e+01
1.188041541478006025e+01
1.188046002118404587e+01
1.188047621578331459e+01
1.188046647194931893e+01
1.188043851484693292e+01
1.188039409429241289e+01
1.188033662634139986e+01
1.188028211183443261e+01
1.188025062624697448e+01
1.188024863045037094e+01
1.188026882684470209e+01
1.188030522230258690e+01
1.188035683291466782e+01
1.188041521092734065e+01
1.188046049835314122e+01
1.188047714046358649e+01
1.188046638038000680e+01
1.188043720964220995e+01
1.188039306329771350e+01
1.188033665477700573e+01
1.188028215075028982e+01
1.188024983394973511e+01
1.188024800634327960e+01
1.188026956530692324e+01
1.188030662846700736e+01
1.188035738767356619e+01
1.188041498260534290e+01
1.188046079447761016e+01
1.188047803572346339e+01
1.188046645507523991e+01
1.188043597404691987e+01
1.188039188110787769e+01
1.188033657023462375e+01
1.188028231210062735e+01
1.188024919163919613e+01
1.188024730650772476e+01
1.188027013959922762e+01
1.188030806975180909e+01
1.188035811959816002e+01
1.188041476754432502e+01
1.188046091379395897e+01
1.188047886508168283e+01
1.188046668193210031e+01
1.188043484042258235e+01
1.188039057098819207e+01
1.188033634660957283e+01
1.188028256543606354e+01
1.188024871737755817e+01
1.188024656604937057e+01
1.188027054142793304e+01
1.188030950881047865e+01
1.188035902649380482e+01
1.188041460275901606e+01
1.188046086839084126e+01
1.188047959478981674e+01
1.188046703985161301e+01
1.188043383645711337e+01
1.188038916185415594e+01
1.188033596414224746e+01
1.188028287627632551e+01
1.188024842182191065e+01
1.188024582213365932e+01
1.188027077034591628e+01
1.188031090850498650e+01
1.188036009831995798e+01
1.188041452286881494e+01
1.188046067766378044e+01
1.188048019536641320e+01
1.188046750166315846e+01
1.188043298393877834e+01
1.188038768697198577e+01
1.188033541029131435e+01
1.188028320768461299e+01
1.188024830772663876e+01
1.188024511231922276e+01
1.188027083378587356e+01
1.188031223355004506e+01
1.188036131766097725e+01
1.188041455853484329e+01
1.188046036743131495e+01
1.188048064294485684e+01
1.188046803532387230e+01
1.188043229778667254e+01
1.188038618247399647e+01
1.188033468027604656e+01
1.188028352195142290e+01
1.188024836980865295e+01
1.188024447286311336e+01
1.188027074674686112e+01
1.188031345207381584e+01
1.188036266052139212e+01
1.188041473508517498e+01
1.188045996875453270e+01
1.188048092037031367e+01
1.188046860534299753e+01
1.188043178537981959e+01
1.188038468575381756e+01
1.188033377726751638e+01
1.188028378230800541e+01
1.188024859498369779e+01
1.188024393707551063e+01
1.188027053114411302e+01
1.188031453702941320e+01
1.188036409740743515e+01
1.188041507138925645e+01
1.188045951651662868e+01
1.188048101799180856e+01
1.188046917437022287e+01
1.188043144621523517e+01
1.188038323381012873e+01
1.188033271222461806e+01
1.188028395458900377e+01
1.188024896296327881e+01
1.188024353380064291e+01
1.188027021484693790e+01
1.188031546739746780e+01
1.188036559464537234e+01
1.188041557902960577e+01
1.188045904783082563e+01
1.188048093410997019e+01
1.188046970487793885e+01
1.188043127191239989e+01
1.188038186160927268e+01
1.188033150338653599e+01
1.188028400876783586e+01
1.188024944718397258e+01
1.188024328609621527e+01
1.188026983044354878e+01
1.188031622912793317e+01
1.188036711587841765e+01
1.188041626180425148e+01
1.188045860035254897e+01
1.188048067505761374e+01
1.188047016086122731e+01
1.188043124656727656e+01
1.188038060053575329e+01
1.188033017544734804e+01
1.188028392029587188e+01
1.188025001602413511e+01
1.188024321017515916e+01
1.188026941378508994e+01
1.188031681577920651e+01
1.188036862367773594e+01
1.188041711557798585e+01
1.188045821057520435e+01
1.188048025490876647e+01
1.188047050947689165e+01
1.188043134744423668e+01
1.188037947699658936e+01
1.188032875845114233e+01
1.188028367118716488e+01
1.188025063424943895e+01
1.188024331466104755e+01
1.188026900237266581e+01
1.188031722882417895e+01
1.188037008119902005e+01
1.188041812848508627e+01
1.188045791218820568e+01
1.188047969483042365e+01
1.188047072254408754e+01
1.188043154597907325e+01
1.188037851123982769e+01
1.188032728645651126e+01
1.188028325080358449e+01
1.188025126461772629e+01
1.188024360019358561e+01
1.188026863366014751e+01
1.188031747760636314e+01
1.188037145381463056e+01
1.188041928147098147e+01
1.188045773457125875e+01
1.188047902210905704e+01
1.188047077783470584e+01
1.188043180905145491e+01
1.188037771643955764e+01
1.188032579602792893e+01
1.188028265630936531e+01
1.188025186956729229e+01
1.188024405940304007e+01
1.188026834335114401e+01
1.188031757894358975e+01
1.188037271065213218e+01
1.188042054914708068e+01
1.188045770149082081e+01
1.188047826889971859e+01
1.188047066009105457e+01
1.188043210047201015e+01
1.188037709808973652e+01
1.188032432461786847e+01
1.188028189277934032e+01
1.188025241291006395e+01
1.188024467725416145e+01
1.188026816377023920e+01
1.188031755639263665e+01
1.188037382597321390e+01
1.188042190092018124e+01
1.188045783005425449e+01
1.188047747075860272e+01
1.188047036172183724e+01
1.188043238261758106e+01
1.188037665373677854e+01
1.188032290890798315e+01
1.188028097295946672e+01
1.188025286145254000e+01
1.188024543174189951e+01
1.188026812238599206e+01
1.188031743920381089e+01
1.188037478033227323e+01
1.188042330234768684e+01
1.188045812996447914e+01
1.188047666502896149e+01
1.188046988314316010e+01
1.188043261813974816e+01
1.188037637306686811e+01
1.188032158317963294e+01
1.188027991669288141e+01
1.188025318647269657e+01
1.188024629490386630e+01
1.188026824055633313e+01
1.188031726100999208e+01
1.188037556146233875e+01
1.188042471666105904e+01
1.188045860310432289e+01
1.188047588915601160e+01
1.188046923274941591e+01
1.188043277166683787e+01
1.188037623834834022e+01
1.188032037778373073e+01
1.188027875003744960e+01
1.188025336498918527e+01
1.188024723409994721e+01
1.188026853255626847e+01
1.188031705830811902e+01
1.188037616484587211e+01
1.188042610639326924e+01
1.188045924346552873e+01
1.188047517900755423e+01
1.188046842651732860e+01
1.188043281141878893e+01
1.188037622521327741e+01
1.188031931777714512e+01
1.188027750411293759e+01
1.188025338076975501e+01
1.188024821349718430e+01
1.188026900493366611e+01
1.188031686880271565e+01
1.188037659394114343e+01
1.188042743504147758e+01
1.188046003742298495e+01
1.188047456727529827e+01
1.188046748726456059e+01
1.188043271065772721e+01
1.188037630374611275e+01
1.188031842178695996e+01
1.188027621372630804e+01
1.188025322503822423e+01
1.188024919568996296e+01
1.188026965622242059e+01
1.188031672968859809e+01
1.188037686004944504e+01
1.188042866869401770e+01
1.188046096434108279e+01
1.188047408202607080e+01
1.188046644360057513e+01
1.188043244890517869e+01
1.188037643983181368e+01
1.188031770115578567e+01
1.188027491583269679e+01
1.188025289685235109e+01
1.188025014338072793e+01
1.188027047702438921e+01
1.188031667595412699e+01
1.188037698182466073e+01
1.188042977755076990e+01
1.188046199748580989e+01
1.188047374546444779e+01
1.188046532862144389e+01
1.188043201286839690e+01
1.188037659670249546e+01
1.188031715940971011e+01
1.188027364789670060e+01
1.188025240313885433e+01
1.188025102104562336e+01
1.188027145045345101e+01
1.188031673878554173e+01
1.188037698444387402e+01
1.188043073726930210e+01
1.188046310520427262e+01
1.188047357295802087e+01
1.188046417841083446e+01
1.188043139703312612e+01
1.188037673661087368e+01
1.188031679207725588e+01
1.188027244622380785e+01
1.188025175838536107e+01
1.188025179651208596e+01
1.188027255291767581e+01
1.188031694414821260e+01
1.188037689847447176e+01
1.188043153007483355e+01
1.188046425232247749e+01
1.188047357236490598e+01
1.188046303041682528e+01
1.188043060389729000e+01
1.188037682255164817e+01
1.188031658687145864e+01
1.188027134433436061e+01
1.188025098400255075e+01
1.188025244238074407e+01
1.188027375520010764e+01
1.188031731161142801e+01
1.188037675848872432e+01
1.188043214558098448e+01
1.188046540170284437e+01
1.188047374369055653e+01
1.188046192177773897e+01
1.188042964383769728e+01
1.188037681994912376e+01
1.188031652423068252e+01
1.188027037145229414e+01
1.188025010738282816e+01
1.188025293723220344e+01
1.188027502378580635e+01
1.188031785347079072e+01
1.188037660149020702e+01
1.188043258128031709e+01
1.188046651589573877e+01
1.188047407908746500e+01
1.188046088767070607e+01
1.188042853461999826e+01
1.188037669823090248e+01
1.188031657819593079e+01
1.188026955117774719e+01
1.188024916069387160e+01
1.188025326656885383e+01
1.188027632237270304e+01
1.188031857420720527e+01
1.188037646522619895e+01
1.188043284267792110e+01
1.188046755881380001e+01
1.188047456319774575e+01
1.188045995975400615e+01
1.188042730057834184e+01
1.188037643221338158e+01
1.188031671758590413e+01
1.188026890040581307e+01
1.188024817945690970e+01
1.188025342345323310e+01
1.188027761349736089e+01
1.188031947030433422e+01
1.188037638646633276e+01
1.188043294305810882e+01
1.188046849735542665e+01
1.188047517382514329e+01
1.188045916476908204e+01
1.188042597150589863e+01
1.188037600323483112e+01
1.188031690741567381e+01
1.188026842854396570e+01
1.188024720096916198e+01
1.188025340881672776e+01
1.188027886020342017e+01
1.188032053042934422e+01
1.188037639932913336e+01
1.188043290289184739e+01
1.188046930290413883e+01
1.188047588290931955e+01
1.188045852336060904e+01
1.188042458130916224e+01
1.188037539998505032e+01
1.188031711049214501e+01
1.188026813706762397e+01
1.188024626263811712e+01
1.188025323142513479e+01
1.188028002768028379e+01
1.188032173596439378e+01
1.188037653373533864e+01
1.188043274891071377e+01
1.188046995263417216e+01
1.188047665776300121e+01
1.188045804916389159e+01
1.188042316648788699e+01
1.188037461899607194e+01
1.188031728911080087e+01
1.188026801943789756e+01
1.188024540030058240e+01
1.188025290750134566e+01
1.188028108480230927e+01
1.188032306186087439e+01
1.188037681405962154e+01
1.188043251288981317e+01
1.188047043055999019e+01
1.188047746252057379e+01
1.188045774819794609e+01
1.188042176450839094e+01
1.188037366477538193e+01
1.188031740677288717e+01
1.188026806138810088e+01
1.188024464660224311e+01
1.188025246001886259e+01
1.188028200550379587e+01
1.188032447777463041e+01
1.188037725804179345e+01
1.188043223019740147e+01
1.188047072827804129e+01
1.188047825973683125e+01
1.188045761859066651e+01
1.188042041214096578e+01
1.188037254958002009e+01
1.188031742984190942e+01
1.188026824156774630e+01
1.188024402951242742e+01
1.188025191769367339e+01
1.188028276993227905e+01
1.188032594942919573e+01
1.188037787600492656e+01
1.188043193818014842e+01
1.188047084536306031e+01
1.188047901206640233e+01
1.188045765064923209e+01
1.188041914383234676e+01
1.188037129284625237e+01
1.188031732906217464e+01
1.188026853251459336e+01
1.188024357104415785e+01
1.188025131371532872e+01
1.188028336533147566e+01
1.188032744014555142e+01
1.188037867041259332e+01
1.188043167446126525e+01
1.188047078939749035e+01
1.188047968394914733e+01
1.188045782727526145e+01
1.188041799018208700e+01
1.188036992030421857e+01
1.188031708086985283e+01
1.188026890190903373e+01
1.188024328624133119e+01
1.188025068427006126e+01
1.188028378661587681e+01
1.188032891247142153e+01
1.188037963578113576e+01
1.188043147523206677e+01
1.188047057563071718e+01
1.188048024322443652e+01
1.188045812470971363e+01
1.188041697658694318e+01
1.188036846281981340e+01
1.188031666843864365e+01
1.188026931405089748e+01
1.188024318248270284e+01
1.188025006691985297e+01
1.188028403661073540e+01
1.188033032984006709e+01
1.188038075894652756e+01
1.188043137361672308e+01
1.188047022628340343e+01
1.188048066259892721e+01
1.188045851357850324e+01
1.188041612211098474e+01
1.188036695501617857e+01
1.188031608241542969e+01
1.188026973148803300e+01
1.188024325913763946e+01
1.188024949890908033e+01
1.188028412594444383e+01
1.188033165818824344e+01
1.188038201967000695e+01
1.188043139818518412e+01
1.188046976953001810e+01
1.188048092089776731e+01
1.188045896019579750e+01
1.188041543863026206e+01
1.188036543373546827e+01
1.188031532131702761e+01
1.188027011671917599e+01
1.188024350759140546e+01
1.188024901547607115e+01
1.188028407259437991e+01
1.188033286746512651e+01
1.188038339155253276e+01
1.188043157168048403e+01
1.188046923820873424e+01
1.188048100403836571e+01
1.188045942806975042e+01
1.188041493029052020e+01
1.188036393640683919e+01
1.188031439157455615e+01
1.188027043389104520e+01
1.188024391163940408e+01
1.188024864824798144e+01
1.188028390110219235e+01
1.188033393296822560e+01
1.188038484321580768e+01
1.188043191001553822e+01
1.188046866832100790e+01
1.188048090567896686e+01
1.188045987954450311e+01
1.188041459330395000e+01
1.188036249938987510e+01
1.188031330722793832e+01
1.188027065041128516e+01
1.188024444823144421e+01
1.188024842379500257e+01
1.188028364148925142e+01
1.188033483644873911e+01
1.188038633969753199e+01
1.188043242158083501e+01
1.188046809739282850e+01
1.188048062750986666e+01
1.188046027750452716e+01
1.188041441609743920e+01
1.188036115636338685e+01
1.188031208928735794e+01
1.188027073840451386e+01
1.188024508852973682e+01
1.188024836241341120e+01
1.188028332791763653e+01
1.188033556693752857e+01
1.188038784400064429e+01
1.188043310688990317e+01
1.188046756277483595e+01
1.188048017917313715e+01
1.188046058706263608e+01
1.188041437980970727e+01
1.188035993682818514e+01
1.188031076479197523e+01
1.188027067594765995e+01
1.188024579922916324e+01
1.188024847719596622e+01
1.188028299715474390e+01
1.188033612125319394e+01
1.188038931873066772e+01
1.188043395857433282e+01
1.188046709996022976e+01
1.188047957781517816e+01
1.188046077715228144e+01
1.188041445911930971e+01
1.188035886478831138e+01
1.188030936560784312e+01
1.188027044803242482e+01
1.188024654407604785e+01
1.188024877343472596e+01
1.188028268691062372e+01
1.188033650416656783e+01
1.188039072775200999e+01
1.188043496172509705e+01
1.188046674099641642e+01
1.188047884729497206e+01
1.188046082194820308e+01
1.188041462337004539e+01
1.188035795766899128e+01
1.188030792701671956e+01
1.188027004721581648e+01
1.188024728551326525e+01
1.188024924838446061e+01
1.188028243412438201e+01
1.188033672820994369e+01
1.188039203779299591e+01
1.188043609456291350e+01
1.188046651306053469e+01
1.188047801708745688e+01
1.188046070204711846e+01
1.188041483794559561e+01
1.188035722552086781e+01
1.188030648615551499e+01
1.188026947393423072e+01
1.188024798637475499e+01
1.188024989139709220e+01
1.188028227328024400e+01
1.188033681313513945e+01
1.188039321993085551e+01
1.188043732940722563e+01
1.188046643725983564e+01
1.188047712093597852e+01
1.188046040535183501e+01
1.188041506583245344e+01
1.188035667054864142e+01
1.188030508037212485e+01
1.188026873647069159e+01
1.188024861155204803e+01
1.188025068441898746e+01
1.188028223483302170e+01
1.188033678504052837e+01
1.188039425089164602e+01
1.188043863390182331e+01
1.188046652770688638e+01
1.188047619531853627e+01
1.188045992761679237e+01
1.188041526929979241e+01
1.188035628698919766e+01
1.188030374556711521e+01
1.188026785057942725e+01
1.188024912955862611e+01
1.188025160282539261e+01
1.188028234381815729e+01
1.188033667520343961e+01
1.188039511410651627e+01
1.188043997244524874e+01
1.188046679090673585e+01
1.188047527779992940e+01
1.188045927263030066e+01
1.188041541161799586e+01
1.188035606134886812e+01
1.188030251459243658e+01
1.188026683878525702e+01
1.188024951392403317e+01
1.188025261655024245e+01
1.188028261871251878e+01
1.188033651866932239e+01
1.188039580047482247e+01
1.188044130776564700e+01
1.188046722547976053e+01
1.188047440534544918e+01
1.188045845202702466e+01
1.188041545873463178e+01
1.188035597299335855e+01
1.188030141577709564e+01
1.188026572938801628e+01
1.188024974435915482e+01
1.188025369145629639e+01
1.188028307059946265e+01
1.188033635266184973e+01
1.188039630879610975e+01
1.188044260257392892e+01
1.188046782222979481e+01
1.188047361267149071e+01
1.188045748474232610e+01
1.188041538082805815e+01
1.188035599506693707e+01
1.188030047164593839e+01
1.188026455521378111e+01
1.188024980764465965e+01
1.188025479088054759e+01
1.188028370267634770e+01
1.188033621488804314e+01
1.188039664584719723e+01
1.188044382122457776e+01
1.188046856455333966e+01
1.188047293070495947e+01
1.188045639613751447e+01
1.188041515366473888e+01
1.188035609570132678e+01
1.188029969789085172e+01
1.188026335216480156e+01
1.188024969820704513e+01
1.188025587728316701e+01
1.188028451012550946e+01
1.188033614181850339e+01
1.188039682609628223e+01
1.188044493131231327e+01
1.188046942917208249e+01
1.188047238521732218e+01
1.188045521683967110e+01
1.188041475969619043e+01
1.188035623945977903e+01
1.188029910264370947e+01
1.188026215762887006e+01
1.188024941835982240e+01
1.188025691392560290e+01
1.188028548035160448e+01
1.188033616702444029e+01
1.188039687106341091e+01
1.188044590513359822e+01
1.188047038715822445e+01
1.188047199569018453e+01
1.188045398135219521e+01
1.188041418884501255e+01
1.188035638894963419e+01
1.188029868608799333e+01
1.188026100881548430e+01
1.188024897820070791e+01
1.188025786650382187e+01
1.188028659357085992e+01
1.188033631965037351e+01
1.188039680835381162e+01
1.188044672094630450e+01
1.188047140521013745e+01
1.188047177445927716e+01
1.188045272650091810e+01
1.188041343894519031e+01
1.188035650652734887e+01
1.188029844043070504e+01
1.188025994109080941e+01
1.188024839516925368e+01
1.188025870466647049e+01
1.188028782372135161e+01
1.188033662309429594e+01
1.188039667040734670e+01
1.188044736396813406e+01
1.188047244712540973e+01
1.188047172617180181e+01
1.188045148978634202e+01
1.188041251581948110e+01
1.188035655601518137e+01
1.188029835023961667e+01
1.188025898638511357e+01
1.188024769328266217e+01
1.188025940335389485e+01
1.188028913964946653e+01
1.188033709395624626e+01
1.188039649302198164e+01
1.188044782706477420e+01
1.188047347540922871e+01
1.188047184757946262e+01
1.188045030771473876e+01
1.188041143299425961e+01
1.188035650434797397e+01
1.188029839313325553e+01
1.188025817174499466e+01
1.188024690208056988e+01
1.188025994390245010e+01
1.188029050651624097e+01
1.188033774130222042e+01
1.188039631372092053e+01
1.188044811109240584e+01
1.188047445294926341e+01
1.188047212767625993e+01
1.188044921418026867e+01
1.188041021106908346e+01
1.188035632307233769e+01
1.188029854079337966e+01
1.188025751809799324e+01
1.188024605532166689e+01
1.188026031486833389e+01
1.188029188735903929e+01
1.188033856627455087e+01
1.188039617004107562e+01
1.188044822487484886e+01
1.188047534468354449e+01
1.188047254817621656e+01
1.188044823896671964e+01
1.188040887677384205e+01
1.188035598962851935e+01
1.188029876025346532e+01
1.188025703928875032e+01
1.188024518948638431e+01
1.188026051253673820e+01
1.188029324473887627e+01
1.188033956206285779e+01
1.188039609782416584e+01
1.188044818481342269e+01
1.188047611918640811e+01
1.188047308431281479e+01
1.188044740643183950e+01
1.188040746175899720e+01
1.188035548835697952e+01
1.188029901540268085e+01
1.188025674143447930e+01
1.188024434214933400e+01
1.188026054109425189e+01
1.188029454240169436e+01
1.188034071423264493e+01
1.188039612959108560e+01
1.188044801414569740e+01
1.188047675009939219e+01
1.188047370592807539e+01
1.188044673442941601e+01
1.188040600117518331e+01
1.188035481118586745e+01
1.188029926863383068e+01
1.188025662263266469e+01
1.188024355029250323e+01
1.188026041245571207e+01
1.188029574688247614e+01
1.188034200139255958e+01
1.188039629307509415e+01
1.188044774188715635e+01
1.188047721733917861e+01
1.188047437880682367e+01
1.188044623351465390e+01
1.188040453210558844e+01
1.188035395797173877e+01
1.188029948255677937e+01
1.188025667303750943e+01
1.188024284863478996e+01
1.188026014575036093e+01
1.188029682898474526e+01
1.188034339616677393e+01
1.188039660998038194e+01
1.188044740150578349e+01
1.188047750802412494e+01
1.188047506619997229e+01
1.188044590646736332e+01
1.188040309191964461e+01
1.188035293648243673e+01
1.188029962169631482e+01
1.188025687530326557e+01
1.188024226805463712e+01
1.188025976648643400e+01
1.188029776507315205e+01
1.188034486642654564e+01
1.188039709502078267e+01
1.188044702939300734e+01
1.188047761707305483e+01
1.188047573047109040e+01
1.188044574815494592e+01
1.188040171661832467e+01
1.188035176202749810e+01
1.188029965409496391e+01
1.188025720537465446e+01
1.188024183417969404e+01
1.188025930542691988e+01
1.188029853812456871e+01
1.188034637672512517e+01
1.188039775527906805e+01
1.188044666320429599e+01
1.188047754744575535e+01
1.188047633479325071e+01
1.188044574574368895e+01
1.188040043924115885e+01
1.188035045675674262e+01
1.188029955274729588e+01
1.188025763358683129e+01
1.188024156621110272e+01
1.188025879722312617e+01
1.188029913849243435e+01
1.188034788987292067e+01
1.188039858991159470e+01
1.188044634014798184e+01
1.188047731001202578e+01
1.188047684481900035e+01
1.188044587925239526e+01
1.188039928840223958e+01
1.188034904866107944e+01
1.188029929680164365e+01
1.188025812602231035e+01
1.188024147603960223e+01
1.188025827886425212e+01
1.188029956434989032e+01
1.188034936858506718e+01
1.188039959020750480e+01
1.188044609530286166e+01
1.188047692305471870e+01
1.188047723024574331e+01
1.188044612242782883e+01
1.188039828701734990e+01
1.188034757032150424e+01
1.188029887247767746e+01
1.188025864605959470e+01
1.188024156769683515e+01
1.188025778801145727e+01
1.188029982178997024e+01
1.188035077713155729e+01
1.188040073999557755e+01
1.188044596004152709e+01
1.188047641143070088e+01
1.188047746620226164e+01
1.188044644390680915e+01
1.188039745127746905e+01
1.188034605746119077e+01
1.188029827366216296e+01
1.188025915603958715e+01
1.188024183716921023e+01
1.188025736129200283e+01
1.188029992457472162e+01
1.188035208292008349e+01
1.188040201637763893e+01
1.188044596063033609e+01
1.188047580543058146e+01
1.188047753438956811e+01
1.188044680861599112e+01
1.188039678991421333e+01
1.188034454736302337e+01
1.188029750216081837e+01
1.188025961897120375e+01
1.188024227258348553e+01
1.188025703263238242e+01
1.188029989354019911e+01
1.188035325794466068e+01
1.188040339075407914e+01
1.188044611706692422e+01
1.188047513939272370e+01
1.188047742392047113e+01
1.188044717934855043e+01
1.188039630379187450e+01
1.188034307721961724e+01
1.188029656759923114e+01
1.188026000019711859e+01
1.188024285475481356e+01
1.188025683170928914e+01
1.188029975567950025e+01
1.188035428003755811e+01
1.188040483009580939e+01
1.188044644220408230e+01
1.188047445013841497e+01
1.188047713181711096e+01
1.188044751844678970e+01
1.188039598584724743e+01
1.188034168248548994e+01
1.188029548698088789e+01
1.188026026894419829e+01
1.188024355807006671e+01
1.188025678259221074e+01
1.188029954294134072e+01
1.188035513386953035e+01
1.188040629840768503e+01
1.188044694119522404e+01
1.188047377530233284e+01
1.188047666314245632e+01
1.188044778951347169e+01
1.188039582138404882e+01
1.188034039530139196e+01
1.188029428392397335e+01
1.188026039969027714e+01
1.188024435166289372e+01
1.188025690264295875e+01
1.188029929079591973e+01
1.188035581165229004e+01
1.188040775832116935e+01
1.188044761128201721e+01
1.188047315163602491e+01
1.188047603076043401e+01
1.188044795907167384e+01
1.188039578871299362e+01
1.188033924305859657e+01
1.188029298761123442e+01
1.188026037328884321e+01
1.188024520082340096e+01
1.188025720172478650e+01
1.188029903663208842e+01
1.188035631350919452e+01
1.188040917274906683e+01
1.188044844193024829e+01
1.188047261336146221e+01
1.188047525473776211e+01
1.188044799809414265e+01
1.188039586011258386e+01
1.188033824716644204e+01
1.188029163149817968e+01
1.188026017780528498e+01
1.188024606857498711e+01
1.188025768175846508e+01
1.188029881805937471e+01
1.188035664749322606e+01
1.188041050653215969e+01
1.188044941530545273e+01
1.188047219064766047e+01
1.188047436141817670e+01
1.188044788332912027e+01
1.188039600307025800e+01
1.188033742207889709e+01
1.188029025183412912e+01
1.188025980903172929e+01
1.188024691734431038e+01
1.188025833664528186e+01
1.188029867119433902e+01
1.188035682924707359e+01
1.188041172800742729e+01
1.188045050706640637e+01
1.188047190827603039e+01
1.188047338221517180e+01
1.188044759835913666e+01
1.188039618174906842e+01
1.188033677462631665e+01
1.188028888605817457e+01
1.188025927066131437e+01
1.188024771064776175e+01
1.188025915255860276e+01
1.188029862901240818e+01
1.188035688131621725e+01
1.188041281042927366e+01
1.188045168744217861e+01
1.188047178455063424e+01
1.188047235218184916e+01
1.188044713434271316e+01
1.188039635861327170e+01
1.188033630368588156e+01
1.188028757113784373e+01
1.188025857411700947e+01
1.188024841471900750e+01
1.188026010858774484e+01
1.188029871984358721e+01
1.188035683214276794e+01
1.188041373318019645e+01
1.188045292254710006e+01
1.188047183049789268e+01
1.188047130842555710e+01
1.188044649040506329e+01
1.188039649613734383e+01
1.188033600020985503e+01
1.188028634192129473e+01
1.188025773804364782e+01
1.188024900000645445e+01
1.188026117770095169e+01
1.188029896608366975e+01
1.188035671478386490e+01
1.188041448271465406e+01
1.188045417587862396e+01
1.188047204938772161e+01
1.188047028844050956e+01
1.188044567366161175e+01
1.188039655851760301e+01
1.188033584761450001e+01
1.188028522957502631e+01
1.188025678748511993e+01
1.188024944247712789e+01
1.188026232798002191e+01
1.188029938318129552e+01
1.188035656541260288e+01
1.188041505319039715e+01
1.188045540993519644e+01
1.188047243659457664e+01
1.188046932843316483e+01
1.188044469887624288e+01
1.188039651330527668e+01
1.188033582251566855e+01
1.188028426017669403e+01
1.188025575278091139e+01
1.188024972467264462e+01
1.188026352406731867e+01
1.188029997894751943e+01
1.188035642167138128e+01
1.188041544675446559e+01
1.188045658788536230e+01
1.188047297980320316e+01
1.188046846171380366e+01
1.188044358777396958e+01
1.188039633288324382e+01
1.188033589577985616e+01
1.188028345352776505e+01
1.188025466822760379e+01
1.188024983647443023e+01
1.188026472875771589e+01
1.188030075321792367e+01
1.188035632095517435e+01
1.188041567346656890e+01
1.188045767521603047e+01
1.188047365955016588e+01
1.188046771722315853e+01
1.188044236804339704e+01
1.188039599571689031e+01
1.188033603384375425e+01
1.188028282224236420e+01
1.188025357056098485e+01
1.188024977554718653e+01
1.188026590466320265e+01
1.188030169787993451e+01
1.188035629870647014e+01
1.188041575085932067e+01
1.188045864128702611e+01
1.188047445007889635e+01
1.188046711825617763e+01
1.188044107207793409e+01
1.188039548732118789e+01
1.188033620024135928e+01
1.188028237115715946e+01
1.188025249732273636e+01
1.188024954744295947e+01
1.188026701587653911e+01
1.188030279726042693e+01
1.188035638680261208e+01
1.188041570315270867e+01
1.188045946072136871e+01
1.188047532047337995e+01
1.188046668143580398e+01
1.188043973551502752e+01
1.188039480090077760e+01
1.188033635726681680e+01
1.188028209709327498e+01
1.188025148518204865e+01
1.188024916536114262e+01
1.188026802956200001e+01
1.188030402885179271e+01
1.188035661211154448e+01
1.188041556015751965e+01
1.188046011456622963e+01
1.188047623602373903e+01
1.188046641597939512e+01
1.188043839564016402e+01
1.188039393763650864e+01
1.188033646769412321e+01
1.188028198898468268e+01
1.188025056828610815e+01
1.188024864957347759e+01
1.188026891740588553e+01
1.188030536433982753e+01
1.188035699528257716e+01
1.188041535591830744e+01
1.188046059116857478e+01
1.188047715976659724e+01
1.188046632328829588e+01
1.188043708972636381e+01
1.188039290660924507e+01
1.188033649647196199e+01
1.188028202837012515e+01
1.188024977671406646e+01
1.188024802653647427e+01
1.188026965686600533e+01
1.188030677088403841e+01
1.188035754982680636e+01
1.188041512716007020e+01
1.188046088672146716e+01
1.188047805413465419e+01
1.188046639687853734e+01
1.188043585338111896e+01
1.188039172436877955e+01
1.188033641231366744e+01
1.188028219022759657e+01
1.188024913510615299e+01
1.188024732772673353e+01
1.188027023216824496e+01
1.188030821259122227e+01
1.188035828152650275e+01
1.188041491161246377e+01
1.188046100545234651e+01
1.188047888264333629e+01
1.188046662265684894e+01
1.188043471897129244e+01
1.188039041417174069e+01
1.188033618910823108e+01
1.188028244411315271e+01
1.188024866153310732e+01
1.188024658824712176e+01
1.188027063500827829e+01
1.188030965211620149e+01
1.188035918819709735e+01
1.188041474629146599e+01
1.188046095944131686e+01
1.188047961153918308e+01
1.188046697953251574e+01
1.188043371419215433e+01
1.188038900492636252e+01
1.188033580708824921e+01
1.188028275555046065e+01
1.188024836666105344e+01
1.188024584526248262e+01
1.188027086492821560e+01
1.188031105231986828e+01
1.188036025980814614e+01
1.188041466581953642e+01
1.188046076807615670e+01
1.188048021133421983e+01
1.188046744034146762e+01
1.188043286084095129e+01
1.188038752989338676e+01
1.188033525370335752e+01
1.188028308760505425e+01
1.188024825325351053e+01
1.188024513633291335e+01
1.188027092935050177e+01
1.188031237791337702e+01
1.188036147895359740e+01
1.188041470086271190e+01
1.188046045716867027e+01
1.188048065815419463e+01
1.188046797304535218e+01
1.188043217384685235e+01
1.188038602520187403e+01
1.188033452416293656e+01
1.188028340256797222e+01
1.188024831603636144e+01
1.188024449771886992e+01
1.188027084326492400e+01
1.188031359701910539e+01
1.188036282164656754e+01
1.188041487675569741e+01
1.188046005777447611e+01
1.188048093483584999e+01
1.188046854215586734e+01
1.188043166059948419e+01
1.188038452824457281e+01
1.188033362162771311e+01
1.188028366366912536e+01
1.188024854193386126e+01
1.188024396273557670e+01
1.188027062857890037e+01
1.188031468258244239e+01
1.188036425840031285e+01
1.188041521237611953e+01
1.188045960477277241e+01
1.188048103171931480e+01
1.188046911032303932e+01
1.188043132060642293e+01
1.188038307602181476e+01
1.188033255704633895e+01
1.188028383673986710e+01
1.188024891066529953e+01
1.188024356023368000e+01
1.188027031315566262e+01
1.188031561357484378e+01
1.188036575554618501e+01
1.188041571931590035e+01
1.188045913527447262e+01
1.188048094709615299e+01
1.188046964001763151e+01
1.188043114549708257e+01
1.188038170350398204e+01
1.188033134864838125e+01
1.188028389174841237e+01
1.188024939567402605e+01
1.188024331327841665e+01
1.188026992957927419e+01
1.188031637593613610e+01
1.188036727673018156e+01
1.188041640138328248e+01
1.188045868693456519e+01
1.188048068729020912e+01
1.188047009523128494e+01
1.188043111937631302e+01
1.188038044208176736e+01
1.188033002111950154e+01
1.188028380413914142e+01
1.188024996534392308e+01
1.188024323809103855e+01
1.188026951369874595e+01
1.188031696321422892e+01
1.188036878452381728e+01
1.188041725445361863e+01
1.188045829624799232e+01
1.188048026636696441e+01
1.188047044311576883e+01
1.188043121951591630e+01
1.188037931817018844e+01
1.188032860449704131e+01
1.188028355591755059e+01
1.188025058444465820e+01
1.188024334330394893e+01
1.188026910301502248e+01
1.188031737687173717e+01
1.188037024208060188e+01
1.188041826667148726e+01
1.188045799690778814e+01
1.188047970548555021e+01
1.188047065548388836e+01
1.188043141735738928e+01
1.188037835202656112e+01
1.188032713283496733e+01
1.188028313643575373e+01
1.188025121573630116e+01
1.188024362956593194e+01
1.188026873498367486e+01
1.188031762624256338e+01
1.188037161476840886e+01
1.188041941899184906e+01
1.188045781829924685e+01
1.188047903192555665e+01
1.188047071010006306e+01
1.188043167978426240e+01
1.188037755683504848e+01
1.188032564269546754e+01
1.188028254284748542e+01
1.188025182165743132e+01
1.188024408951627642e+01
1.188026844531175819e+01
1.188031772813608100e+01
1.188037287170827128e+01
1.188042068603426138e+01
1.188045778419625798e+01
1.188047827783646326e+01
1.188047059169833020e+01
1.188043197060910572e+01
1.188037693809987339e+01
1.188032417153122644e+01
1.188028178021686898e+01
1.188025236601813184e+01
1.188024470812839439e+01
1.188026826632882482e+01
1.188031770610201043e+01
1.188037398715368553e+01
1.188042203721186851e+01
1.188045791171516008e+01
1.188047747877048188e+01
1.188047029267852395e+01
1.188043225220881816e+01
1.188037649337745272e+01
1.188032275602653876e+01
1.188028086127956584e+01
1.188025281562094904e+01
1.188024546340519905e+01
1.188026822550973449e+01
1.188031758938527460e+01
1.188037494164974639e+01
1.188042343808621659e+01
1.188045821056898532e+01
1.188047667206877378e+01
1.188046981344759168e+01
1.188043248723324297e+01
1.188037621236322572e+01
1.188032143046762812e+01
1.188027980586936749e+01
1.188025314173784075e+01
1.188024632739126574e+01
1.188026834421985889e+01
1.188031741161512578e+01
1.188037572291953126e+01
1.188042485189051689e+01
1.188045868265127680e+01
1.188047589517655034e+01
1.188046916239076900e+01
1.188043264030729418e+01
1.188037607733366841e+01
1.188032022521219666e+01
1.188027864003631962e+01
1.188025332137958223e+01
1.188024726745202919e+01
1.188026863674253519e+01
1.188031720928669976e+01
1.188037632643546004e+01
1.188042624115702317e+01
1.188045932196453869e+01
1.188047518396381363e+01
1.188046835547596025e+01
1.188043267964596872e+01
1.188037606392761703e+01
1.188031916532534993e+01
1.188027739489430523e+01
1.188025333830457519e+01
1.188024824775841104e+01
1.188026910963460026e+01
1.188031702010450097e+01
1.188037675564612528e+01
1.188042756937983668e+01
1.188046011489385556e+01
1.188047457112668681e+01
1.188046741551270635e+01
1.188043257850507217e+01
1.188037614223468097e+01
1.188031826944342306e+01
1.188027610524664368e+01
1.188025318372624639e+01
1.188024923090666540e+01
1.188026976143927094e+01
1.188031688126508278e+01
1.188037702184389488e+01
1.188042880264208279e+01
1.188046104081269050e+01
1.188047408473850197e+01
1.188046637110346282e+01
1.188043231639865915e+01
1.188037627814332353e+01
1.188031754891875735e+01
1.188027480804725577e+01
1.188025285669149334e+01
1.188025017959889595e+01
1.188027058276773928e+01
1.188031682776020048e+01
1.188037714367481001e+01
1.188042991113671754e+01
1.188046207299444568e+01
1.188047374701215197e+01
1.188046525533876441e+01
1.188043188002552064e+01
1.188037643488741679e+01
1.188031700728724971e+01
1.188027354076191777e+01
1.188025236411630559e+01
1.188025105830863204e+01
1.188027155674286384e+01
1.188031689078104947e+01
1.188037714630944741e+01
1.188043087051303459e+01
1.188046317979163113e+01
1.188047357332494514e+01
1.188046410429858035e+01
1.188043126386226334e+01
1.188037657471967634e+01
1.188031664008679478e+01
1.188027233969951268e+01
1.188025172047830758e+01
1.188025183485840408e+01
1.188027265978090519e+01
1.188031709629937538e+01
1.188037706031014906e+01
1.188043166298711384e+01
1.188046432603336200e+01
1.188047357154559691e+01
1.188046295542942765e+01
1.188043047039726119e+01
1.188037666063307540e+01
1.188031643503910573e+01
1.188027123838578269e+01
1.188025094717948171e+01
1.188025248184188776e+01
1.188027386267193641e+01
1.188031746389209786e+01
1.188037692024579073e+01
1.188043227816303116e+01
1.188046547458282198e+01
1.188047374169048354e+01
1.188046184587038923e+01
1.188042950999776792e+01
1.188037665804851528e+01
1.188031637259016193e+01
1.188027026605165304e+01
1.188025007160527124e+01
1.188025297783097045e+01
1.188027513190638551e+01
1.188031800586348830e+01
1.188037676311819624e+01
1.188043271352381502e+01
1.188046658798880983e+01
1.188047407592267923e+01
1.188046081080170779e+01
1.188042840042028914e+01
1.188037653638857982e+01
1.188031642678735977e+01
1.188026944630546211e+01
1.188024912591846416e+01
1.188025330831803927e+01
1.188027643118561194e+01
1.188031872670383748e+01
1.188037662667462868e+01
1.188043297456540337e+01
1.188046763016027896e+01
1.188047455889403281e+01
1.188045988188707369e+01
1.188042716599068882e+01
1.188037627046314881e+01
1.188031656645436840e+01
1.188026879605124897e+01
1.188024814563765474e+01
1.188025346635491708e+01
1.188027772304735130e+01
1.188031962290661347e+01
1.188037654768647222e+01
1.188043307456366016e+01
1.188046856799010698e+01
1.188047516841658435e+01
1.188045908587535138e+01
1.188042583649518669e+01
1.188037584160265681e+01
1.188031675660965902e+01
1.188026832470583294e+01
1.188024716805974457e+01
1.188025345286211731e+01
1.188027897053400750e+01
1.188032068314873335e+01
1.188037656027573696e+01
1.188043303398207229e+01
1.188046937285479920e+01
1.188047587643649905e+01
1.188045844342028801e+01
1.188042444583509116e+01
1.188037523848797861e+01
1.188031696006188298e+01
1.188026803375393925e+01
1.188024623059407148e+01
1.188025327659506125e+01
1.188028013883136325e+01
1.188032188882161400e+01
1.188037669436831933e+01
1.188043287954588756e+01
1.188047002192049817e+01
1.188047665027090893e+01
1.188045796816737187e+01
1.188042303050708171e+01
1.188037445764145161e+01
1.188031713910653409e+01
1.188026791666564463e+01
1.188024536908130813e+01
1.188025295376728963e+01
1.188028119680787142e+01
1.188032321488490339e+01
1.188037697434566908e+01
1.188043264302526403e+01
1.188047049919284248e+01
1.188047745405641820e+01
1.188045766614639298e+01
1.188042162797676404e+01
1.188037350356051114e+01
1.188031725724305510e+01
1.188026795918260525e+01
1.188024461617269978e+01
1.188025250734443006e+01
1.188028211839002068e+01
1.188032463100122271e+01
1.188037741795572444e+01
1.188043235978502921e+01
1.188047079625915181e+01
1.188047825034779947e+01
1.188045753549595318e+01
1.188042027501617959e+01
1.188037238849225119e+01
1.188031728083133842e+01
1.188026813996176756e+01
1.188024399984450241e+01
1.188025196603647871e+01
1.188028288371599572e+01
1.188032610289897661e+01
1.188037803553082661e+01
1.188043206717009781e+01
1.188047091268499678e+01
1.188047900179761562e+01
1.188045756653333207e+01
1.188041900607622026e+01
1.188037113186359583e+01
1.188031718061029096e+01
1.188026843154721313e+01
1.188024354211770905e+01
1.188025136302900364e+01
1.188028348001921053e+01
1.188032759390179116e+01
1.188037882954454894e+01
1.188043180280372368e+01
1.188047085604395114e+01
1.188047967284174433e+01
1.188045774216911710e+01
1.188041785176277187e+01
1.188036975939651896e+01
1.188031693300904479e+01
1.188026880162432697e+01
1.188024325804486026e+01
1.188025073450642743e+01
1.188028390220346964e+01
1.188032906655758758e+01
1.188037979452352388e+01
1.188043160287915789e+01
1.188047064157711219e+01
1.188048023131399589e+01
1.188045803865169958e+01
1.188041683748076061e+01
1.188036830195036764e+01
1.188031652119282100e+01
1.188026921449636752e+01
1.188024315501372108e+01
1.188025011803097364e+01
1.188028415308352059e+01
1.188033048429734961e+01
1.188038091731378998e+01
1.188043150052442698e+01
1.188047029149768363e+01
1.188048064991417441e+01
1.188045842661258789e+01
1.188041598230376117e+01
1.188036679414378582e+01
1.188031593579890632e+01
1.188026963271292225e+01
1.188024323240274249e+01
1.188024955084925338e+01
1.188028424327800714e+01
1.188033181305319275e+01
1.188038217768587579e+01
1.188043152431519189e+01
1.188046983397375023e+01
1.188048090745956564e+01
1.188045887236955522e+01
1.188041529811814634e+01
1.188036527281678012e+01
1.188031517533380388e+01
1.188027001877255806e+01
1.188024348160602450e+01
1.188024906820358240e+01
1.188028419075576814e+01
1.188033302276756231e+01
1.188038354924872664e+01
1.188043169700191903e+01
1.188046930183844729e+01
1.188048098985902534e+01
1.188045933943231169e+01
1.188041478908019499e+01
1.188036377539883937e+01
1.188031424621814836e+01
1.188027033681988165e+01
1.188024388642729612e+01
1.188024870172661096e+01
1.188028402005144990e+01
1.188033408872952990e+01
1.188038500063024472e+01
1.188043203450640739e+01
1.188046873108978829e+01
1.188048089076184510e+01
1.188045979014456321e+01
1.188041445141230845e+01
1.188036233825232912e+01
1.188031316248175173e+01
1.188027055425838796e+01
1.188024442382390156e+01
1.188024847799531436e+01
1.188028376118123219e+01
1.188033499268070869e+01
1.188038649687216797e+01
1.188043254522909997e+01
1.188046815925210353e+01
1.188048061184925430e+01
1.188046018738847920e+01
1.188041427355077673e+01
1.188036099506114951e+01
1.188031194512558564e+01
1.188027064320660031e+01
1.188024506496449639e+01
1.188024841731371950e+01
1.188028344830389216e+01
1.188033572364169821e+01
1.188038800097905501e+01
1.188043322969408777e+01
1.188046762367638287e+01
1.188048016275441832e+01
1.188046049627290124e+01
1.188041423664247809e+01
1.188035977533314735e+01
1.188031062118111336e+01
1.188027058173364026e+01
1.188024577654901748e+01
1.188024853278311177e+01
1.188028311818549199e+01
1.188033627842078666e+01
1.188038947555559055e+01
1.188043408054356931e+01
1.188046715985825585e+01
1.188047956061531352e+01
1.188046068572581859e+01
1.188041431537262405e+01
1.188035870308092434e+01
1.188030922250858801e+01
1.188027035482191884e+01
1.188024652232719802e+01
1.188024882970450591e+01
1.188028280853658813e+01
1.188033666177890346e+01
1.188039088446288716e+01
1.188043508287859851e+01
1.188046679984967469e+01
1.188047882928325549e+01
1.188046072991525115e+01
1.188041447908990733e+01
1.188035779573931094e+01
1.188030778438622903e+01
1.188026995501819982e+01
1.188024726474339055e+01
1.188024930534183099e+01
1.188028255629861540e+01
1.188033688623932349e+01
1.188039219442382866e+01
1.188043621492886182e+01
1.188046657083430091e+01
1.188047799822666484e+01
1.188046060943016968e+01
1.188041469318110011e+01
1.188035706336902386e+01
1.188030634394985086e+01
1.188026938274810362e+01
1.188024796663092886e+01
1.188024994905602583e+01
1.188028239595974789e+01
1.188033697154607715e+01
1.188039337650836735e+01
1.188043744902116039e+01
1.188046649392767051e+01
1.188047710118382660e+01
1.188046031216484621e+01
1.188041492063392823e+01
1.188035650818482836e+01
1.188030493854871850e+01
1.188026864628401569e+01
1.188024859287856039e+01
1.188025074280203341e+01
1.188028235798020305e+01
1.188033694379120320e+01
1.188039440743390429e+01
1.188043875280462203e+01
1.188046658325199090e+01
1.188047617462943961e+01
1.188045983386464144e+01
1.188041512371700037e+01
1.188035612443318456e+01
1.188030360408705910e+01
1.188026776137021301e+01
1.188024911199478595e+01
1.188025166196283777e+01
1.188028246740214122e+01
1.188033683424736608e+01
1.188039527062207412e+01
1.188044009068078033e+01
1.188046684532285902e+01
1.188047525612704725e+01
1.188045917830857157e+01
1.188041526569838702e+01
1.188035589862913000e+01
1.188030237342256967e+01
1.188026675052283565e+01
1.188024949750217552e+01
1.188025267647891781e+01
1.188028274271022866e+01
1.188033667795707871e+01
1.188039595696234763e+01
1.188044142537838610e+01
1.188046727877151909e+01
1.188047438264291777e+01
1.188045835712207854e+01
1.188041531252174465e+01
1.188035581014588438e+01
1.188030127489163945e+01
1.188026564203478586e+01
1.188024972910293187e+01
1.188025375221803337e+01
1.188028319499648511e+01
1.188033651214283637e+01
1.188039646524448401e+01
1.188044271960652765e+01
1.188046787441240681e+01
1.188047358889667215e+01
1.188045738923181460e+01
1.188041523435999736e+01
1.188035583213381763e+01
1.188030033102773864e+01
1.188026446872732222e+01
1.188024979356775290e+01
1.188025485252025426e+01
1.188028382746752243e+01
1.188033637451222546e+01
1.188039680223601557e+01
1.188044393771566654e+01
1.188046861565172563e+01
1.188047290582069593e+01
1.188045629999121644e+01
1.188041500697284114e+01
1.188035593272919144e+01
1.188029955753210132e+01
1.188026326650020081e+01
1.188024968531240155e+01
1.188025593984668937e+01
1.188028463531518319e+01
1.188033630153814713e+01
1.188039698239674280e+01
1.188044504729459483e+01
1.188046947921948338e+01
1.188047235919388811e+01
1.188045512002082482e+01
1.188041461280387168e+01
1.188035607649814374e+01
1.188029896254626827e+01
1.188026207274110035e+01
1.188024940663949458e+01
1.188025697745739784e+01
1.188028560595351735e+01
1.188033632679575113e+01
1.188039702723942348e+01
1.188044602063230926e+01
1.188047043619435428e+01
1.188047196850695286e+01
1.188045388381918954e+01
1.188041404176681404e+01
1.188035622604918373e+01
1.188029854626324955e+01
1.188026092466170525e+01
1.188024896763631766e+01
1.188025793104462657e+01
1.188028671960761784e+01
1.188033647943505500e+01
1.188039696436333514e+01
1.188044683597814100e+01
1.188047145327902676e+01
1.188047174610585621e+01
1.188045262820932990e+01
1.188041329168618532e+01
1.188035634373819072e+01
1.188029830089904415e+01
1.188025985763244741e+01
1.188024838573301167e+01
1.188025877025107313e+01
1.188028795022342088e+01
1.188033678286097405e+01
1.188039682620387083e+01
1.188044747854057448e+01
1.188047249427310881e+01
1.188047169664863212e+01
1.188045139069120815e+01
1.188041236837498360e+01
1.188035639338512439e+01
1.188029821102966643e+01
1.188025890358960446e+01
1.188024768493890271e+01
