1.188024147592624047e+01
1.188026980549984302e+01
1.188033227424122984e+01
1.188037926424475543e+01
1.188037356979453918e+01
1.188031996115982736e+01
1.188026125388309850e+01
1.188024408919149444e+01
1.188028178814888136e+01
1.188034391175948912e+01
1.188038076430869516e+01
1.188036315361929418e+01
1.188030559406913333e+01
1.188025446732589963e+01
1.188025073410950405e+01
1.188029712924107351e+01
1.188035610747248327e+01
1.188038011229506097e+01
1.188034982517257987e+01
1.188028968338324631e+01
1.188024821726041402e+01
1.188025899886366332e+01
1.188031356806251537e+01
1.188036811371946833e+01
1.188037861060806222e+01
1.188033625122528747e+01
1.188027471049885087e+01
1.188024331507794429e+01
1.188026752668101338e+01
1.188032838621005993e+01
1.188037746499037617e+01
1.188037547572559838e+01
1.188032371985808311e+01
1.188026320014172654e+01
1.188024202716411004e+01
1.188027708774884239e+01
1.188034056108648784e+01
1.188038205737941588e+01
1.188036872875471950e+01
1.188031136604767823e+01
1.188025569697255612e+01
1.188024588484053012e+01
1.188028939055762656e+01
1.188035120986844717e+01
1.188038198673965873e+01
1.188035745071073457e+01
1.188029764955903467e+01
1.188025068631880465e+01
1.188025409192381687e+01
1.188030481715001052e+01
1.188036184519429561e+01
1.188037924202235907e+01
1.188034307424675085e+01
1.188028256580343367e+01
1.188024656168083126e+01
1.188026421340373773e+01
1.188032146910908793e+01
1.188037227968166754e+01
1.188037557350921425e+01
1.188032834331419352e+01
1.188026824997481690e+01
1.188024355522224162e+01
1.188027440757691089e+01
1.188033651237906163e+01
1.188038036431879618e+01
1.188037076260421543e+01
1.188031503905055963e+01
1.188025737728832532e+01
1.188024367073322018e+01
1.188028492826096105e+01
1.188034844271789225e+01
1.188038380135144401e+01
1.188036300989561767e+01
1.188030273594582908e+01
1.188025095464303860e+01
1.188024869253911220e+01
1.188029741352757895e+01
1.188035803147907998e+01
1.188038224150284528e+01
1.188035106846317568e+01
1.188028984062363413e+01
1.188024771711159211e+01
1.188025826084318837e+01
1.188031265655796176e+01
1.188036696643020740e+01
1.188037750930392278e+01
1.188033593433361368e+01
1.188027585823681775e+01
1.188024577866389286e+01
1.188027003828300110e+01
1.188032919930318521e+01
1.188037561200931158e+01
1.188037171074742560e+01
1.188032030208754009e+01
1.188026248625068071e+01
1.188024478667511197e+01
1.188028178222092457e+01
1.188034421941643970e+01
1.188038223617654054e+01
1.188036521074571183e+01
1.188030637331156747e+01
1.188025242740731890e+01
1.188024637646907600e+01
1.188029319789529126e+01
1.188035578792658242e+01
1.188038446091251288e+01
1.188035649832219143e+01
1.188029420956670812e+01
1.188024711402710309e+01
1.188025248530423994e+01
1.188030574229791014e+01
1.188036426566790738e+01
1.188038150521619052e+01
1.188034408253580310e+01
1.188028227588101338e+01
1.188024561344108498e+01
1.188026320091277910e+01
1.188032055286265098e+01
1.188037140381611856e+01
1.188037492992721766e+01
1.188032848850802736e+01
1.188026963781432421e+01
1.188024587099003959e+01
1.188027639665459922e+01
1.188033666587500470e+01
1.188037808253546856e+01
1.188036708831830879e+01
1.188031223891462140e+01
1.188025748583513064e+01
1.188024697219677606e+01
1.188028953221772177e+01
1.188035139760117076e+01
1.188038306730745397e+01
1.188035891885822082e+01
1.188029786152707779e+01
1.188024842412095161e+01
1.188025009498361229e+01
1.188030175978754954e+01
1.188036247487058716e+01
1.188038402041117436e+01
1.188034929480694224e+01
1.188028592642806025e+01
1.188024424839329640e+01
1.188025721833817094e+01
1.188031425320895451e+01
1.188036980698699097e+01
1.188037976891247816e+01
1.188033658051855035e+01
1.188027506506541364e+01
1.188024442012913440e+01
1.188026886160969653e+01
1.188032840784586952e+01
1.188037509519358714e+01
1.188037152789232209e+01
1.188032082309472059e+01
1.188026397694939007e+01
1.188024683333662956e+01
1.188028320825652706e+01
1.188034378158370963e+01
1.188037967378743076e+01
1.188036177894507439e+01
1.188030426105334314e+01
1.188025330196198226e+01
1.188025006185086241e+01
1.188029753753766116e+01
1.188035794930526023e+01
1.188038286226695739e+01
1.188035199602163416e+01
1.188028963715689912e+01
1.188024542298619757e+01
1.188025475895781646e+01
1.188031047233736359e+01
1.188036839374745846e+01
1.188038248435535138e+01
1.188034151391645210e+01
1.188027802388279675e+01
1.188024241509595136e+01
1.188026282916932885e+01
1.188032281573917004e+01
1.188037455786824914e+01
1.188037703921675181e+01
1.188032866132359899e+01
1.188026831735361988e+01
1.188024417164344015e+01
1.188027518149768191e+01
1.188033612030967845e+01
1.188037798444098669e+01
1.188036733575335724e+01
1.188031302749497797e+01
1.188025894317271636e+01
1.188024865256897655e+01
1.188029039000446829e+01
1.188035046493660829e+01
1.188038037828390969e+01
1.188035586067018201e+01
1.188029647052753646e+01
1.188024997479898381e+01
1.188025399473084320e+01
1.188030567875068222e+01
1.188036379013857591e+01
1.188038164247109840e+01
1.188034455907787823e+01
1.188028182566812774e+01
1.188024346078087667e+01
1.188026028487999497e+01
1.188031919229428013e+01
1.188037344915075977e+01
1.188037987744364976e+01
1.188033328172755709e+01
1.188027063410912731e+01
1.188024165386154607e+01
1.188026923827678338e+01
1.188033129487088146e+01
1.188037843102320146e+01
1.188037333922888017e+01
1.188032043420138351e+01
1.188026213945764376e+01
1.188024489066522449e+01
1.188028208807196684e+01
1.188034358694667780e+01
1.188038002246503666e+01
1.188036239500785918e+01
1.188030519397212537e+01
1.188025459887106550e+01
1.188025130789719164e+01
1.188029785643006164e+01
1.188035664028606675e+01
1.188038019782602994e+01
1.188034941561126523e+01
1.188028896329497819e+01
1.188024753191984573e+01
1.188025870073986034e+01
1.188031383902295524e+01
1.188036884967185181e+01
1.188037944489173903e+01
1.188033672997709544e+01
1.188027454229387381e+01
1.188024255530160289e+01
1.188026657516266127e+01
1.188032777784034444e+01
1.188037756203375572e+01
1.188037624405994030e+01
1.188032473320105176e+01
1.188026388116110965e+01
1.188024198548470700e+01
1.188027635020401007e+01
1.188033955372380390e+01
1.188038135174935661e+01
1.188036870904590359e+01
1.188031201737203268e+01
1.188025663352979500e+01
1.188024658673471201e+01
1.188028949785201327e+01
1.188035070346273692e+01
1.188038116832841595e+01
1.188035675648278300e+01
1.188029741734221467e+01
1.188025100089626562e+01
1.188025477089813720e+01
1.188030551999813333e+01
1.188036223786004442e+01
1.188037914283581564e+01
1.188034252890599873e+01
1.188028182868440297e+01
1.188024598897660766e+01
1.188026410234941110e+01
1.188032190583217407e+01
1.188037307175377499e+01
1.188037632047070247e+01
1.188032863317109289e+01
1.188026789017364138e+01
1.188024270565880336e+01
1.188027352055752850e+01
1.188033609156886783e+01
1.188038067121947705e+01
1.188037164724661920e+01
1.188031600929555864e+01
1.188025787817946188e+01
1.188024341099257697e+01
1.188028405514715580e+01
1.188034745638053558e+01
1.188038326005293399e+01
1.188036320587039008e+01
1.188030353628144198e+01
1.188025189494085510e+01
1.188024925504918272e+01
1.188029731677143985e+01
1.188035736595512759e+01
1.188038139047451303e+01
1.188035048065918176e+01
1.188028979452035649e+01
1.188024820002324766e+01
1.188025900541696878e+01
1.188031329134683745e+01
1.188036719378175476e+01
1.188037723178573835e+01
1.188033528785470772e+01
1.188027514906613824e+01
1.188024535050550590e+01
1.188027011627118590e+01
1.188032977237436860e+01
1.188037641445475856e+01
1.188037233233274925e+01
1.188032039313801569e+01
1.188026195891340109e+01
1.188024389303486750e+01
1.188028100277851351e+01
1.188034400326480444e+01
1.188038273441478587e+01
1.188036616719281113e+01
1.188030725391486442e+01
1.188025272485794304e+01
1.188024591131874708e+01
1.188029223098300768e+01
1.188035487081632446e+01
1.188038411250025561e+01
1.188035690366653796e+01
1.188029512150988332e+01
1.188024801000410058e+01
1.188025287548820685e+01
1.188030544090276841e+01
1.188036347253243719e+01
1.188038066799746417e+01
1.188034363787473247e+01
1.188028242388099187e+01
1.188024624025048404e+01
1.188026396737649648e+01
1.188032107950106386e+01
1.188037145013061036e+01
1.188037449075002350e+01
1.188032778125367628e+01
1.188026899971042560e+01
1.188024561079951802e+01
1.188027665498772834e+01
1.188033733865307262e+01
1.188037884968450086e+01
1.188036755388005616e+01
1.188031213211147730e+01
1.188025682358425072e+01
1.188024608185403252e+01
1.188028889723758930e+01
1.188035139240253457e+01
1.188038372870635762e+01
1.188035989929228009e+01
1.188029861078920391e+01
1.188024850525148679e+01
1.188024944750842238e+01
1.188030074568264993e+01
1.188036167183763503e+01
1.188038388371733767e+01
1.188034989234311034e+01
1.188028690637917784e+01
1.188024505372718131e+01
1.188025741193626494e+01
1.188031375753999086e+01
1.188036892514576692e+01
1.188037899189541236e+01
1.188033630834398124e+01
1.188027540440143071e+01
1.188024515795144254e+01
1.188026960453495207e+01
1.188032879211293924e+01
1.188037495508890373e+01
1.188037095309393543e+01
1.188032009889760943e+01
1.188026344877997964e+01
1.188024675478501280e+01
1.188028362810191219e+01
1.188034451225860444e+01
1.188038036254170748e+01
1.188036206684975404e+01
1.188030396807308620e+01
1.188025254415869902e+01
1.188024922129846139e+01
1.188029707579753769e+01
1.188035815029072673e+01
1.188038365053732726e+01
1.188035295184238471e+01
1.188029022039281379e+01
1.188024528599916252e+01
1.188025396145548562e+01
1.188030946003996213e+01
1.188036774393009232e+01
1.188038256746843579e+01
1.188034227646193131e+01
1.188027902432129324e+01
1.188024308767882076e+01
1.188026281196450640e+01
1.188032214664515784e+01
1.188037363158491466e+01
1.188037636623771220e+01
1.188032858194107177e+01
1.188026883457153104e+01
1.188024498090088343e+01
1.188027585624206850e+01
1.188033633578256243e+01
1.188037766320870503e+01
1.188036665930226476e+01
1.188031233121714081e+01
1.188025855739977743e+01
1.188024875884735465e+01
1.188029094348049064e+01
1.188035120886135054e+01
1.188038095046181297e+01
1.188035595941031630e+01
1.188029601305122007e+01
1.188024916536521047e+01
1.188025324709426300e+01
1.188030540944945379e+01
1.188036418181053300e+01
1.188038251518409361e+01
1.188034544346793631e+01
1.188028221699797449e+01
1.188024311501880526e+01
1.188025937715119262e+01
1.188031823063003145e+01
1.188037298391765084e+01
1.188038017725919637e+01
1.188033417349082654e+01
1.188027160608536548e+01
1.188024215805836192e+01
1.188026900692125309e+01
1.188033048264722069e+01
1.188037750757899857e+01
1.188037280917370353e+01
1.188032055769823359e+01
1.188026281106770021e+01
1.188024572721428385e+01
1.188028265325003829e+01
1.188034361650779047e+01
1.188037953582034056e+01
1.188036165693306856e+01
1.188030456900732368e+01
1.188025437974729215e+01
1.188025159156107691e+01
1.188029850818338851e+01
1.188035735245624025e+01
1.188038062223215974e+01
1.188034932436371172e+01
1.188028837175109409e+01
1.188024671692455492e+01
1.188025808348453438e+01
1.188031377083087392e+01
1.188036940671220343e+01
1.188038035577193696e+01
1.188033750036296432e+01
1.188027472595876155e+01
1.188024202071112967e+01
1.188026560240374785e+01
1.188032691290246490e+01
1.188037730333971709e+01
1.188037674642774633e+01
1.188032571163963880e+01
1.188026477687118287e+01
1.188024229405258581e+01
1.188027591246571646e+01
1.188033863656287004e+01
1.188038047892913518e+01
1.188036835371099187e+01
1.188031234298511407e+01
1.188025742720590650e+01
1.188024740425098180e+01
1.188028991763839315e+01
1.188035054030391002e+01
1.188038054158962176e+01
1.188035600066891639e+01
1.188029690319649134e+01
1.188025096311041295e+01
1.188025521429315745e+01
1.188030622918617318e+01
1.188036287540646363e+01
1.188037939694357625e+01
1.188034225750788409e+01
1.188028114052338147e+01
1.188024521411745837e+01
1.188026364530425028e+01
1.188032203651186158e+01
1.188037376045507365e+01
1.188037722188519041e+01
1.188032925344753288e+01
1.188026786130668810e+01
1.188024201169084826e+01
1.188027253096976565e+01
1.188033536430845061e+01
1.188038063046328041e+01
1.188037232770696860e+01
1.188031702733684725e+01
1.188025865348441812e+01
1.188024350655677530e+01
1.188028342956136640e+01
1.188034647839141300e+01
1.188038248359269389e+01
1.188036304819632605e+01
1.188030405234874642e+01
1.188025277120457801e+01
1.188025000754169369e+01
1.188029756291091843e+01
1.188035701402315247e+01
1.188038065721547376e+01
1.188034975242582547e+01
1.188028942460178250e+01
1.188024834786784467e+01
1.188025958166260132e+01
1.188031401391766728e+01
1.188036771834157790e+01
1.188037730294283811e+01
1.188033485619976659e+01
1.188027440666092716e+01
1.188024465862183376e+01
1.188026984007370856e+01
1.188033008899127374e+01
1.188037719459539687e+01
1.188037317784163172e+01
1.188032083553684970e+01
1.188026172372604350e+01
1.188024307704109361e+01
1.188028004502277035e+01
1.188034344735890890e+01
1.188038291186032858e+01
1.188036699226212534e+01
1.188030826242038174e+01
1.188025334161166491e+01
1.188024578732497716e+01
1.188029144592637465e+01
1.188035387971959977e+01
1.188038347363394465e+01
1.188035695644079226e+01
1.188029580601063806e+01
1.188024892430404300e+01
1.188025351980758160e+01
1.188030549431772265e+01
1.188036294639030999e+01
1.188037986824478764e+01
1.188034298147076839e+01
1.188028222361859321e+01
1.188024656735722751e+01
1.188026464185461251e+01
1.188032177064739514e+01
1.188037182996871977e+01
1.188037437684249831e+01
1.188032721814291470e+01
1.188026824799757364e+01
1.188024503955082523e+01
1.188027657003335413e+01
1.188033781836194080e+01
1.188037967674549655e+01
1.188036830071087913e+01
1.188031237861531864e+01
1.188025639895927021e+01
1.188024518706701826e+01
1.188028801787168298e+01
1.188035103251451652e+01
1.188038411349785228e+01
1.188036082822894457e+01
1.188029956112977992e+01
1.188024893331167853e+01
1.188024910859934380e+01
1.188029983791841637e+01
1.188036071645866976e+01
1.188038341695550670e+01
1.188035015744340051e+01
1.188028772803513355e+01
1.188024595880271228e+01
1.188025791014100818e+01
1.188031360944684245e+01
1.188036824925550761e+01
1.188037816996694573e+01
1.188033576449242901e+01
1.188027538979554620e+01
1.188024564760907431e+01
1.188027033680278599e+01
1.188032940876723842e+01
1.188037516685499462e+01
1.188037066263362362e+01
1.188031944040757715e+01
1.188026273276926048e+01
1.188024633461980706e+01
1.188028373405247073e+01
1.188034512362181694e+01
1.188038119014447780e+01
1.188036267816281288e+01
1.188030401129933189e+01
1.188025195667368195e+01
1.188024829450530540e+01
1.188029631683410159e+01
1.188035800081559756e+01
1.188038422130714267e+01
1.188035393879740020e+01
1.188029106699608306e+01
1.188024550481310015e+01
1.188025342325047617e+01
1.188030847281173408e+01
1.188036687162560590e+01
1.188038229872937634e+01
1.188034274468272855e+01
1.188027994420157007e+01
1.188024393608123930e+01
1.188026313341702789e+01
1.188032179911786024e+01
1.188037283904903418e+01
1.188037556833836383e+01
1.188032818556749959e+01
1.188026901125493850e+01
1.188024560693918019e+01
1.188027660226641657e+01
1.188033683901825910e+01
1.188037769323508996e+01
1.188036621093357326e+01
1.188031161867485608e+01
1.188025791968721201e+01
1.188024851137120663e+01
1.188029122935685500e+01
1.188035191362626364e+01
1.188038173289477584e+01
1.188035640623344591e+01
1.188029585656043530e+01
1.188024844980072459e+01
1.188025233612958687e+01
1.188030480616544438e+01
1.188036424617206599e+01
1.188038324121960088e+01
1.188034643990438788e+01
1.188028291973116346e+01
1.188024311469832028e+01
1.188025866544063369e+01
1.188031721140608532e+01
1.188037223807393694e+01
1.188038012245410968e+01
1.188033482496392068e+01
1.188027257962967553e+01
1.188024290469387445e+01
1.188026912999943896e+01
1.188032994859544189e+01
1.188037663840689540e+01
1.188037208087805929e+01
1.188032033596618575e+01
1.188026317392936448e+01
1.188024645540721025e+01
1.188028336784207362e+01
1.188034397371646378e+01
1.188037938089028245e+01
1.188036107838621191e+01
1.188030384668190997e+01
1.188025385816599488e+01
1.188025152839111875e+01
1.188029895303569994e+01
1.188035810769427769e+01
1.188038131692966104e+01
1.188034958709348032e+01
1.188028802976518783e+01
1.188024591433900667e+01
1.188025723467837480e+01
1.188031334994589727e+01
1.188036967724832316e+01
1.188038119867759335e+01
1.188033845761371232e+01
1.188027525221868785e+01
1.188024180253920115e+01
1.188026475180090458e+01
1.188032591089164924e+01
1.188037672107769005e+01
1.188037691057725809e+01
1.188032651682767415e+01
1.188026575622346748e+01
1.188024289860988425e+01
1.188027582579622354e+01
1.188033793912407532e+01
1.188037957792078103e+01
1.188036773746858898e+01
1.188031231374576002e+01
1.188025796059914363e+01
1.188024819416410338e+01
1.188029055695751168e+01
1.188035072703038253e+01
1.188038020913433712e+01
1.188035532721647058e+01
1.188029621583273254e+01
1.188025058864606720e+01
1.188025533645990173e+01
1.188030680330395406e+01
1.188036363589747957e+01
1.188037996678349550e+01
1.188034232689759406e+01
1.188028063707061932e+01
1.188024436959371855e+01
1.188026290102230931e+01
1.188032181483232996e+01
1.188037421889617207e+01
1.188037813764942108e+01
1.188033012527339949e+01
1.188026818770495652e+01
1.188024158803267660e+01
1.188027158309268927e+01
1.188033442788119132e+01
1.188038024067407505e+01
1.188037270463760287e+01
1.188031794854748746e+01
1.188025959001187282e+01
1.188024393568776027e+01
1.188028313270655367e+01
1.188034564976770824e+01
1.188038159795268278e+01
1.188036258099469222e+01
1.188030422308990453e+01
1.188025344972988862e+01
1.188025081472486022e+01
1.188029808690225764e+01
1.188035701535859090e+01
1.188038016492886406e+01
1.188034902492617917e+01
1.188028881492917144e+01
1.188024814295116016e+01
1.188025987959047747e+01
1.188031468051332418e+01
1.188036843907415196e+01
1.188037771823942101e+01
1.188033473378263771e+01
1.188027377419589392e+01
1.188024381880812541e+01
1.188026923648216027e+01
1.188033007259194385e+01
1.188037781310829644e+01
1.188037411919626507e+01
1.188032158054768672e+01
1.188026183727934360e+01
1.188024247066504024e+01
1.188027904630407683e+01
1.188034262151214371e+01
1.188038273367766173e+01
1.188036756489996293e+01
1.188030925576055630e+01
1.188025418847363568e+01
1.188024601646031897e+01
1.188029094948602982e+01
1.188035295952040116e+01
1.188038265044399466e+01
1.188035666775309807e+01
1.188029617336352395e+01
1.188024971412598063e+01
1.188025429821506584e+01
1.188030586895107632e+01
1.188036275784713958e+01
1.188037924313609750e+01
1.188034224410429296e+01
1.188028172997066712e+01
1.188024654462544838e+01
1.188026509592144997e+01
1.188032248792127099e+01
1.188037246862092999e+01
1.188037461692766605e+01
1.188032691606941071e+01
1.188026752557218657e+01
1.188024425012908658e+01
1.188027613520778303e+01
1.188033800234725312e+01
1.188038041948512458e+01
1.188036921965549020e+01
1.188031296242396984e+01
1.188025629772167946e+01
1.188024442991256180e+01
1.188028701711424695e+01
1.188035035651690130e+01
1.188038415528967739e+01
1.188036156947534216e+01
1.188030057879542234e+01
1.188024964794020377e+01
1.188024912330005023e+01
1.188029916303908529e+01
1.188035974963706565e+01
1.188038270064162560e+01
1.188035006757274026e+01
1.188028827786745367e+01
1.188024681943107552e+01
1.188025861464874033e+01
1.188031380863531439e+01
1.188036787707577169e+01
1.188037744690189079e+01
1.188033506231270486e+01
1.188027504396843881e+01
1.188024580920333761e+01
1.188027091844743666e+01
1.188033013224189816e+01
1.188037568612174333e+01
1.188037071694232694e+01
1.188031898070726200e+01
1.188026196385488120e+01
1.188024563783820042e+01
1.188028348653172905e+01
1.188034549247793237e+01
1.188038201522817694e+01
1.188036352851753996e+01
1.188030440829340328e+01
1.188025164977809922e+01
1.188024742596507188e+01
1.188029536264433084e+01
1.188035750615977371e+01
1.188038448024100902e+01
1.188035481294004114e+01
1.188029205977443148e+01
1.188024605117115939e+01
1.188025322002144435e+01
1.188030765012842238e+01
1.188036590611852183e+01
1.188038172866038344e+01
1.188034286359374647e+01
1.188028065229378072e+01
1.188024482252185443e+01
1.188026372230094552e+01
1.188032180621147305e+01
1.188037229992817778e+01
1.188037478814696968e+01
1.188032756200007434e+01
1.188026883672113776e+01
1.188024594437572645e+01
1.188027727558428381e+01
1.188033752401558729e+01
1.188037806287633558e+01
1.188036607953569757e+01
1.188031103198429683e+01
1.188025714976650349e+01
1.188024794377366078e+01
1.188029117721829486e+01
1.188035244214289499e+01
1.188038259469156088e+01
1.188035714608293958e+01
1.188029605119756660e+01
1.188024795690858149e+01
1.188025140093878385e+01
1.188030394440239768e+01
1.188036395494379249e+01
1.188038370342499483e+01
1.188034740448796533e+01
1.188028383958111611e+01
1.188024346519391194e+01
1.188025825196127805e+01
1.188031627947201585e+01
1.188037132227273496e+01
1.188037973080172094e+01
1.188033515166662113e+01
1.188027341289979688e+01
1.188024376985372044e+01
1.188026956724080740e+01
1.188032975736761543e+01
1.188037595864649987e+01
1.188037128813072840e+01
1.188031983039017803e+01
1.188026318450375740e+01
1.188024695002953735e+01
1.188028409158200205e+01
1.188034457784331188e+01
1.188037957938981748e+01
1.188036077193732609e+01
1.188030317050860596e+01
1.188025313222517276e+01
1.188025111886571850e+01
1.188029909353989666e+01
1.188035876240477862e+01
1.188038216854005036e+01
1.188035018099058604e+01
1.188028801732348683e+01
1.188024526452938190e+01
1.188025628052591642e+01
1.188031262132334653e+01
1.188036960099994133e+01
1.188038183999629993e+01
1.188033946566951649e+01
1.188027605479035742e+01
1.188024193949169849e+01
1.188026414655940854e+01
1.188032491417950176e+01
1.188037590126501897e+01
1.188037672055402183e+01
1.188032703934841727e+01
1.188026667443617157e+01
1.188024369582750239e+01
1.188027608308851413e+01
1.188033755419598059e+01
1.188037879205454495e+01
1.188036697804015063e+01
1.188031195928945749e+01
1.188025815963007048e+01
1.188024881815213973e+01
1.188029128681221813e+01
1.188035121253828308e+01
1.188038022487973855e+01
1.188035486633109628e+01
1.188029549244997263e+01
1.188024994870317030e+01
1.188025510471055135e+01
1.188030712312628445e+01
1.188036437695781622e+01
1.188038076257570808e+01
1.188034274770907572e+01
1.188028042381566429e+01
1.188024359975320721e+01
1.188026197601279321e+01
1.188032125280257922e+01
1.188037435808420028e+01
1.188037892493285064e+01
1.188033112778769151e+01
1.188026883466281092e+01
1.188024150461223982e+01
1.188027081444264432e+01
1.188033341446265645e+01
1.188037955856525940e+01
1.188037272920882970e+01
1.188031864449055064e+01
1.188026054788095465e+01
1.188024462125252612e+01
1.188028319105448993e+01
1.188034508644580889e+01
1.188038074691847790e+01
1.188036189954775423e+01
1.188030404476014112e+01
1.188025382985995648e+01
1.188025153260705302e+01
1.188029877796826916e+01
1.188035735124982217e+01
1.188037999684910417e+01
1.188034843900822501e+01
1.188028808901629141e+01
1.188024762575383342e+01
1.188025983511310457e+01
1.188031515654820325e+01
1.188036922247801286e+01
1.188037841630503344e+01
1.188033496407858181e+01
1.188027337695710450e+01
1.188024297160951903e+01
1.188026838658561246e+01
1.188032970162451818e+01
1.188037815712444356e+01
1.188037501207941560e+01
1.188032252903590091e+01
1.188026229830401448e+01
1.188024217125421345e+01
1.188027815099371765e+01
1.188034164054027819e+01
1.188038222419933909e+01
1.188036780604036835e+01
1.188031009343167987e+01
1.188025513804569044e+01
1.188024655198441870e+01
1.188029080030882589e+01
1.188035224305392212e+01
1.188038177939958828e+01
1.188035610527675523e+01
1.188029618661093956e+01
1.188025025763661091e+01
1.188025506880232207e+01
1.188030647822529673e+01
1.188036292161296004e+01
1.188037890076243208e+01
1.188034156969848354e+01
1.188028104612673275e+01
1.188024617964224561e+01
1.188026523753885222e+01
1.188032308861391328e+01
1.188037324863049449e+01
1.188037518132458814e+01
1.188032694898303099e+01
1.188026697075336102e+01
1.188024337170906364e+01
1.188027540183452047e+01
1.188033783669416898e+01
1.188038094727784788e+01
1.188037017271116724e+01
1.188031381147219712e+01
1.188025655208285691e+01
1.188024392987055045e+01
1.188028603836695574e+01
1.188034945564660205e+01
1.188038384471592224e+01
1.188036201801178748e+01
1.188030151882815844e+01
1.188025054113158419e+01
1.188024947781461904e+01
1.188029880871670763e+01
1.188035891393367294e+01
1.188038185654099088e+01
1.188034965910997265e+01
1.188028848766646917e+01
1.188024749915354050e+01
1.188025939328626812e+01
1.188031429741296385e+01
1.188036785597243572e+01
1.188037694984874726e+01
1.188033434106655051e+01
1.188027444423401668e+01
1.188024561701661241e+01
1.188027123442659239e+01
1.188033081937445168e+01
1.188037641778224263e+01
1.188037111960479209e+01
1.188031882022052521e+01
1.188026128593415010e+01
1.188024477529989475e+01
1.188028290436235501e+01
1.188034553549065819e+01
1.188038269647989154e+01
1.188036449367430869e+01
1.188030511793040311e+01
1.188025168739442705e+01
1.188024675080754555e+01
1.188029434789356031e+01
1.188035672904518059e+01
1.188038438478782766e+01
1.188035544899001117e+01
1.188029305717289397e+01
1.188024684232179773e+01
1.188025337168279805e+01
1.188030710395945633e+01
1.188036499198580209e+01
1.188038095772105684e+01
1.188034263628114395e+01
1.188028105278849722e+01
1.188024560326687329e+01
1.188026446331680397e+01
1.188032214225541772e+01
1.188037209172112441e+01
1.188037416504065824e+01
1.188032683834679837e+01
1.188026835824215866e+01
1.188024593556241904e+01
1.188027774432870309e+01
1.188033825484998118e+01
1.188037870447841371e+01
1.188036630174920916e+01
1.188031069262584616e+01
1.188025638936818495e+01
1.188024714264931880e+01
1.188029077240498133e+01
1.188035268617613660e+01
1.188038339148673828e+01
1.188035807517607623e+01
1.188029658897015750e+01
1.188024777883801697e+01
1.188025058497759723e+01
1.188030294280282284e+01
1.188036333894744701e+01
1.188038382837959084e+01
1.188034819847112722e+01
1.188028484606979696e+01
1.188024411350029297e+01
1.188025818927405197e+01
1.188031556504352615e+01
1.188037037527888273e+01
1.188037907599967191e+01
1.188033512319340090e+01
1.188027398763679088e+01
1.188024461028377488e+01
1.188027022645895059e+01
1.188032991673109606e+01
1.188037557178162373e+01
1.188037057504360483e+01
1.188031914907801401e+01
1.188026285746389910e+01
1.188024712458989463e+01
1.188028468286084305e+01
1.188034530750437234e+01
1.188038009474687229e+01
1.188036080530022076e+01
1.188030267648214355e+01
1.188025233386890456e+01
1.188025042067618031e+01
1.188029888237450038e+01
1.188035918931046453e+01
1.188038303743300617e+01
1.188035102830849077e+01
1.188028835996423460e+01
1.188024488286472646e+01
1.188025536504242297e+01
1.188031168117224823e+01
1.188036917523703018e+01
1.188038217942832198e+01
1.188034037983869240e+01
1.188027702134498753e+01
1.188024241118755242e+01
1.188026386904924969e+01
1.188032406418112075e+01
1.188037496933312376e+01
1.188037621928156362e+01
1.188032721691955729e+01
1.188026739717341762e+01
1.188024455067177776e+01
1.188027662027059961e+01
1.188033752259926779e+01
1.188037824524626807e+01
1.188036621651448144e+01
1.188031136289105483e+01
1.188025800556343370e+01
1.188024916551685628e+01
1.188029196345898342e+01
1.188035189650792844e+01
1.188038058529750352e+01
1.188035471315209968e+01
1.188029487624184988e+01
1.188024915835278605e+01
1.188025454475284093e+01
1.188030711124557826e+01
1.188036495914079893e+01
1.188038165694555559e+01
1.188034347239811872e+01
1.188028055841418862e+01
1.188024303692934325e+01
1.188026100706360744e+01
1.188032041901018410e+01
1.188037414190712404e+01
1.188037946200354966e+01
1.188033211819724322e+01
1.188026971408621080e+01
1.188024177477885956e+01
1.188027033274086541e+01
1.188033246900723761e+01
1.188037868943018971e+01
1.188037241122274423e+01
1.188031902435169229e+01
1.188026138393104247e+01
1.188024544374577296e+01
1.188028357213794450e+01
1.188034486013105528e+01
1.188038006817577497e+01
1.188036113431572716e+01
1.188030357129686365e+01
1.188025386043556786e+01
1.188025203222236037e+01
1.188029949795687301e+01
1.188035794783713328e+01
1.188038018268168194e+01
1.188034811211999298e+01
1.188028738955897801e+01
1.188024688829882791e+01
1.188025944059457828e+01
1.188031533871718004e+01
1.188036992445472073e+01
1.188037928887010075e+01
1.188033553227738359e+01
1.188027330157326311e+01
1.188024225916101351e+01
1.188026741255937324e+01
1.188032901336937641e+01
1.188037815912906758e+01
1.188037571993197972e+01
1.188032354784184896e+01
1.188026304770819408e+01
1.188024222516234474e+01
1.188027748632796410e+01
1.188034064508041965e+01
1.188038146286410779e+01
1.188036769181193364e+01
1.188031066098339572e+01
1.188025604608249353e+01
1.188024729639854193e+01
1.188029099931947385e+01
1.188035182907048437e+01
1.188038100454135559e+01
1.188035538179955353e+01
1.188029586742092825e+01
1.188025047398079259e+01
1.188025569126139658e+01
1.188030719701101212e+01
1.188036339426670374e+01
1.188037890247120032e+01
1.188034109169834629e+01
1.188028030661855894e+01
1.188024553644790871e+01
1.188026502615748115e+01
1.188032344909700200e+01
1.188037402900494222e+01
1.188037598668038264e+01
1.188032733557219345e+01
1.188026669444091077e+01
1.188024254854616402e+01
1.188027447089157107e+01
1.188033732538941756e+01
1.188038116488444551e+01
1.188037101589423195e+01
1.188031480944029994e+01
1.188025713514380044e+01
1.188024376378082891e+01
1.188028522148414368e+01
1.188034845859831812e+01
1.188038323104483496e+01
1.188036211756909388e+01
1.188030224932533585e+01
1.188025147536428960e+01
1.188025010194634135e+01
1.188029880925138393e+01
1.188035832983678652e+01
1.188038102727990264e+01
1.188034902106882562e+01
1.188028834563218972e+01
1.188024789174748896e+01
1.188026010194606741e+01
1.188031497041149365e+01
1.188036817531088474e+01
1.188037676850754920e+01
1.188033374302674794e+01
1.188027370973370900e+01
1.188024510367495523e+01
1.188027121347258763e+01
1.188033133287271781e+01
1.188037723153147240e+01
1.188037181664870801e+01
1.188031901009478908e+01
1.188026082817540185e+01
1.188024388559705002e+01
1.188028206189526692e+01
1.188034522317003017e+01
1.188038311611062170e+01
1.188036543002160172e+01
1.188030604701725501e+01
1.188025207625796753e+01
1.188024637218585866e+01
1.188029341747221324e+01
1.188035577924620867e+01
1.188038395136657144e+01
1.188035576131648341e+01
1.188029391697325998e+01
1.188024775491998142e+01
1.188025383916284206e+01
1.188030690015698454e+01
1.188036426496306674e+01
1.188038011941836203e+01
1.188034212315607796e+01
1.188028110102053425e+01
1.188024615242575166e+01
1.188026521631315369e+01
1.188032272732597860e+01
1.188037223716936275e+01
1.188037381226046385e+01
1.188032615806461934e+01
1.188026767316875976e+01
1.188024557996477526e+01
1.188027791035447756e+01
1.188033888795193960e+01
1.188037950542317844e+01
1.188036685586171259e+01
1.188031068142180402e+01
1.188025577895188079e+01
1.188024623346082542e+01
1.188029005865655741e+01
1.188035258438572939e+01
1.188038398932914319e+01
1.188035905804056469e+01
1.188029740483834118e+01
1.188024795557441315e+01
1.188025001211334164e+01
1.188030194343950718e+01
1.188036248308685394e+01
1.188038359875830352e+01
1.188034871149419480e+01
1.188028579436585908e+01
1.188024495713995421e+01
1.188025847157237003e+01
1.188031516198986459e+01
1.188036954074997631e+01
1.188037827521156053e+01
1.188033476806104360e+01
1.188027422868612248e+01
1.188024528719250483e+01
1.188027097901142781e+01
1.188033037652901847e+01
1.188037553272772229e+01
1.188037007232096087e+01
1.188031842896123180e+01
1.188026226313729872e+01
1.188024694542465021e+01
1.188028502193565217e+01
1.188034602057076228e+01
1.188038083807361645e+01
1.188036119016568826e+01
1.188030247072411072e+01
1.188025160727360330e+01
1.188024953940819728e+01
1.188029833034092775e+01
1.188035929856468620e+01
1.188038378074735490e+01
1.188035200903036603e+01
1.188028902429638123e+01
1.188024484039362783e+01
1.188025462608998239e+01
1.188031066105015654e+01
1.188036845539449970e+01
1.188038216684316239e+01
1.188034107101071513e+01
1.188027801228726865e+01
1.188024314158091244e+01
1.188026394706704814e+01
1.188032347772480257e+01
1.188037406909671212e+01
1.188037550122920472e+01
1.188032704458976596e+01
1.188026782281615823e+01
1.188024531892255631e+01
1.188027732715282347e+01
1.188033782667057636e+01
1.188037802165337808e+01
1.188036559403927050e+01
1.188031064759326227e+01
1.188025753791851535e+01
1.188024917127261659e+01
1.188029245199308903e+01
1.188035264588734030e+01
1.188038122999556023e+01
1.188035491212237460e+01
1.188029449289999739e+01
1.188024835772446686e+01
1.188025373662821949e+01
1.188030674497682249e+01
1.188036526897027656e+01
1.188038250584447653e+01
1.188034440287339244e+01
1.188028104090162884e+01
1.188024277936590778e+01
1.188026013855857954e+01
1.188031942737508651e+01
1.188037359333467080e+01
1.188037966864645512e+01
1.188033295563863767e+01
1.188027069918424417e+01
1.188024235305146803e+01
1.188027019790206040e+01
1.188033172499316237e+01
1.188037776945675539e+01
1.188037181732259384e+01
1.188031904994492294e+01
1.188026197553887542e+01
1.188024626129537786e+01
1.188028419017976489e+01
1.188034498663516558e+01
1.188037967061660538e+01
1.188036042930260194e+01
1.188030290523094656e+01
1.188025354803335354e+01
1.188025222074965903e+01
1.188030010404957437e+01
1.188035868829218700e+01
1.188038069376418626e+01
1.188034811904845967e+01
1.188028685504547965e+01
1.188024605913297016e+01
1.188025874624712763e+01
1.188031517210483656e+01
1.188037041404200878e+01
1.188038019847352444e+01
1.188033636748878941e+01
1.188027358147299850e+01
1.188024180156504883e+01
1.188026645748955623e+01
1.188032809794875710e+01
1.188037780839475843e+01
1.188037613680879900e+01
1.188032449198578711e+01
1.188026397838044979e+01
1.188024261994869590e+01
1.188027714110967281e+01
1.188033977804142083e+01
1.188038057085279675e+01
1.188036725740009203e+01
1.188031088902717869e+01
1.188025677556051996e+01
1.188024811784055679e+01
1.188029148980577254e+01
1.188035176603709253e+01
1.188038045365243889e+01
1.188035463643325507e+01
1.188029529228515457e+01
1.188025033642404971e+01
1.188025604991592132e+01
1.188030788224869916e+01
1.188036408147908141e+01
1.188037925286050722e+01
1.188034091120118063e+01
1.188027965527775187e+01
1.188024472510204177e+01
1.188026447948478648e+01
1.188032348521333859e+01
1.188037466837195311e+01
1.188037690952887182e+01
1.188032803594623310e+01
1.188026676161784856e+01
1.188024191608858793e+01
1.188027347642669618e+01
1.188033652989365585e+01
1.188038102847831112e+01
1.188037162327938923e+01
1.188031581509121715e+01
1.188025796527940514e+01
1.188024395292495861e+01
1.188028467935597021e+01
1.188034750997350741e+01
1.188038241387550009e+01
1.188036186994340149e+01
1.188030267342039892e+01
1.188025230660728759e+01
1.188025088097621129e+01
1.188029914008723686e+01
1.188035807588783044e+01
1.188038035266435521e+01
1.188034828017422662e+01
1.188028789808296359e+01
1.188024793858631156e+01
1.188026060830516251e+01
1.188031569201794291e+01
1.188036876832975430e+01
1.188037694048398762e+01
1.188033339015874290e+01
1.188027298190929848e+01
1.188024435484627617e+01
1.188027083986221655e+01
1.188033156389464295e+01
1.188037798321298411e+01
1.188037270524446143e+01
1.188031954355871811e+01
1.188026068357500797e+01
1.188024311218945961e+01
1.188028107689809509e+01
1.188034458501000223e+01
1.188038319958782907e+01
1.188036619848524822e+01
1.188030706571271899e+01
1.188025276465224955e+01
1.188024634395423540e+01
1.188029270224597411e+01
1.188035479522077864e+01
1.188038325258443528e+01
1.188035571820324954e+01
1.188029452004928466e+01
1.188024864571005068e+01
1.188025453110299523e+01
1.188030704768131329e+01
1.188036382945943004e+01
1.188037935805554390e+01
1.188034143171888601e+01
1.188028081061780838e+01
1.188024638261245158e+01
1.188026583942661851e+01
1.188032344054821543e+01
1.188037270067087015e+01
1.188037379839709828e+01
1.188032565742872393e+01
1.188026691295361026e+01
1.188024493426903128e+01
1.188027772537793325e+01
1.188033929567217228e+01
1.188038032653470566e+01
1.188036766520008669e+01
1.188031102505058278e+01
1.188025543447922949e+01
1.188024535992289721e+01
1.188028913110932372e+01
1.188035213272953250e+01
1.188038428703638871e+01
1.188035994999304101e+01
1.188029838738737176e+01
1.188024846810686697e+01
1.188024976585380443e+01
1.188030108806308149e+01
1.188036151216880754e+01
1.188038305622699120e+01
1.188034888002379041e+01
1.188028654951498986e+01
1.188024586138431005e+01
1.188025903582093967e+01
1.188031511233836035e+01
1.188036894335342808e+01
1.188037746945870232e+01
1.188033416873314607e+01
1.188027411622312357e+01
1.188024568911556855e+01
1.188027168111880627e+01
1.188033103712948879e+01
1.188037583896350924e+01
1.188036987585473980e+01
1.188031781330121994e+01
1.188026151592826096e+01
1.188024643720657636e+01
1.188028503057901730e+01
1.188034657746653622e+01
1.188038168266096228e+01
1.188036188012101135e+01
1.188030261189005188e+01
1.188025108508688632e+01
1.188024861127252052e+01
1.188029750482581370e+01
1.188035905283754268e+01
1.188038427614682746e+01
1.188035298070081502e+01
1.188028992335765111e+01
1.188024515183085406e+01
1.188025417230039160e+01
1.188030970590918933e+01
1.188036754585842303e+01
1.188038181069342336e+01
1.188034144725889796e+01
1.188027888413229682e+01
1.188024401177006339e+01
1.188026434933752462e+01
1.188032322766697391e+01
1.188037333876923718e+01
1.188037469652229738e+01
1.188032657531428704e+01
1.188026789912422743e+01
1.188024587101833518e+01
1.188027806577446022e+01
1.188033839339072806e+01
1.188037815198302916e+01
1.188036522865934863e+01
1.188030995594663608e+01
1.188025684790875047e+01
1.188024882676543648e+01
1.188029264846414712e+01
1.188035331668734251e+01
1.188038205153845439e+01
1.188035544955994105e+01
1.188029442986476170e+01
1.188024768898266714e+01
1.188025280170154829e+01
1.188030606034582704e+01
1.188036523787769916e+01
1.188038317241728237e+01
1.188034540661577054e+01
1.188028181346283318e+01
1.188024287469217910e+01
1.188025949836060846e+01
1.188031841819318579e+01
1.188037279066991836e+01
1.188037951963204364e+01
1.188033352476018045e+01
1.188027164570914351e+01
1.188024314280564653e+01
1.188027041213201329e+01
1.188033128219643508e+01
1.188037694294962243e+01
1.188037105970015617e+01
1.188031874182988901e+01
1.188026224083311888e+01
1.188024693320513947e+01
1.188028492046867868e+01
1.188034542349707223e+01
1.188037961654124253e+01
1.188035991836796157e+01
1.188030218074280242e+01
1.188025295577789109e+01
1.188025205668206041e+01
1.188030047217010221e+01
1.188035943195553479e+01
1.188038144769856785e+01
1.188034847954995499e+01
1.188028659696435341e+01
1.188024528226678633e+01
1.188025785205993401e+01
1.188031465946403742e+01
1.188037059516776850e+01
1.188038100115326756e+01
1.188033735429094762e+01
1.188027419109802452e+01
1.188024167676877418e+01
1.188026566153546426e+01
1.188032708339857280e+01
1.188037715289575047e+01
1.188037620515911641e+01
1.188032522893480802e+01
1.188026495312602115e+01
1.188024328651524186e+01
1.188027715093431524e+01
1.188033916074615526e+01
1.188037969076561495e+01
1.188036659098340841e+01
1.188031076458351265e+01
1.188025721936276113e+01
1.188024887205111213e+01
1.188029216703327862e+01
1.188035204435834835e+01
1.188038021729356863e+01
1.188035401166243865e+01
1.188029457980169390e+01
1.188024987660988785e+01
1.188025607264073003e+01
1.188030839640921954e+01
1.188036485347845250e+01
1.188037989898337088e+01
1.188034108031175329e+01
1.188027922161795935e+01
1.188024388370264184e+01
1.188026367076663981e+01
1.188032316632903829e+01
1.188037504837122782e+01
1.188037780658716080e+01
1.188032895800688671e+01
1.188026718034103446e+01
1.188024157836242445e+01
1.188027256329747772e+01
1.188033555904718597e+01
1.188038055310693863e+01
1.188037190811199650e+01
1.188031668589084511e+01
1.188025891978648829e+01
1.188024445949162455e+01
1.188028447906541452e+01
1.188034674609445673e+01
1.188038152638884526e+01
1.188036133450949094e+01
1.188030274526058783e+01
1.188025290825185465e+01
1.188025167485629119e+01
1.188029972212789431e+01
1.188035817590042420e+01
1.188037994666194308e+01
1.188034757987837331e+01
1.188028724165508265e+01
1.188024763812738982e+01
1.188026081349563157e+01
1.188031631864189208e+01
1.188036952311443351e+01
1.188037744511143323e+01
1.188033336409013074e+01
1.188027240131565776e+01
1.188024349528679835e+01
1.188027015617882221e+01
1.188033145010621361e+01
1.188037853858884141e+01
1.188037365052612593e+01
1.188032035679348830e+01
1.188026089334100988e+01
1.188024257953348517e+01
1.188028009107912375e+01
1.188034370476524515e+01
1.188038292822363218e+01
1.188036668781088778e+01
1.188030802920699180e+01
1.188025365102131481e+01
1.188024666165305199e+01
1.188029229717285773e+01
1.188035392092168685e+01
1.188038240498753950e+01
1.188035534698207840e+01
1.188029479011856004e+01
1.188024937540659387e+01
1.188025531922597544e+01
1.188030749736267921e+01
1.188036374144429530e+01
1.188037880489046572e+01
1.188034069867374320e+01
1.188028025104995677e+01
1.188024625917199018e+01
1.188026621235573899e+01
1.188032413998536541e+01
1.188037339417631344e+01
1.188037413615980142e+01
1.188032544318222783e+01
1.188026622162451318e+01
1.188024410318788604e+01
1.188027719905659652e+01
1.188033938736839090e+01
1.188038102495453430e+01
1.188036861058692573e+01
1.188031169139255283e+01
1.188025542805164214e+01
1.188024466017266789e+01
1.188028812065237183e+01
1.188035138535194690e+01
1.188038423320904080e+01
1.188036062131386927e+01
1.188029939738177632e+01
1.188024924153632433e+01
1.188024987534646826e+01
1.188030049437777436e+01
1.188036056998538292e+01
1.188038229437354865e+01
1.188034869783975189e+01
1.188028700889829636e+01
1.188024668178172760e+01
1.188025977244894449e+01
1.188031539952791604e+01
1.188036866822858606e+01
1.188037680023575149e+01
1.188033344780522604e+01
1.188027368879993695e+01
1.188024575013536221e+01
1.188027219750575547e+01
1.188033176587543061e+01
1.188037643103173302e+01
1.188037003103499956e+01
1.188031742820571601e+01
1.188026075559116990e+01
1.188024567898854933e+01
1.188028468503321378e+01
1.188034686415196894e+01
1.188038248474042824e+01
1.188036277809091068e+01
1.188030310126151257e+01
1.188025086637771466e+01
1.188024778060490050e+01
1.188029651882343707e+01
1.188035847374871423e+01
1.188038444231960788e+01
1.188035380217029413e+01
1.188029093103371814e+01
1.188024577299717777e+01
1.188025406485850155e+01
1.188030894983192454e+01
1.188036658246955568e+01
1.188038117652271985e+01
1.188034146911810751e+01
1.188027951344923316e+01
1.188024487993844147e+01
1.188026499093280286e+01
1.188032333098262860e+01
1.188037288809850267e+01
1.188037394927894930e+01
1.188032591096952295e+01
1.188026763163822253e+01
1.188024611330725122e+01
1.188027869315175167e+01
1.188033910651192748e+01
1.188037860856321259e+01
1.188036519599854657e+01
1.188030942663833400e+01
1.188025606350570307e+01
1.188024818115646752e+01
1.188029249700616674e+01
1.188035377763323552e+01
1.188038291299547566e+01
1.188035625570346987e+01
1.188029472171487377e+01
1.188024727278603443e+01
1.188025188269939392e+01
1.188030514635405943e+01
1.188036485381010721e+01
1.188038354986029077e+01
1.188034633869830259e+01
1.188028276993707522e+01
1.188024331184323934e+01
1.188025917638138118e+01
1.188031753466388274e+01
1.188037185443649157e+01
1.188037904888958884e+01
1.188033375496144117e+01
1.188027241607762186e+01
1.188024401253028373e+01
1.188027091975985883e+01
1.188033119024698081e+01
1.188037633837021723e+01
1.188037027733195217e+01
1.188031817565958725e+01
1.188026215202009084e+01
1.188024734310898012e+01
1.188028561999576382e+01
1.188034607713009372e+01
1.188037991155192863e+01
1.188035970330215640e+01
1.188030154164323982e+01
1.188025219298674529e+01
1.188025155666576893e+01
1.188030051737421289e+01
1.188036003739821211e+01
1.188038232176018738e+01
1.188034915490899834e+01
1.188028668129130239e+01
1.188024469341261735e+01
1.188025689144047981e+01
1.188031386101205555e+01
1.188037042278473443e+01
1.188038157041304821e+01
1.188033835183202847e+01
1.188027504998751560e+01
1.188024190741726116e+01
1.188026513846391730e+01
1.188032611427478358e+01
1.188037629129907380e+01
1.188037592544051080e+01
1.188032566075413321e+01
1.188026582764435801e+01
1.188024411077980069e+01
1.188027749242698405e+01
1.188033887283314805e+01
1.188037896286426331e+01
1.188036581889759269e+01
1.188031033298160466e+01
1.188025731783010563e+01
1.188024942619487767e+01
1.188029289565832514e+01
1.188035259814800071e+01
1.188038033404625082e+01
1.188035362997439570e+01
1.188029387117766333e+01
1.188024917933562286e+01
1.188025574269047446e+01
1.188030863005769433e+01
1.188036556629882767e+01
1.188038073891498136e+01
1.188034159341494878e+01
1.188027909942191940e+01
1.188024315567721167e+01
1.188026271689643920e+01
1.188032252064979488e+01
1.188037509342582965e+01
1.188037853852732617e+01
1.188032997260245338e+01
1.188026790019763901e+01
1.188024159048758754e+01
1.188027186295814630e+01
1.188033455092609003e+01
1.188037981022485390e+01
1.188037183733662161e+01
1.188031730185827506e+01
1.188025985545553809e+01
1.188024519301668747e+01
1.188028463082938657e+01
1.188034627233587059e+01
1.188038071308565335e+01
1.188036061813329525e+01
1.188030247737826173e+01
1.188025319195835650e+01
1.188025234141901620e+01
1.188030043498073951e+01
1.188035859524478965e+01
1.188037987876951185e+01
1.188034705678594705e+01
1.188028650736607261e+01
1.188024704609895288e+01
1.188026066829524652e+01
1.188031672225517710e+01
1.188037030090651491e+01
1.188037820673174849e+01
1.188033369257646577e+01
1.188027208446012217e+01
1.188024266839594745e+01
1.188026925650945032e+01
1.188033098620946504e+01
1.188037879566632782e+01
1.188037450788236704e+01
1.188032133933086776e+01
1.188026143982306415e+01
1.188024237222612989e+01
1.188027924645238720e+01
1.188034270654639712e+01
1.188038234238035784e+01
1.188036683320905240e+01
1.188030880196266992e+01
1.188025460100430486e+01
1.188024726335307868e+01
1.188029224554033547e+01
1.188035328178884242e+01
1.188038154951382097e+01
1.188035472926032199e+01
1.188029470620751837e+01
1.188024983172274496e+01
1.188025605967970755e+01
1.188030815024957931e+01
1.188036399942527943e+01
1.188037855661170283e+01
1.188034006740471682e+01
1.188027953610560417e+01
1.188024580577431877e+01
1.188026625605675868e+01
1.188032468590583157e+01
1.188037419159188524e+01
1.188037478020604709e+01
1.188032557492673114e+01
1.188026573211528003e+01
1.188024322236293173e+01
1.188027639761920895e+01
1.188033912455923158e+01
1.188038147781109544e+01
1.188036954995219574e+01
1.188031259462616873e+01
1.188025577571647240e+01
1.188024424368832754e+01
1.188028717216065644e+01
1.188035044567154763e+01
1.188038383492604311e+01
1.188036097898335619e+01
1.188030029106679564e+01
1.188025015763538406e+01
1.188025031057214775e+01
1.188030023642788890e+01
1.188035979527626651e+01
1.188038144295174803e+01
1.188034821685711151e+01
1.188028711913328372e+01
1.188024728812839648e+01
1.188026054366834749e+01
1.188031595139310603e+01
1.188036874712321911e+01
1.188037638623750070e+01
1.188033274773617620e+01
1.188027303685988478e+01
1.188024546059308761e+01
1.188027242355981450e+01
1.188033241884469859e+01
1.188037720227395155e+01
1.188037052525129766e+01
1.188031736188827736e+01
1.188026012431365608e+01
1.188024479135424016e+01
1.188028402012665019e+01
1.188034681107347090e+01
1.188038310721883484e+01
1.188036375222326768e+01
1.188030388228473377e+01
1.188025099999860856e+01
1.188024717582223566e+01
1.188029551221908342e+01
1.188035763842345816e+01
1.188038425267840736e+01
1.188035435722761335e+01
1.188029190314206396e+01
1.188024660821348633e+01
1.188025430730263565e+01
1.188030849363544306e+01
1.188036570977213557e+01
1.188038037587304530e+01
1.188034115597513996e+01
1.188027981729487337e+01
1.188024560497065529e+01
1.188026574756192133e+01
1.188032374620321896e+01
1.188037278038894584e+01
1.188037339382880475e+01
1.188032518542989990e+01
1.188026708258955821e+01
1.188024600331771197e+01
1.188027908472590610e+01
1.188033982565539048e+01
1.188037930989397850e+01
1.188036551683575937e+01
1.188030917172679324e+01
1.188025532849055566e+01
1.188024733349254625e+01
1.188029199920250001e+01
1.188035393188319766e+01
1.188038367046707222e+01
1.188035721603183070e+01
1.188029534419533206e+01
1.188024718812328828e+01
1.188025112001303363e+01
1.188030413032229227e+01
1.188036416342828439e+01
1.188038357936611256e+01
1.188034706601767354e+01
1.188028377352993736e+01
1.188024402288295178e+01
1.188025920954441617e+01
1.188031689893634457e+01
1.188037092716342613e+01
1.188037834369762002e+01
1.188033363202013248e+01
1.188027290223528887e+01
1.188024481780338881e+01
1.188027161670828846e+01
1.188033144063680524e+01
1.188037604719727014e+01
1.188036961296503691e+01
1.188031746951980949e+01
1.188026173976351174e+01
1.188024741799773132e+01
1.188028615094725993e+01
1.188034681824032468e+01
1.188038050367773124e+01
1.188035983713863786e+01
1.188030111779373144e+01
1.188025139729866630e+01
1.188025079289932506e+01
1.188030020794798070e+01
1.188036038573916464e+01
1.188038317301417734e+01
1.188035005410152500e+01
1.188028711734970599e+01
1.188024439739775673e+01
1.188025600914809843e+01
1.188031288461806945e+01
1.188036991057433589e+01
1.188038181842123997e+01
1.188033921733336484e+01
1.188027603615145011e+01
1.188024245700783332e+01
1.188026495659859449e+01
1.188032532745475400e+01
1.188037535639859854e+01
1.188037535592268767e+01
1.188032574034898481e+01
1.188026647458378804e+01
1.188024495280911452e+01
1.188027808736073609e+01
1.188033893924628970e+01
1.188037850189897071e+01
1.188036508462925056e+01
1.188030969015589733e+01
1.188025706839431805e+01
1.188024968063882270e+01
1.188029353201507199e+01
1.188035331614316092e+01
1.188038078425389266e+01
1.188035357379318135e+01
1.188029330708620002e+01
1.188024836870056156e+01
1.188025510155395281e+01
1.188030851992222203e+01
