1.188024147592622093e+01
1.188038925792573508e+01
1.188039578584699640e+01
1.188024580217513382e+01
1.188038365011340503e+01
1.188039395307507462e+01
1.188024736826548455e+01
1.188038560629540719e+01
1.188039668378638680e+01
1.188024250231667267e+01
1.188038136554209778e+01
1.188040449572436152e+01
1.188024509773457460e+01
1.188037360657371799e+01
1.188040409524494123e+01
1.188024941313985039e+01
1.188037429456669614e+01
1.188040397031160111e+01
1.188024544973600349e+01
1.188037265610052273e+01
1.188041164636421598e+01
1.188024570962430815e+01
1.188036403038915090e+01
1.188041353100997810e+01
1.188025172967012111e+01
1.188036236998380524e+01
1.188041130099369447e+01
1.188024995902341985e+01
1.188036288609243307e+01
1.188041739488308934e+01
1.188024803469346935e+01
1.188035488873041778e+01
1.188042171187574247e+01
1.188025433835759337e+01
1.188035042074083059e+01
1.188041863981609048e+01
1.188025554033712083e+01
1.188035201999689328e+01
1.188042207495484881e+01
1.188025229259700843e+01
1.188034594739520777e+01
1.188042821358135015e+01
1.188025747464652504e+01
1.188033897486979029e+01
1.188042571918130541e+01
1.188026170091811018e+01
1.188034027184499841e+01
1.188042607846357335e+01
1.188025845254841784e+01
1.188033686927681387e+01
1.188043283372873482e+01
1.188026151404613806e+01
1.188032838801353108e+01
1.188043209287983615e+01
1.188026806783012290e+01
1.188032807706185423e+01
1.188042972496250194e+01
1.188026622878465943e+01
1.188032734416212044e+01
1.188043563098299771e+01
1.188026685326611265e+01
1.188031877715952511e+01
1.188043724000064394e+01
1.188027447393029945e+01
1.188031600475678395e+01
1.188043315686809365e+01
1.188027514528953255e+01
1.188031721076079350e+01
1.188043689257719038e+01
1.188027377978843369e+01
1.188031001972711209e+01
1.188044069372706701e+01
1.188028098565041368e+01
1.188030463490571087e+01
1.188043628805121799e+01
1.188028464919862870e+01
1.188030653452140051e+01
1.188043703943255558e+01
1.188028236853800124e+01
1.188030182059245909e+01
1.188044216098046135e+01
1.188028786454010444e+01
1.188029443184547951e+01
1.188043881767323207e+01
1.188029424028051118e+01
1.188029562014461682e+01
1.188043649809849178e+01
1.188029243716659877e+01
1.188029382876577245e+01
1.188044159829171953e+01
1.188029547079805504e+01
1.188028564670644727e+01
1.188044030522862471e+01
1.188030358250002827e+01
1.188028495772005044e+01
1.188043557721527321e+01
1.188030357251229852e+01
1.188028576868100039e+01
1.188043922008191444e+01
1.188030413442552380e+01
1.188027827625200139e+01
1.188044028837305355e+01
1.188031256954200998e+01
1.188027511823880111e+01
1.188043438185194312e+01
1.188031521857615225e+01
1.188027754668386393e+01
1.188043543642119282e+01
1.188031403179372703e+01
1.188027209194340017e+01
1.188043841292466318e+01
1.188032132657729889e+01
1.188026662528450750e+01
1.188043278685161397e+01
1.188032680000754127e+01
1.188026930296250860e+01
1.188043073988215426e+01
1.188032510508080897e+01
1.188026673222096008e+01
1.188043453806551319e+01
1.188033014562043022e+01
1.188025983572418909e+01
1.188043047558983289e+01
1.188033784824950523e+01
1.188026139680470195e+01
1.188042557535891497e+01
1.188033704792550793e+01
1.188026183035372618e+01
1.188042878460212037e+01
1.188033937076190760e+01
1.188025486228120009e+01
1.188042703525750277e+01
1.188034809836040573e+01
1.188025433074501791e+01
1.188042022860152613e+01
1.188034935939626813e+01
1.188025713923423510e+01
1.188042151137588398e+01
1.188034926655647716e+01
1.188025156180204434e+01
1.188042208455081550e+01
1.188035753085828894e+01
1.188024863310554124e+01
1.188041476170902477e+01
1.188036144933510130e+01
1.188025261761898754e+01
1.188041322801231026e+01
1.188035990941341602e+01
1.188024959422503990e+01
1.188041539801710478e+01
1.188036634523300705e+01
1.188024472864131909e+01
1.188040901176313646e+01
1.188037276663463793e+01
1.188024845593298551e+01
1.188040447082977025e+01
1.188037113386784860e+01
1.188024853462539454e+01
1.188040698963226660e+01
1.188037487039172824e+01
1.188024283236598322e+01
1.188040265419619779e+01
1.188038291782862466e+01
1.188024503653084807e+01
1.188039567655493123e+01
1.188038254729274534e+01
1.188024800417408144e+01
1.188039713013351673e+01
1.188038343758547022e+01
1.188024289813557743e+01
1.188039531572335505e+01
1.188039174493934702e+01
1.188024283867077813e+01
1.188038708633785312e+01
1.188039360674290457e+01
1.188024778222460576e+01
1.188038629412860203e+01
1.188039225426614109e+01
1.188024463860721092e+01
1.188038670579181044e+01
1.188039933975343310e+01
1.188024231179963586e+01
1.188037870437567456e+01
1.188040373670126293e+01
1.188024787010395755e+01
1.188037505422810725e+01
1.188040131622631534e+01
1.188024761064766643e+01
1.188037672739718253e+01
1.188040598817247151e+01
1.188024375095493212e+01
1.188037032312220909e+01
1.188041245776215860e+01
1.188024849140536077e+01
1.188036395238017562e+01
1.188041038164849361e+01
1.188025133971740921e+01
1.188036553364617909e+01
1.188041205995905969e+01
1.188024721062529565e+01
1.188036161045060268e+01
1.188041949287646126e+01
1.188025002876953451e+01
1.188035338188758772e+01
1.188041901189871830e+01
1.188025544681161882e+01
1.188035351434685793e+01
1.188041787727102516e+01
1.188025248377039667e+01
1.188035223547732677e+01
1.188042482102872910e+01
1.188025291223809887e+01
1.188034351008004386e+01
1.188042666711693229e+01
1.188025974393943152e+01
1.188034121871184823e+01
1.188042360123808550e+01
1.188025915234171848e+01
1.188034199590682327e+01
1.188042866089951843e+01
1.188025748835423911e+01
1.188033426286057548e+01
1.188043283231900737e+01
1.188026427441858424e+01
1.188032923698015431e+01
1.188042916792479708e+01
1.188026669299646443e+01
1.188033090833162930e+01
1.188043138808798815e+01
1.188026390762353834e+01
1.188032537759313811e+01
1.188043714165009845e+01
1.188026928770661250e+01
1.188031807208558988e+01
1.188043428907536558e+01
1.188027460644804911e+01
1.188031923558173197e+01
1.188043341104973472e+01
1.188027206462112950e+01
1.188031651111782594e+01
1.188043946626360814e+01
1.188027515377688736e+01
1.188030803397951907e+01
1.188043851610797752e+01
1.188028253521672895e+01
1.188030744554604468e+01
1.188043504316376264e+01
1.188028160875228778e+01
1.188030737131715853e+01
1.188043993889287364e+01
1.188028223865740429e+01
1.188029918499336191e+01
1.188044135121126388e+01
1.188029033995195860e+01
1.188029611473250746e+01
1.188043640691515535e+01
1.188029202102246096e+01
1.188029783239314696e+01
1.188043890655173485e+01
1.188029077637444964e+01
1.188029135327877128e+01
1.188044237744974652e+01
1.188029811481152898e+01
1.188028580225617148e+01
1.188043739453918946e+01
1.188030273311909824e+01
1.188028800028437715e+01
1.188043682588591921e+01
1.188030077593209910e+01
1.188028421255441636e+01
1.188044137231606356e+01
1.188030613626745335e+01
1.188027692620814690e+01
1.188043769409735440e+01
1.188031325582372766e+01
1.188027821161341535e+01
1.188043413319384634e+01
1.188031199129100379e+01
1.188027740518171882e+01
1.188043837084664567e+01
1.188031475719924401e+01
1.188026967515221699e+01
1.188043687461645526e+01
1.188032328383465597e+01
1.188026896867327942e+01
1.188043112624670172e+01
1.188032396174301653e+01
1.188027067123948299e+01
1.188043365837121712e+01
1.188032427570794169e+01
1.188026398078073598e+01
1.188043450931353995e+01
1.188033275020286261e+01
1.188026082817255258e+01
1.188042788873168121e+01
1.188033610905628912e+01
1.188026394560872490e+01
1.188042769540697030e+01
1.188033481795444146e+01
1.188025956166860553e+01
1.188043030379478537e+01
1.188034181460576733e+01
1.188025427181539939e+01
1.188042427582987415e+01
1.188034786388871922e+01
1.188025739712007400e+01
1.188042099829348963e+01
1.188034627028465628e+01
1.188025602596933794e+01
1.188042419161736696e+01
1.188035078630886687e+01
1.188024959256806845e+01
1.188041996499720909e+01
1.188035878877142792e+01
1.188025140135789748e+01
1.188041401025646593e+01
1.188035827930603183e+01
1.188025300177302768e+01
1.188041636778543086e+01
1.188036000254392910e+01
1.188024682915849972e+01
1.188041456024505393e+01
1.188036866626857169e+01
1.188024645514276756e+01
1.188040699711665305e+01
1.188037031758294582e+01
1.188025025637316290e+01
1.188040725045227219e+01
1.188036969852653613e+01
1.188024576959436551e+01
1.188040772253454591e+01
1.188037752789632151e+01
1.188024305405846448e+01
1.188039999378745115e+01
1.188038179558856378e+01
1.188024777174570268e+01
1.188039738379306343e+01
1.188037990832286717e+01
1.188024602356196979e+01
1.188039928854627192e+01
1.188038561346117739e+01
1.188024156459600356e+01
1.188039281567477090e+01
1.188039219071611896e+01
1.188024575783648729e+01
1.188038731096896328e+01
1.188039042465478268e+01
1.188024714143238647e+01
1.188038934167892613e+01
1.188039327077329865e+01
1.188024212683420267e+01
1.188038513379813033e+01
1.188040116051251793e+01
1.188024460122218429e+01
1.188037745139824963e+01
1.188040082672231001e+01
1.188024874406304221e+01
1.188037821425457352e+01
1.188040082540455344e+01
1.188024461736922888e+01
1.188037659471455498e+01
1.188040860944573751e+01
1.188024476163839616e+01
1.188036801344899551e+01
1.188041056665683293e+01
1.188025062717583857e+01
1.188036642208260929e+01
1.188040845992110306e+01
1.188024868442823490e+01
1.188036695101304474e+01
1.188041468859317007e+01
1.188024664249337725e+01
1.188035896530753988e+01
1.188041909182960509e+01
1.188025281380491194e+01
1.188035455178986766e+01
1.188041613737106061e+01
1.188025384399304407e+01
1.188035616294464702e+01
1.188041972639840971e+01
1.188025047116023281e+01
1.188035007357135342e+01
1.188042597204195339e+01
1.188025554220722313e+01
1.188034313176484957e+01
1.188042358853156877e+01
1.188025960746427856e+01
1.188034444089557340e+01
1.188042411075801930e+01
1.188025622488974165e+01
1.188034100105218371e+01
1.188043099764491473e+01
1.188025919157896304e+01
1.188033251965697623e+01
1.188043036434173416e+01
1.188026560466965620e+01
1.188033221800238515e+01
1.188042815834120525e+01
1.188026362525456214e+01
1.188033143637944988e+01
1.188043421963102908e+01
1.188026416359402404e+01
1.188032283554907664e+01
1.188043593943530318e+01
1.188027167029035525e+01
1.188032006289960307e+01
1.188043200925588216e+01
1.188027220208317658e+01
1.188032121642852701e+01
1.188043591814008337e+01
1.188027075191575932e+01
1.188031396021953690e+01
1.188043984079519433e+01
1.188027787222338461e+01
1.188030855706796807e+01
1.188043557500466818e+01
1.188028140652646059e+01
1.188031040491740242e+01
1.188043650827216879e+01
1.188027903824413123e+01
1.188030560131999991e+01
1.188044176766572235e+01
1.188028447380661312e+01
1.188029816823727280e+01
1.188043855173260077e+01
1.188029074059882007e+01
1.188029930571762982e+01
1.188043641217662127e+01
1.188028884663702911e+01
1.188029740955950508e+01
1.188044166817771341e+01
1.188029183796297694e+01
1.188028915240493788e+01
1.188044049475968222e+01
1.188029986905178959e+01
1.188028840957204224e+01
1.188043593520324670e+01
1.188029976907360030e+01
1.188028911008782629e+01
1.188043974865649943e+01
1.188030029858978764e+01
1.188028151190229664e+01
1.188044093605898510e+01
1.188030868540368346e+01
1.188027828994296975e+01
1.188043517971182261e+01
1.188031125289299084e+01
1.188028060956396637e+01
1.188043641226477831e+01
1.188031003678000275e+01
1.188027502350868403e+01
1.188043951427269640e+01
1.188031731440889160e+01
1.188026947480577533e+01
1.188043401783674469e+01
1.188032272413044232e+01
1.188027204883184140e+01
1.188043214627348654e+01
1.188032099944530984e+01
1.188026932998693574e+01
1.188043608045415667e+01
1.188032604818385174e+01
1.188026232711883701e+01
1.188043212965302686e+01
1.188033371379721714e+01
1.188026378882189604e+01
1.188042739180968965e+01
1.188033288405446797e+01
1.188026406771510324e+01
1.188043074728406090e+01
1.188033523195320740e+01
1.188025696675225262e+01
1.188042909792964430e+01
1.188034395508051411e+01
1.188025633516843449e+01
1.188042243201863535e+01
1.188034519192219030e+01
1.188025899181032941e+01
1.188042386647015469e+01
1.188034513240371659e+01
1.188025325779046604e+01
1.188042453557241096e+01
1.188035342584286091e+01
1.188025022103925465e+01
1.188041732704276932e+01
1.188035733321442144e+01
1.188025406299139775e+01
1.188041594213756724e+01
1.188035582848520022e+01
1.188025086657278884e+01
1.188041821024193290e+01
1.188036232298629713e+01
1.188024587778105889e+01
1.188041191203974378e+01
1.188036875517158286e+01
1.188024947402626275e+01
1.188040750690682401e+01
1.188036715683457878e+01
1.188024937323278962e+01
1.188041012872337276e+01
1.188037097364478001e+01
1.188024352829644137e+01
1.188040585988884956e+01
1.188037906090898055e+01
1.188024561054949046e+01
1.188039899542580180e+01
1.188037872573490006e+01
1.188024840270899496e+01
1.188040055525880412e+01
1.188037970839240742e+01
1.188024313474270599e+01
1.188039879363165596e+01
1.188038808780446409e+01
1.188024295648530959e+01
1.188039064798922695e+01
1.188038999146939290e+01
1.188024773727404515e+01
1.188038995945541210e+01
1.188038873478931556e+01
1.188024441746797066e+01
1.188039041789481232e+01
1.188039592262873967e+01
1.188024196755963224e+01
1.188038246858572400e+01
1.188040037583173003e+01
1.188024738090382115e+01
1.188037891080472974e+01
1.188039804882108719e+01
1.188024693967759227e+01
1.188038063025939550e+01
1.188040284680722181e+01
1.188024294649816781e+01
1.188037424937607334e+01
1.188040939482638692e+01
1.188024756015599159e+01
1.188036795003633728e+01
1.188040740819698904e+01
1.188025023159394422e+01
1.188036957873825195e+01
1.188040922673768662e+01
1.188024595616742651e+01
1.188036565716159920e+01
1.188041676528226454e+01
1.188024866151776671e+01
1.188035747089758409e+01
1.188041637255433258e+01
1.188025391762232452e+01
1.188035764924378057e+01
1.188041538231802541e+01
1.188025079757489522e+01
1.188035635888150665e+01
1.188042245930336804e+01
1.188025112019708907e+01
1.188034764234783403e+01
1.188042439865491673e+01
1.188025781228763833e+01
1.188034538885249525e+01
1.188042147303258567e+01
1.188025705948454558e+01
1.188034614921822119e+01
1.188042668892118137e+01
1.188025528929007280e+01
1.188033839237450096e+01
1.188043096630565465e+01
1.188026196108491916e+01
1.188033338764193303e+01
1.188042743323836525e+01
1.188026422365816259e+01
1.188033504164125986e+01
1.188042982412449788e+01
1.188026132675968682e+01
1.188032946004624080e+01
1.188043570276718697e+01
1.188026661593926647e+01
1.188032215030375305e+01
1.188043297228204231e+01
1.188027179419747448e+01
1.188032329662725495e+01
1.188043226909250194e+01
1.188026913462303469e+01
1.188032050292873798e+01
1.188043847124827401e+01
1.188027215019265448e+01
1.188031199013781780e+01
1.188043763798270902e+01
1.188027941558847900e+01
1.188031138115836072e+01
1.188043433402311067e+01
1.188027836873154719e+01
1.188031122859467104e+01
1.188043939645178071e+01
1.188027893448039407e+01
1.188030297375799016e+01
1.188044092736235591e+01
1.188028694949325370e+01
1.188029987266810217e+01
1.188043613877634996e+01
1.188028851487115034e+01
1.188030151040502247e+01
1.188043881824125059e+01
1.188028720847933961e+01
1.188029493363557521e+01
1.188044241667201817e+01
1.188029449075776789e+01
1.188028933316178914e+01
1.188043757291554847e+01
1.188029900760980340e+01
1.188029145370714801e+01
1.188043718755733025e+01
1.188029698715494931e+01
1.188028754702810907e+01
1.188044187533768614e+01
1.188030231694571626e+01
1.188028018544283526e+01
1.188043832120599852e+01
1.188030935881339012e+01
1.188028139550607243e+01
1.188043493646832616e+01
1.188030802977851152e+01
1.188028045868756699e+01
1.188043932994082397e+01
1.188031078301351506e+01
1.188027262409388030e+01
1.188043794823641086e+01
1.188031926280346262e+01
1.188027183996570990e+01
1.188043235963662170e+01
1.188031987950347101e+01
1.188027341015519056e+01
1.188043505800019695e+01
1.188032019023802732e+01
1.188026658725929430e+01
1.188043602133086729e+01
1.188032865135826555e+01
1.188026334746088963e+01
1.188042953824357539e+01
1.188033196007929426e+01
1.188026633746506278e+01
1.188042951364356270e+01
1.188033066857926023e+01
1.188026179943858907e+01
1.188043223887672184e+01
1.188033768276267210e+01
1.188025640521949100e+01
1.188042632498303774e+01
1.188034370217190094e+01
1.188025941099099292e+01
1.188042320853143075e+01
1.188034210795365553e+01
1.188025787353943663e+01
1.188042652655755838e+01
1.188034666554434793e+01
1.188025131326994632e+01
1.188042239422155077e+01
1.188035466651310479e+01
1.188025300884083180e+01
1.188041658278178403e+01
1.188035415746320211e+01
1.188025444115519846e+01
1.188041907184916113e+01
1.188035593726724315e+01
1.188024811817635396e+01
1.188041734575666375e+01
1.188036463250344887e+01
1.188024763178979981e+01
1.188040990029537802e+01
1.188036629051031134e+01
1.188025127223308530e+01
1.188041028663480603e+01
1.188036573437502774e+01
1.188024661554373829e+01
1.188041083505722462e+01
1.188037362788018392e+01
1.188024378107295220e+01
1.188040319472180606e+01
1.188037791647225916e+01
1.188024835116090117e+01
1.188040071059203484e+01
1.188037609239461467e+01
1.188024642156065802e+01
1.188040269244429226e+01
1.188038188895163572e+01
1.188024183044400672e+01
1.188039628019563843e+01
1.188038850969138061e+01
1.188024589065996217e+01
1.188039088423984424e+01
1.188038680492692656e+01
1.188024709163675396e+01
1.188039299496224288e+01
1.188038976099054622e+01
1.188024192827697156e+01
1.188038882577128597e+01
1.188039772298202656e+01
1.188024428099580376e+01
1.188038122599712665e+01
1.188039745080019216e+01
1.188024825035531507e+01
1.188038206954384712e+01
1.188039756813507353e+01
1.188024395952719914e+01
1.188038047491898830e+01
1.188040545504507683e+01
1.188024398695320194e+01
1.188037194445127476e+01
1.188040748009221836e+01
1.188024969631049288e+01
1.188037042825880540e+01
1.188040549220652764e+01
1.188024757985777313e+01
1.188037097612897774e+01
1.188041185108931330e+01
1.188024541851356730e+01
1.188036300858591865e+01
1.188041633623112325e+01
1.188025145511497271e+01
1.188035865593495366e+01
1.188041349549249937e+01
1.188025231114651525e+01
1.188036028520394716e+01
1.188041723446998965e+01
1.188024881081390838e+01
1.188035418558657419e+01
1.188042358325745163e+01
1.188025376790409027e+01
1.188034728107939486e+01
1.188042130730400636e+01
1.188025766904272729e+01
1.188034860864662079e+01
1.188042198922062376e+01
1.188025414922853784e+01
1.188034513797778402e+01
1.188042900442258620e+01
1.188025701764008701e+01
1.188033666310545655e+01
1.188042847586941875e+01
1.188026328624504480e+01
1.188033637706035250e+01
1.188042642924125225e+01
1.188026116278949651e+01
1.188033555302198074e+01
1.188043264316079828e+01
1.188026161105387857e+01
1.188032692495277409e+01
1.188043447149198428e+01
1.188026899938642700e+01
1.188032415836196698e+01
1.188043069243410699e+01
1.188026938731888293e+01
1.188032526553827495e+01
1.188043477259543756e+01
1.188026784810653247e+01
1.188031795053579387e+01
1.188043881506217936e+01
1.188027487797392290e+01
1.188031253529622155e+01
1.188043468801686231e+01
1.188027827814687676e+01
1.188031433728198039e+01
1.188043580205521543e+01
1.188027581742332472e+01
1.188030945007708539e+01
1.188044119822887801e+01
1.188028118728692206e+01
1.188030197874755167e+01
1.188043810917910825e+01
1.188028733971129647e+01
1.188030307106403782e+01
1.188043614932247394e+01
1.188028534965211591e+01
1.188030107579032801e+01
1.188044156076568925e+01
1.188028829313104673e+01
1.188029274935269086e+01
1.188044050710853661e+01
1.188029623774353105e+01
1.188029195805817828e+01
1.188043611647408859e+01
1.188029604211975077e+01
1.188029255334697076e+01
1.188044010090301406e+01
1.188029653347045667e+01
1.188028485480612773e+01
1.188044140812116822e+01
1.188030486580050393e+01
1.188028157398571061e+01
1.188043580315711800e+01
1.188030734572118874e+01
1.188028378952385999e+01
1.188043721486367943e+01
1.188030609431403661e+01
1.188027807702969518e+01
1.188044044368518293e+01
1.188031334842730757e+01
1.188027245101065432e+01
1.188043507877031146e+01
1.188031868810250558e+01
1.188027492563241161e+01
1.188043338456345488e+01
1.188031692752741719e+01
1.188027206295644689e+01
1.188043745669118678e+01
1.188032197804461987e+01
1.188026495799506677e+01
1.188043362004241565e+01
1.188032960007664229e+01
1.188026632407302330e+01
1.188042904729231353e+01
1.188032873464720396e+01
1.188026645193309605e+01
1.188043255161806755e+01
1.188033110121299529e+01
1.188025922179611271e+01
1.188043100526093632e+01
1.188033981319845722e+01
1.188025849342375651e+01
1.188042448350098468e+01
1.188034101947757648e+01
1.188026100116822903e+01
1.188042607292871544e+01
1.188034098696327234e+01
1.188025511361332498e+01
1.188042684146423866e+01
1.188034930290871038e+01
1.188025197155647383e+01
1.188041975126401262e+01
1.188035319275131840e+01
1.188025567322223353e+01
1.188041851911425084e+01
1.188035171701399761e+01
1.188025230609765437e+01
1.188042088932024321e+01
1.188035826374065351e+01
1.188024719628590020e+01
1.188041468368738940e+01
1.188036470029994973e+01
1.188025066310547118e+01
1.188041041894884664e+01
1.188036313034223213e+01
1.188025038437368863e+01
1.188041314828030970e+01
1.188036702126012223e+01
1.188024439830965839e+01
1.188040895096113303e+01
1.188037514206195766e+01
1.188024635965316733e+01
1.188040220483740761e+01
1.188037483637818958e+01
1.188024897709413708e+01
1.188040387591514424e+01
1.188037590556564460e+01
1.188024354803275706e+01
1.188040217230832951e+01
1.188038435100063595e+01
1.188024325139351589e+01
1.188039411603803686e+01
1.188038629086262077e+01
1.188024786941338817e+01
1.188039353663456943e+01
1.188038512453150020e+01
1.188024437348064843e+01
1.188039404737180149e+01
1.188039240907719218e+01
1.188024180028737220e+01
1.188038615613811189e+01
1.188039691312138046e+01
1.188024706794096197e+01
1.188038269660338386e+01
1.188039467454427545e+01
1.188024644421258813e+01
1.188038446812665683e+01
1.188039959342133756e+01
1.188024231673212938e+01
1.188037811681079958e+01
1.188040621478224956e+01
1.188024680220673446e+01
1.188037189511547531e+01
1.188040431304017197e+01
1.188024929524658901e+01
1.188037357727317556e+01
1.188040626722922788e+01
1.188024487199507639e+01
1.188036966359282509e+01
1.188041390674840514e+01
1.188024746256981246e+01
1.188036152613511298e+01
1.188041359811303543e+01
1.188025255444875405e+01
1.188036175659332905e+01
1.188041274829513050e+01
1.188024927519618146e+01
1.188036046104795496e+01
1.188041995440989140e+01
1.188024948944477188e+01
1.188035176001845095e+01
1.188042198331724109e+01
1.188025603893180104e+01
1.188034955078771837e+01
1.188041919460857265e+01
1.188025512200871958e+01
1.188035030062223640e+01
1.188042456328028962e+01
1.188025324254295434e+01
1.188034252661014634e+01
1.188042894340804700e+01
1.188025979646194763e+01
1.188033754953075238e+01
1.188042553895625986e+01
1.188026189941589017e+01
1.188033919242929315e+01
1.188042809784064779e+01
1.188025888738088653e+01
1.188033356646915450e+01
1.188043409889908730e+01
1.188026408154111024e+01
1.188032625902753026e+01
1.188043148840455565e+01
1.188026911503986405e+01
1.188032739434993701e+01
1.188043095807937632e+01
1.188026633355265105e+01
1.188032453768075491e+01
1.188043730515932950e+01
1.188026927099864061e+01
1.188031599568358487e+01
1.188043658727113083e+01
1.188027641548224977e+01
1.188031537221883660e+01
1.188043345108672355e+01
1.188027524352229669e+01
1.188031514729918214e+01
1.188043867892524119e+01
1.188027574020905952e+01
1.188030683016537203e+01
1.188044032749270684e+01
1.188028366358561527e+01
1.188030370416053039e+01
1.188043569415420286e+01
1.188028510804130811e+01
1.188030526762779360e+01
1.188043855293756046e+01
1.188028373465605902e+01
1.188029859905667607e+01
1.188044227856823198e+01
1.188029095506286481e+01
1.188029295484123438e+01
1.188043757420699365e+01
1.188029536475448644e+01
1.188029500320390852e+01
1.188043737243490305e+01
1.188029327545443792e+01
1.188029098296825836e+01
1.188044220188688271e+01
1.188029856875031243e+01
1.188028355155527471e+01
1.188043877272612114e+01
1.188030552682015184e+01
1.188028469120464159e+01
1.188043556524199396e+01
1.188030412740109121e+01
1.188028362886801403e+01
1.188044011556326396e+01
1.188030686186442253e+01
1.188027569470147249e+01
1.188043884985730969e+01
1.188031528840319240e+01
1.188027483746806467e+01
1.188043342288100135e+01
1.188031583774056621e+01
1.188027627958776122e+01
1.188043628925303352e+01
1.188031613905294925e+01
1.188026932870402241e+01
1.188043736700987907e+01
1.188032458023400828e+01
1.188026600585076942e+01
1.188043102397334039e+01
1.188032783243859924e+01
1.188026887214791572e+01
1.188043117061380194e+01
1.188032653429119989e+01
1.188026418384712812e+01
1.188043401530386589e+01
1.188033355942382485e+01
1.188025868893285697e+01
1.188042821865018084e+01
1.188033954240825274e+01
1.188026157831284202e+01
1.188042526652818509e+01
1.188033794130192078e+01
1.188025987767581348e+01
1.188042871246287291e+01
1.188034253397180073e+01
1.188025319365561039e+01
1.188042467809863112e+01
1.188035052682570480e+01
1.188025477858068868e+01
1.188041901389120802e+01
1.188035001192605655e+01
1.188025604518252365e+01
1.188042163830864162e+01
1.188035184198134075e+01
1.188024957430479311e+01
1.188041999780104163e+01
1.188036056216972902e+01
1.188024897756571541e+01
1.188041267454874728e+01
1.188036222064690151e+01
1.188025245887518722e+01
1.188041319829976494e+01
1.188036172133988977e+01
1.188024763400794015e+01
1.188041382761444353e+01
1.188036967262655175e+01
1.188024468205454909e+01
1.188040628073348515e+01
1.188037397598474598e+01
1.188024910547843405e+01
1.188040392744459872e+01
1.188037220926110393e+01
1.188024699541320217e+01
1.188040599135108621e+01
1.188037809121341226e+01
1.188024227298651248e+01
1.188039964514547187e+01
1.188038474946668721e+01
1.188024620043684898e+01
1.188039436343601807e+01
1.188038310045259749e+01
1.188024721894642788e+01
1.188039655951780027e+01
1.188038616085681554e+01
1.188024190698892291e+01
1.188039243470723427e+01
1.188039418940198821e+01
1.188024413767311671e+01
1.188038492349545372e+01
1.188039397358994975e+01
1.188024793290972170e+01
1.188038585344898124e+01
1.188039420444751570e+01
1.188024347737702335e+01
1.188038428962833493e+01
1.188040218893146260e+01
1.188024338700575733e+01
1.188037581621873784e+01
1.188040427690475909e+01
1.188024893878172072e+01
1.188037438125244272e+01
1.188040240324861863e+01
1.188024664728789048e+01
1.188037495410819488e+01
1.188040888757224600e+01
1.188024436499375014e+01
1.188036701117195015e+01
1.188041345007910188e+01
1.188025026478934265e+01
1.188036272572843011e+01
1.188041071896857659e+01
1.188025094455840147e+01
1.188036437928422728e+01
1.188041460374009972e+01
1.188024731457379346e+01
1.188035827591901139e+01
1.188042105157657069e+01
1.188025215500257126e+01
1.188035141526724736e+01
1.188041887961909637e+01
1.188025588916647912e+01
1.188035276753899261e+01
1.188041971773720817e+01
1.188025222932023439e+01
1.188034927249292849e+01
1.188042685770817997e+01
1.188025499622002634e+01
1.188034081080486182e+01
1.188042643086653882e+01
1.188026111677950603e+01
1.188034054669850548e+01
1.188042454081713117e+01
1.188025884583919378e+01
1.188033968658037054e+01
1.188043090447308003e+01
1.188025920031405747e+01
1.188033103789919132e+01
1.188043283881663470e+01
1.188026646610118497e+01
1.188032828371853356e+01
1.188042920878796593e+01
1.188026670608727464e+01
1.188032935072207863e+01
1.188043345806419460e+01
1.188026507365149875e+01
1.188032198337625722e+01
1.188043761838417112e+01
1.188027200838552311e+01
1.188031656236590905e+01
1.188043362867522745e+01
1.188027526973061399e+01
1.188031832447702030e+01
1.188043492209771834e+01
1.188027271192521184e+01
1.188031335982269709e+01
1.188044045371372981e+01
1.188027801099993042e+01
1.188030585643931047e+01
1.188043749078360989e+01
1.188028404380104064e+01
1.188030690936104605e+01
1.188043571003130872e+01
1.188028195254997144e+01
1.188030482075969907e+01
1.188044127627474644e+01
1.188028484278506269e+01
1.188029643098355415e+01
1.188044034222018297e+01
1.188029269519656594e+01
1.188029559675247526e+01
1.188043612069618149e+01
1.188029239840129847e+01
1.188029609218254024e+01
1.188044027621370446e+01
1.188029284593710599e+01
1.188028829884666138e+01
1.188044170367896513e+01
1.188030111771249153e+01
1.188028496441470949e+01
1.188043625103332346e+01
1.188030350414304159e+01
1.188028708078569551e+01
1.188043784279093096e+01
1.188030221156999389e+01
1.188028124691160237e+01
1.188044119946594357e+01
1.188030943588780097e+01
1.188027554849201373e+01
1.188043596768896570e+01
1.188031469925317118e+01
1.188027792815363348e+01
1.188043445252293573e+01
1.188031289671969049e+01
1.188027492612314795e+01
1.188043866428515116e+01
1.188031794264689545e+01
1.188026772355601679e+01
1.188043494400931799e+01
1.188032551457650676e+01
1.188026899797697666e+01
1.188043053880198485e+01
1.188032460722595829e+01
1.188026897864968312e+01
1.188043419434763059e+01
1.188032698608576077e+01
1.188026162328364776e+01
1.188043275374984553e+01
1.188033568027230658e+01
1.188026080161407272e+01
1.188042637930405654e+01
1.188033684962437420e+01
1.188026316365059287e+01
1.188042812676935966e+01
1.188033683778986571e+01
1.188025712585820060e+01
1.188042899801332553e+01
1.188034516959275244e+01
1.188025388149138450e+01
1.188042202993354479e+01
1.188034903545713483e+01
1.188025744539873862e+01
1.188042095428216882e+01
1.188034758247408718e+01
1.188025391014426013e+01
1.188042343037784931e+01
1.188035417492201873e+01
1.188024868175946125e+01
1.188041732162541386e+01
1.188036060939050387e+01
1.188025202103717604e+01
1.188041320167323356e+01
1.188035906169496236e+01
1.188025156618133771e+01
1.188041604282628327e+01
1.188036302046443993e+01
1.188024544080754374e+01
1.188041192175144012e+01
1.188037116842916596e+01
1.188024728251312823e+01
1.188040529894789366e+01
1.188037088626924032e+01
1.188024972627391662e+01
1.188040708608905405e+01
1.188037203604641867e+01
1.188024413722476424e+01
1.188040544557799372e+01
1.188038054135466837e+01
1.188024372288744601e+01
1.188039748415336483e+01
1.188038251162752879e+01
1.188024817841097480e+01
1.188039701918798308e+01
1.188038143006526681e+01
1.188024450669025889e+01
1.188039758760719167e+01
1.188038880552937471e+01
1.188024181030222515e+01
1.188038976028877158e+01
1.188039335485316705e+01
1.188024693181031743e+01
1.188038640475873997e+01
1.188039119952086153e+01
1.188024612512282907e+01
1.188038823402248667e+01
1.188039623397276578e+01
1.188024186280003391e+01
1.188038191834966995e+01
1.188040292341518622e+01
1.188024621897182698e+01
1.188037578044709797e+01
1.188040110178210362e+01
1.188024853236038325e+01
1.188037752199742236e+01
1.188040318684809016e+01
1.188024396006152550e+01
1.188037362241907680e+01
1.188041092249330077e+01
1.188024643414237147e+01
1.188036554021056546e+01
1.188041069359110935e+01
1.188025135977083835e+01
1.188036582895191273e+01
1.188040998000836623e+01
1.188024791937375291e+01
1.188036453449017138e+01
1.188041731093731812e+01
1.188024802297425708e+01
1.188035585557183005e+01
1.188041942547238428e+01
1.188025442711695590e+01
1.188035369697281141e+01
1.188041677010593311e+01
1.188025334340685113e+01
1.188035444256066953e+01
1.188042228788206778e+01
1.188025135184705050e+01
1.188034665800692125e+01
1.188042676729424940e+01
1.188025778452076153e+01
1.188034171509095493e+01
1.188042348850260765e+01
1.188025972447360346e+01
1.188034335315658119e+01
1.188042621241157626e+01
1.188025659391768407e+01
1.188033768935075329e+01
1.188043233296912859e+01
1.188026168916178094e+01
1.188033039078093189e+01
1.188042984011047665e+01
1.188026657384041052e+01
1.188033152132012837e+01
1.188042948041746882e+01
1.188026366648353260e+01
1.188032860800154822e+01
1.188043597014035946e+01
1.188026652146780648e+01
1.188032004331028446e+01
1.188043536585244375e+01
1.188027354036618810e+01
1.188031941149610660e+01
1.188043239596465561e+01
1.188027223878003191e+01
1.188031912028528048e+01
1.188043778765183589e+01
1.188027266167712170e+01
1.188031074716590929e+01
1.188043955267032992e+01
1.188028048823448124e+01
1.188030760226313021e+01
1.188043507384236364e+01
1.188028180670265321e+01
1.188030909722869488e+01
1.188043811115871051e+01
1.188028036122946673e+01
1.188030234283339404e+01
1.188044196338198155e+01
1.188028751419756190e+01
1.188029666071581758e+01
1.188043739838143686e+01
1.188029181116343658e+01
1.188029864233652866e+01
1.188043738021008977e+01
1.188028964757060635e+01
1.188029451408682036e+01
1.188044235137971327e+01
1.188029489854018905e+01
1.188028701841383850e+01
1.188043904780039739e+01
1.188030176681578709e+01
1.188028809274261910e+01
1.188043601838324648e+01
1.188030029123293119e+01
1.188028690993062142e+01
1.188044072630975201e+01
1.188030300091762292e+01
1.188027888136402410e+01
1.188043957780667625e+01
1.188031136788340447e+01
1.188027795575670353e+01
1.188043431403857397e+01
1.188031184377795313e+01
1.188027927430984576e+01
1.188043734992251643e+01
1.188031212953965188e+01
1.188027220009145069e+01
1.188043854388241627e+01
1.188032054427046091e+01
1.188026879852641038e+01
1.188043234319344421e+01
1.188032373361982685e+01
1.188027154505782157e+01
1.188043266333410131e+01
1.188032242260994664e+01
1.188026671051784433e+01
1.188043562984156409e+01
1.188032945213161540e+01
1.188026111880559377e+01
1.188042995335031726e+01
1.188033539215581058e+01
1.188026389516906356e+01
1.188042716855938252e+01
1.188033377789156653e+01
1.188026203470119313e+01
1.188043074537100985e+01
1.188033839914593237e+01
1.188025523029103425e+01
1.188042681243554455e+01
1.188034637724901188e+01
1.188025670739050277e+01
1.188042129916399503e+01
1.188034585020852596e+01
1.188025781092088273e+01
1.188042406252178829e+01
1.188034772416327201e+01
1.188025119486663250e+01
1.188042251152305617e+01
1.188035646269837642e+01
1.188025049005129929e+01
1.188041531481265345e+01
1.188035811536869879e+01
1.188025381414388626e+01
1.188041598018109468e+01
1.188035766673104199e+01
1.188024882309817620e+01
1.188041669474646866e+01
1.188036566936876426e+01
1.188024575538111627e+01
1.188040924617588701e+01
1.188036998127584987e+01
1.188025003334702134e+01
1.188040702852366515e+01
1.188036826597734397e+01
1.188024774404136785e+01
1.188040917926761431e+01
1.188037422719616920e+01
1.188024289141830003e+01
1.188040290436271640e+01
1.188038091687994857e+01
1.188024668663617511e+01
1.188039774223893374e+01
1.188037931794733559e+01
1.188024752310661469e+01
1.188040002887941426e+01
1.188038247695542005e+01
1.188024206299144936e+01
1.188039595400275239e+01
1.188039056621618350e+01
1.188024417154975509e+01
1.188038853715889687e+01
1.188039040138739466e+01
1.188024779229817440e+01
1.188038955911433625e+01
1.188039074048018406e+01
1.188024317176602906e+01
1.188038803187618520e+01
1.188039881707737422e+01
1.188024296291509074e+01
1.188037962168218264e+01
1.188040096289530290e+01
1.188024835598133855e+01
1.188037827390045109e+01
1.188039919866698924e+01
1.188024588838128182e+01
1.188037887770428114e+01
1.188040580347207786e+01
1.188024348386345252e+01
1.188037096574620932e+01
1.188041043860984658e+01
1.188024924502290958e+01
1.188036675378533857e+01
1.188040781283278235e+01
1.188024974668675249e+01
1.188036843774603391e+01
1.188041183903206566e+01
1.188024598515704788e+01
1.188036233708625566e+01
1.188041838160800268e+01
1.188025070647422154e+01
1.188035552680996787e+01
1.188041630986406894e+01
1.188025427105969101e+01
1.188035691002954763e+01
1.188041730046680833e+01
1.188025046863682910e+01
1.188035339704119409e+01
1.188042456142740022e+01
1.188025313103171854e+01
1.188034495519355005e+01
1.188042423302171890e+01
1.188025910022481746e+01
1.188034471936031267e+01
1.188042249651362781e+01
1.188025667858850909e+01
1.188034382951429713e+01
1.188042900676389912e+01
1.188025693578495634e+01
1.188033516687416125e+01
1.188043104435500297e+01
1.188026407506654891e+01
1.188033243148965745e+01
1.188042756100660569e+01
1.188026416323580037e+01
1.188033346454607297e+01
1.188043197697497888e+01
1.188026243360609513e+01
1.188032605136394615e+01
1.188043625292836936e+01
1.188026926871464184e+01
1.188032063096373925e+01
1.188043239888112979e+01
1.188027238672983188e+01
1.188032235926437963e+01
1.188043387003215123e+01
1.188026972738965092e+01
1.188031732340473745e+01
1.188043953548263865e+01
1.188027495076385875e+01
1.188030979425344746e+01
1.188043669763715116e+01
1.188028085885981966e+01
1.188031081365295094e+01
1.188043509511984297e+01
1.188027866148700440e+01
1.188030863762554112e+01
1.188044081524623685e+01
1.188028149323590910e+01
1.188030019057738329e+01
1.188044000036222947e+01
1.188028924787037610e+01
1.188029931906473990e+01
1.188043594786048907e+01
1.188028884451725276e+01
1.188029972014441604e+01
1.188044027430289873e+01
1.188028924271824849e+01
1.188029183772304265e+01
1.188044182217293354e+01
1.188029744798931553e+01
1.188028845508407549e+01
1.188043652250579818e+01
1.188029973512132287e+01
1.188029047736874588e+01
1.188043829493764214e+01
1.188029839561350620e+01
1.188028452734774554e+01
1.188044178023473663e+01
1.188030558394827629e+01
1.188027876162210994e+01
1.188043668294263888e+01
1.188031076482578463e+01
1.188028105095588138e+01
1.188043534823309066e+01
1.188030891434001823e+01
1.188027791424353197e+01
1.188043970105145952e+01
1.188031394937163299e+01
1.188027061875981083e+01
1.188043609910803156e+01
1.188032146473392814e+01
1.188027180570017194e+01
1.188043186363267978e+01
1.188032050927301952e+01
1.188027164324718044e+01
1.188043567251034816e+01
1.188032289408774744e+01
1.188026416681924857e+01
1.188043434018395139e+01
1.188033156384364553e+01
1.188026325556957552e+01
1.188042811596699444e+01
1.188033268991980229e+01
1.188026547532105504e+01
1.188043002428773853e+01
1.188033269244522216e+01
1.188025929082794185e+01
1.188043100127842600e+01
1.188034103345068893e+01
1.188025594738808088e+01
1.188042415887732695e+01
1.188034486887373653e+01
1.188025937631310391e+01
1.188042324323940058e+01
1.188034343238198787e+01
1.188025567575763475e+01
1.188042582879165288e+01
1.188035006401019267e+01
1.188025033150153398e+01
1.188041982101666427e+01
1.188035648987940540e+01
1.188025354538040190e+01
1.188041585003302103e+01
1.188035495827380217e+01
1.188025291647812054e+01
1.188041880711190323e+01
1.188035897857267464e+01
1.188024665387813883e+01
1.188041476681707387e+01
1.188036714725176957e+01
1.188024837748428730e+01
1.188040827212559769e+01
1.188036688256530482e+01
1.188025064887425586e+01
1.188041017996812343e+01
1.188036810689757417e+01
1.188024490121761723e+01
1.188040860745701721e+01
1.188037666582582830e+01
1.188024437013774559e+01
1.188040074618640674e+01
1.188037866061211290e+01
1.188024866371292099e+01
1.188040040080986515e+01
1.188037765811671242e+01
1.188024481681920363e+01
1.188040103214766496e+01
1.188038511857964785e+01
1.188024199760097588e+01
1.188039327444559490e+01
1.188038970748386802e+01
1.188024697278471642e+01
1.188039002854698012e+01
1.188038763005943643e+01
1.188024598295726442e+01
1.188039192110121256e+01
1.188039277461260568e+01
1.188024158552519260e+01
1.188038564703596123e+01
1.188039952671314126e+01
1.188024581154733461e+01
1.188037959896971607e+01
1.188039778023834714e+01
1.188024794430435804e+01
1.188038140575529589e+01
1.188039999122890933e+01
1.188024322200663363e+01
1.188037752640170375e+01
1.188040781796404843e+01
1.188024557814172155e+01
1.188036950580944584e+01
1.188040766424164829e+01
1.188025033576147038e+01
1.188036985893960917e+01
1.188040708250842492e+01
1.188024673254393804e+01
1.188036857177376682e+01
1.188041453372684941e+01
1.188024672347968114e+01
1.188035992152832954e+01
1.188041672974814844e+01
1.188025297979383232e+01
1.188035781989181316e+01
1.188041420393072656e+01
1.188025172688224274e+01
1.188035856749231023e+01
1.188041986690436502e+01
1.188024962065257739e+01
1.188035077900947201e+01
1.188042444191108338e+01
1.188025592895434990e+01
1.188034587676038001e+01
1.188042128558605270e+01
1.188025770276330562e+01
1.188034751626568841e+01
1.188042417130226980e+01
1.188025445053515838e+01
1.188034182114988191e+01
1.188043040819550633e+01
1.188025944319234561e+01
1.188033453804622752e+01
1.188042803036680972e+01
1.188026417521290234e+01
1.188033567005480506e+01
1.188042783881749287e+01
1.188026113824538577e+01
1.188033270645389905e+01
1.188043446864234554e+01
1.188026390663713627e+01
1.188032412563493700e+01
1.188043397591659556e+01
1.188027079548066922e+01
1.188032349167104940e+01
1.188043117058070841e+01
1.188026935994092170e+01
1.188032314030848724e+01
1.188043672428641173e+01
1.188026970450774833e+01
1.188031471759980029e+01
1.188043860428166276e+01
1.188027742924381513e+01
1.188031155990808685e+01
1.188043427895457071e+01
1.188027861683274899e+01
1.188031299224294735e+01
1.188043749374410218e+01
1.188027709434183166e+01
1.188030615811440427e+01
1.188044147167909692e+01
1.188028417445986307e+01
1.188030044405374674e+01
1.188043704572938886e+01
1.188028835328424471e+01
1.188030236450351396e+01
1.188043721089696270e+01
1.188028611009107394e+01
1.188029813392234857e+01
1.188044232355441565e+01
1.188029131303235353e+01
1.188029057970368640e+01
1.188043914589279559e+01
1.188029808564077072e+01
1.188029159396075585e+01
1.188043629508047871e+01
1.188029652822782367e+01
1.188029029588088292e+01
1.188044116109432657e+01
1.188029920722930477e+01
1.188028217825942612e+01
1.188044013072811467e+01
1.188030750839534200e+01
1.188028118918814791e+01
1.188043503148162472e+01
1.188030790485224308e+01
1.188028238886575849e+01
1.188043823811196731e+01
1.188030816900941744e+01
1.188027519616163019e+01
1.188043954978748751e+01
1.188031655084385996e+01
1.188027172042770729e+01
1.188043349347967848e+01
1.188031967105598241e+01
1.188027435134343257e+01
1.188043398912000725e+01
1.188031834101425588e+01
1.188026937481532741e+01
1.188043707954972028e+01
1.188032536839919295e+01
1.188026369042190922e+01
1.188043152589197682e+01
1.188033125895510445e+01
1.188026635737071146e+01
1.188042891118479361e+01
1.188032962527899628e+01
1.188026434065981007e+01
1.188043262159806090e+01
1.188033426862745934e+01
1.188025741945789804e+01
1.188042879331162993e+01
1.188034222534056816e+01
1.188025879179368616e+01
1.188042343444515581e+01
1.188034167985406064e+01
1.188025973514155176e+01
1.188042634010538912e+01
1.188034359133129492e+01
1.188025297688544590e+01
1.188042488231927329e+01
1.188035234157326414e+01
1.188025216652390625e+01
1.188041781626717963e+01
1.188035398211609461e+01
1.188025533557633118e+01
1.188041862724903730e+01
1.188035357793431501e+01
1.188025018061502713e+01
1.188041943122172661e+01
1.188036162542747931e+01
1.188024699911690618e+01
1.188041208562206563e+01
1.188036593959397003e+01
1.188025113309924308e+01
1.188041000821306348e+01
1.188036426970808535e+01
1.188024866604864549e+01
1.188041225039672533e+01
1.188037030397025440e+01
1.188024368461411662e+01
1.188040605187835297e+01
1.188037701890059950e+01
1.188024734840568364e+01
1.188040101451304587e+01
1.188037546426886415e+01
1.188024800354035548e+01
1.188040339675406543e+01
1.188037871602231199e+01
1.188024239598330922e+01
1.188039937721775452e+01
1.188038686003132582e+01
1.188024438259876270e+01
1.188039206040602025e+01
1.188038674066127598e+01
1.188024782877038632e+01
1.188039317982667598e+01
1.188038718255417336e+01
1.188024304322023283e+01
1.188039169482786761e+01
1.188039534564766875e+01
1.188024271548018618e+01
1.188038335389328992e+01
1.188039754406637982e+01
1.188024794898282721e+01
1.188038209914968490e+01
1.188039588429200144e+01
1.188024530448444516e+01
1.188038273976960824e+01
1.188040260443842833e+01
1.188024277673853923e+01
1.188037486507677798e+01
1.188040730728765126e+01
1.188024839769987473e+01
1.188037073279686950e+01
1.188040478235477870e+01
1.188024871968230300e+01
1.188037245321454627e+01
1.188040894541319048e+01
1.188024482497730716e+01
1.188036636165899118e+01
1.188041557821200556e+01
1.188024942499127867e+01
1.188035960823056669e+01
1.188041360268489655e+01
1.188025281765178320e+01
1.188036102860487020e+01
1.188041474183403601e+01
1.188024887036059418e+01
1.188035750408417712e+01
1.188042211977809792e+01
1.188025142550369750e+01
1.188034908871610895e+01
1.188042188630180895e+01
1.188025724025411733e+01
1.188034888748371998e+01
1.188042030005958871e+01
1.188025466494980442e+01
1.188034797426615796e+01
1.188042695351870925e+01
1.188025482161092583e+01
1.188033930433449292e+01
1.188042909134726344e+01
1.188026183065527697e+01
1.188033659415495080e+01
1.188042575207823504e+01
1.188026176335990236e+01
1.188033759952401880e+01
1.188043033205965848e+01
1.188025993278124304e+01
1.188033014705792390e+01
1.188043472116906152e+01
1.188026666398108233e+01
1.188032473370100384e+01
1.188043100084644443e+01
1.188026963436820793e+01
1.188032643431910174e+01
1.188043264780445973e+01
1.188026686923645947e+01
1.188032133357299713e+01
1.188043844521405568e+01
1.188027201218564244e+01
1.188031378502160429e+01
1.188043573114897988e+01
1.188027779067712686e+01
1.188031477686381443e+01
1.188043430572473191e+01
1.188027548242665787e+01
1.188031251941473698e+01
1.188044017854278067e+01
1.188027825061108445e+01
1.188030402127226459e+01
1.188043948212441769e+01
1.188028590205088442e+01
1.188030311825256646e+01
1.188043559828057560e+01
1.188028538690310043e+01
1.188030343061997840e+01
1.188044009520754152e+01
1.188028573038907254e+01
1.188029546496185063e+01
1.188044176336585345e+01
1.188029386333781012e+01
1.188029203966556580e+01
1.188043661706125853e+01
1.188029604548660068e+01
1.188029397310031676e+01
1.188043857051503416e+01
1.188029465338883917e+01
1.188028791233015014e+01
1.188044218492974302e+01
1.188030179965626409e+01
1.188028208456282364e+01
1.188043722319756235e+01
1.188030689196441614e+01
1.188028428838038408e+01
1.188043607008885161e+01
1.188030498761828113e+01
1.188028102184649448e+01
1.188044056511635560e+01
1.188031000552316208e+01
1.188027363832874528e+01
1.188043708320030056e+01
1.188031745792086546e+01
1.188027474216534429e+01
1.188043301938206397e+01
1.188031644821711552e+01
1.188027444085667206e+01
1.188043698344331567e+01
1.188031883269322364e+01
1.188026684774882646e+01
1.188043576164575299e+01
1.188032747142382384e+01
1.188026585085515308e+01
1.188042969031890905e+01
1.188032854790255399e+01
1.188026793197138531e+01
1.188043176206407914e+01
1.188032855848432234e+01
1.188026160454740499e+01
1.188043284759719143e+01
1.188033690204326120e+01
1.188025816550688596e+01
1.188042613419407267e+01
1.188034070055973146e+01
1.188026146246832404e+01
1.188042538185035468e+01
1.188033927428271141e+01
1.188025759968859774e+01
1.188042808019803864e+01
1.188034593852517773e+01
1.188025214251306672e+01
1.188042217727627126e+01
1.188035234925468409e+01
1.188025523339108780e+01
1.188041835922607348e+01
1.188035082752326765e+01
1.188025443277947701e+01
1.188042143612478974e+01
1.188035490297469110e+01
1.188024803529911999e+01
1.188041748094420846e+01
1.188036308585726530e+01
1.188024964260820582e+01
1.188041111895923763e+01
1.188036283252126246e+01
1.188025174320512889e+01
1.188041315195156677e+01
1.188036412529073260e+01
1.188024583859207084e+01
1.188041165216443851e+01
1.188037273149320328e+01
1.188024519199517215e+01
1.188040389618172021e+01
1.188037474479497924e+01
1.188024932444410275e+01
1.188040367537826292e+01
1.188037381555324501e+01
1.188024530326778283e+01
1.188040437471392607e+01
1.188038135497416015e+01
1.188024236185780325e+01
1.188039669218042071e+01
1.188038597763231330e+01
1.188024719081435876e+01
1.188039356139802827e+01
1.188038397264074675e+01
1.188024601794263901e+01
1.188039552266049803e+01
1.188038922167391576e+01
1.188024148540946712e+01
1.188038929604558902e+01
1.188039603085561602e+01
1.188024558070918246e+01
1.188038334374368077e+01
1.188039435442536274e+01
1.188024753212904194e+01
1.188038522150196030e+01
1.188039668621627243e+01
1.188024265915384170e+01
1.188038136840182091e+01
1.188040459882656386e+01
1.188024489616027424e+01
1.188037341570577787e+01
1.188040451554500976e+01
1.188024948428260785e+01
1.188037383925359336e+01
1.188040406108147629e+01
1.188024571683547670e+01
1.188037256552999033e+01
1.188041162786305449e+01
1.188024559335133290e+01
1.188036395046237637e+01
1.188041390102326389e+01
1.188025169961345107e+01
1.188036191207121917e+01
1.188041150074719177e+01
1.188025027534310141e+01
1.188036266790671469e+01
1.188041730479007541e+01
1.188024805211956725e+01
1.188035488208143065e+01
1.188042197147695767e+01
1.188025423317088780e+01
1.188035002698411979e+01
1.188041893419297956e+01
1.188025583793783113e+01
1.188035167419465310e+01
1.188042197826124813e+01
1.188025246112533218e+01
1.188034595430913143e+01
1.188042832808540439e+01
1.188025734775727571e+01
1.188033869327768777e+01
1.188042606243456589e+01
1.188026192351134291e+01
1.188033983303120955e+01
1.188042603628883498e+01
1.188025875341530124e+01
1.188033682554921810e+01
1.188043280341921459e+01
1.188026143129845558e+01
1.188032823521159820e+01
1.188043241996028598e+01
1.188026818582872046e+01
1.188032760535006460e+01
1.188042977716889936e+01
1.188026661221197422e+01
1.188032720003850429e+01
1.188043549079705130e+01
1.188026687410331839e+01
1.188031873421010154e+01
1.188043748402896149e+01
1.188027449220556520e+01
1.188031556991930593e+01
1.188043331092261923e+01
1.188027554420614074e+01
1.188031694558645235e+01
1.188043670185292378e+01
1.188027393994167369e+01
1.188031003791821938e+01
1.188044080434657168e+01
1.188028094196359419e+01
1.188030429798239673e+01
1.188043651686342628e+01
1.188028499739007060e+01
1.188030616295201902e+01
1.188043686483213435e+01
1.188028266943905464e+01
1.188030183585181021e+01
1.188044211847185316e+01
1.188028781878963258e+01
1.188029422893826670e+01
1.188043906678950101e+01
1.188029448999183657e+01
1.188029518851823418e+01
1.188043639484353520e+01
1.188029284520643891e+01
1.188029378053316165e+01
1.188044141915124996e+01
1.188029548773334021e+01
1.188028557936504370e+01
1.188044050758382042e+01
1.188030371697894161e+01
1.188028453190933043e+01
1.188043557389895888e+01
1.188030402809983954e+01
1.188028561758140533e+01
1.188043895223869306e+01
1.188030426468453271e+01
1.188027831142769131e+01
1.188044038287520010e+01
1.188031260725286664e+01
1.188027476625942391e+01
1.188043447271560460e+01
1.188031565211394813e+01
