1.188024147592622803e+01
1.188024912658845267e+01
1.188026716595312493e+01
1.188028869511492758e+01
1.188031218953862300e+01
1.188033441119727840e+01
1.188034639221724298e+01
1.188034362362725638e+01
1.188033077981408603e+01
1.188031201916274071e+01
1.188028753034423701e+01
1.188026240419885049e+01
1.188024676244725519e+01
1.188024427264189242e+01
1.188025124561036883e+01
1.188026660694132985e+01
1.188029097413525292e+01
1.188031756027178609e+01
1.188033612488177049e+01
1.188034401477723812e+01
1.188034320789404319e+01
1.188033171525280096e+01
1.188030868471814117e+01
1.188028213864268245e+01
1.188026142357640502e+01
1.188024827423078911e+01
1.188024300861737537e+01
1.188025030619144040e+01
1.188027075260228749e+01
1.188029581530828160e+01
1.188031789293530416e+01
1.188033584800098730e+01
1.188034672908938738e+01
1.188034383058168331e+01
1.188032716189093918e+01
1.188030487024725801e+01
1.188028222765098718e+01
1.188026023777086415e+01
1.188024450767959550e+01
1.188024291143660705e+01
1.188025475666724162e+01
1.188027322295623378e+01
1.188029562202151190e+01
1.188032058170733407e+01
1.188034016287924644e+01
1.188034624387644911e+01
1.188034002687256319e+01
1.188032615822532634e+01
1.188030482494154683e+01
1.188027820007596880e+01
1.188025590826070577e+01
1.188024546880056498e+01
1.188024557098654377e+01
1.188025437281653396e+01
1.188027380537359079e+01
1.188030063221574828e+01
1.188032444269829568e+01
1.188033897653400039e+01
1.188034510366597907e+01
1.188034154256799901e+01
1.188032484698860713e+01
1.188029933638417113e+01
1.188027517220021068e+01
1.188025697061553387e+01
1.188024489382480020e+01
1.188024330634133818e+01
1.188025645229362226e+01
1.188027918705856933e+01
1.188030262883232524e+01
1.188032388707908460e+01
1.188034125098541693e+01
1.188034767609392617e+01
1.188033882624849902e+01
1.188032015663676866e+01
1.188029838578220776e+01
1.188027487604299637e+01
1.188025322495361991e+01
1.188024243879030983e+01
1.188024636791037025e+01
1.188025994941297192e+01
1.188027924820439374e+01
1.188030401596014229e+01
1.188032869283582826e+01
1.188034325029623872e+01
1.188034467959173135e+01
1.188033687243686032e+01
1.188032069811814218e+01
1.188029582565539144e+01
1.188026954723905604e+01
1.188025188068016647e+01
1.188024490373193842e+01
1.188024662631400119e+01
1.188025916291197426e+01
1.188028287714861442e+01
1.188030928103941086e+01
1.188032934902327042e+01
1.188034176339254167e+01
1.188034605468192595e+01
1.188033754631805650e+01
1.188031628836144193e+01
1.188029117823981551e+01
1.188026945027848313e+01
1.188025203669450391e+01
1.188024215664568572e+01
1.188024635424575948e+01
1.188026391298780382e+01
1.188028646280891643e+01
1.188030907706964356e+01
1.188033072032014914e+01
1.188034546568110628e+01
1.188034576046604229e+01
1.188033298912182012e+01
1.188031404184965290e+01
1.188029135070946829e+01
1.188026655047573321e+01
1.188024788618727889e+01
1.188024302382060426e+01
1.188025016808278522e+01
1.188026474048857040e+01
1.188028666066720795e+01
1.188031329954973181e+01
1.188033480073120884e+01
1.188034418043683260e+01
1.188034317602756040e+01
1.188033346487077146e+01
1.188031319735055291e+01
1.188028619752220472e+01
1.188026299305933620e+01
1.188024929912968375e+01
1.188024402918420463e+01
1.188024867071298907e+01
1.188026638579655270e+01
1.188029221537593827e+01
1.188031601175298135e+01
1.188033363372558782e+01
1.188034491416003391e+01
1.188034530323775151e+01
1.188033102555310982e+01
1.188030783535236878e+01
1.188028448259891157e+01
1.188026352451219481e+01
1.188024688109365812e+01
1.188024170480088770e+01
1.188025172374959482e+01
1.188027097843220226e+01
1.188029296243624877e+01
1.188031644839990264e+01
1.188033747202040935e+01
1.188034703745949372e+01
1.188034197067188735e+01
1.188032768091217406e+01
1.188030786599363253e+01
1.188028286661948663e+01
1.188025870315724219e+01
1.188024525707340118e+01
1.188024487517479599e+01
1.188025350492583954e+01
1.188027047599102559e+01
1.188029579942424441e+01
1.188032170450897240e+01
1.188033844620100510e+01
1.188034450979706591e+01
1.188034186568988382e+01
1.188032829744658336e+01
1.188030395657546201e+01
1.188027775722033574e+01
1.188025836303671667e+01
1.188024669866989136e+01
1.188024340390011346e+01
1.188025311365533021e+01
1.188027512683138021e+01
1.188030023042924732e+01
1.188032158166246610e+01
1.188033842272424323e+01
1.188034726689492970e+01
1.188034177739456609e+01
1.188032337858880183e+01
1.188030061356640310e+01
1.188027805600340159e+01
1.188025680473132084e+01
1.188024308837734466e+01
1.188024409015743998e+01
1.188025774802146728e+01
1.188027714688574754e+01
1.188030009930456998e+01
1.188032468241734563e+01
1.188034238129589504e+01
1.188034602632571612e+01
1.188033797944944325e+01
1.188032271963019326e+01
1.188030024599627410e+01
1.188027365853828599e+01
1.188025299748815833e+01
1.188024468113091459e+01
1.188024658037636527e+01
1.188025719738858577e+01
1.188027826352235472e+01
1.188030536786189195e+01
1.188032792009602545e+01
1.188034076311756593e+01
1.188034516460188605e+01
1.188033943613497811e+01
1.188032073901921315e+01
1.188029465619346148e+01
1.188027126902174757e+01
1.188025424623450554e+01
1.188024379130444430e+01
1.188024461526226716e+01
1.188025998760222279e+01
1.188028357559534420e+01
1.188030680464316369e+01
1.188032743247427092e+01
1.188034331082520012e+01
1.188034721898242729e+01
1.188033606373944018e+01
1.188031626911650029e+01
1.188029410053636070e+01
1.188027067835316153e+01
1.188025033852739476e+01
1.188024201610886799e+01
1.188024819475479887e+01
1.188026316363380097e+01
1.188028347199556300e+01
1.188030865327930741e+01
1.188033224050809977e+01
1.188034455199121986e+01
1.188034390091185877e+01
1.188033446056656217e+01
1.188031671120630328e+01
1.188029099294472957e+01
1.188026552567304783e+01
1.188024973268931817e+01
1.188024458151459584e+01
1.188024815266915724e+01
1.188026273729682636e+01
1.188028764506500146e+01
1.188031357944419142e+01
1.188033227534451797e+01
1.188034317447623067e+01
1.188034545213132986e+01
1.188033455411082429e+01
1.188031184366538717e+01
1.188028679945185395e+01
1.188026585091691878e+01
1.188024961344531683e+01
1.188024183849657511e+01
1.188024860859412968e+01
1.188026779560623858e+01
1.188029073434282346e+01
1.188031320655272793e+01
1.188033401951554424e+01
1.188034666549837759e+01
1.188034437581198333e+01
1.188032987181908950e+01
1.188031005076769020e+01
1.188028686902230824e+01
1.188026256124206625e+01
1.188024587384111008e+01
1.188024344119776643e+01
1.188025236524259221e+01
1.188026829611623114e+01
1.188029128715461979e+01
1.188031775696406456e+01
1.188033753182256191e+01
1.188034478355424994e+01
1.188034199705022331e+01
1.188033047948801091e+01
1.188030865381787038e+01
1.188028151371441687e+01
1.188025965753384483e+01
1.188024767448101215e+01
1.188024415250298738e+01
1.188025097241520989e+01
1.188027061033672105e+01
1.188029688066281508e+01
1.188031981978972595e+01
1.188033622394317312e+01
1.188034582456918820e+01
1.188034377648029682e+01
1.188032734949227986e+01
1.188030342121922089e+01
1.188028034957349632e+01
1.188026008216215956e+01
1.188024501300938240e+01
1.188024238885724593e+01
1.188025464420050348e+01
1.188027493410579893e+01
1.188029725913781753e+01
1.188032057579659373e+01
1.188034017666864983e+01
1.188034723790215530e+01
1.188033997510498807e+01
1.188032435630086603e+01
1.188030357836133355e+01
1.188027826630822759e+01
1.188025531703580917e+01
1.188024415983388238e+01
1.188024582748397684e+01
1.188025606654883504e+01
1.188027457370593076e+01
1.188030062814523191e+01
1.188032559512490494e+01
1.188034041868328217e+01
1.188034465877133705e+01
1.188034015613217598e+01
1.188032457350934301e+01
1.188029916023738508e+01
1.188027354988108897e+01
1.188025557461461190e+01
1.188024545544655552e+01
1.188024421449012102e+01
1.188025628384497878e+01
1.188027963153327704e+01
1.188030456550744951e+01
1.188032508624355721e+01
1.188034068842642554e+01
1.188034736333016461e+01
1.188033932780709279e+01
1.188031940548168919e+01
1.188029633381282402e+01
1.188027397569033283e+01
1.188025364768823522e+01
1.188024211117025608e+01
1.188024567604268888e+01
1.188026098471510750e+01
1.188028119937976079e+01
1.188030457684600094e+01
1.188032855034784951e+01
1.188034418371958267e+01
1.188034541195533933e+01
1.188033563652456515e+01
1.188031905191031967e+01
1.188029558156085486e+01
1.188026929589593195e+01
1.188025045054167173e+01
1.188024426190444949e+01
1.188024792777705763e+01
1.188026033942411530e+01
1.188028288220784034e+01
1.188030998924558013e+01
1.188033110878367538e+01
1.188034222389812911e+01
1.188034485559488651e+01
1.188033694260949069e+01
1.188031640797196609e+01
1.188029001572676080e+01
1.188026756159684538e+01
1.188025179468188774e+01
1.188024307683960146e+01
1.188024635712262445e+01
1.188026379515762976e+01
1.188028800678112340e+01
1.188031088886244291e+01
1.188033076473958083e+01
1.188034498152674523e+01
1.188034630988294893e+01
1.188033299295967993e+01
1.188031225219669729e+01
1.188028979892312442e+01
1.188026663036883690e+01
1.188024782264599821e+01
1.188024203695688286e+01
1.188025035364489845e+01
1.188026659369994142e+01
1.188028781637657261e+01
1.188031320590600970e+01
1.188033545744405117e+01
1.188034544444925444e+01
1.188034277763342317e+01
1.188033175227775473e+01
1.188031251010006706e+01
1.188028617965178846e+01
1.188026177390138827e+01
1.188024793747813312e+01
1.188024460607410759e+01
1.188025004418096131e+01
1.188026660321543915e+01
1.188029245844807313e+01
1.188031768809623756e+01
1.188033492233802413e+01
1.188034424660723332e+01
1.188034443327134859e+01
1.188033121315537244e+01
1.188030728944383974e+01
1.188028251526818480e+01
1.188026244640498774e+01
1.188024751121623979e+01
1.188024196530204968e+01
1.188025124692792645e+01
1.188027185038421507e+01
1.188029501580798275e+01
1.188031723054335131e+01
1.188033702632876576e+01
1.188034741762655955e+01
1.188034259377250734e+01
1.188032652236870668e+01
1.188030594272704654e+01
1.188028240429623850e+01
1.188025882424506463e+01
1.188024428461041815e+01
1.188024424930582512e+01
1.188025484991427660e+01
1.188027207073343305e+01
1.188029597961980954e+01
1.188032201450140057e+01
1.188033989070440732e+01
1.188034501974347279e+01
1.188034048261551945e+01
1.188032718539172095e+01
1.188030397043925035e+01
1.188027696513450593e+01
1.188025662023938622e+01
1.188024637928310590e+01
1.188024464843379135e+01
1.188025365376335962e+01
1.188027503748634395e+01
1.188030148669012576e+01
1.188032342136883912e+01
1.188033853235897652e+01
1.188034633967616038e+01
1.188034182284639151e+01
1.188032341991267238e+01
1.188029898142943885e+01
1.188027632008479273e+01
1.188025686695909400e+01
1.188024354495000345e+01
1.188024352044075194e+01
1.188025785744591900e+01
1.188027900548823190e+01
1.188030155897113538e+01
1.188032453521393705e+01
1.188034249735330761e+01
1.188034699724451038e+01
1.188033765844469691e+01
1.188032082586377491e+01
1.188029918454470035e+01
1.188027377203713186e+01
1.188025227648275362e+01
1.188024347195178265e+01
1.188024711891010021e+01
1.188025891824981350e+01
1.188027887034373720e+01
1.188030541456703482e+01
1.188032920068415876e+01
1.188034203515106846e+01
1.188034446053348248e+01
1.188033808434774485e+01
1.188032057358819316e+01
1.188029434117986760e+01
1.188026954721192219e+01
1.188025307231206362e+01
1.188024455749811992e+01
1.188024544139563510e+01
1.188025978778579272e+01
1.188028422483423086e+01
1.188030879190136702e+01
1.188032838538503277e+01
1.188034262147488285e+01
1.188034701238908042e+01
1.188033650762541704e+01
1.188031527787143382e+01
1.188029205709868030e+01
1.188027001517821724e+01
1.188025079898675251e+01
1.188024158598755875e+01
1.188024764867715177e+01
1.188026444030604445e+01
1.188028535702113686e+01
1.188030901985055721e+01
1.188033214710467966e+01
1.188034555711062268e+01
1.188034441363214988e+01
1.188033301426803234e+01
1.188031517587799790e+01
1.188029087115415727e+01
1.188026515355367430e+01
1.188024828311506909e+01
1.188024420759956712e+01
1.188024960773980965e+01
1.188026378055115906e+01
1.188028761950669576e+01
1.188031445500353911e+01
1.188033399052294570e+01
1.188034335189950852e+01
1.188034417184863045e+01
1.188033407797119878e+01
1.188031189532536125e+01
1.188028545356723420e+01
1.188026407083368063e+01
1.188024963374701315e+01
1.188024276419221792e+01
1.188024851856248176e+01
1.188026783703406863e+01
1.188029244697058395e+01
1.188031485772432916e+01
1.188033385591267432e+01
1.188034624221666036e+01
1.188034495894626197e+01
1.188032964527058155e+01
1.188030813314444600e+01
1.188028550762671820e+01
1.188026276863089592e+01
1.188024570313823425e+01
1.188024249533238219e+01
1.188025282235419233e+01
1.188027021940395755e+01
1.188029225199713856e+01
1.188031763116754291e+01
1.188033831500413307e+01
1.188034592836584480e+01
1.188034132101890350e+01
1.188032876071820354e+01
1.188030812611089537e+01
1.188028143150908633e+01
1.188025832149569716e+01
1.188024650082957656e+01
1.188024497800176782e+01
1.188025229421472062e+01
1.188027072864433897e+01
1.188029727188441775e+01
1.188032157791857557e+01
1.188033727681099094e+01
1.188034496748105973e+01
1.188034299910503755e+01
1.188032755441069455e+01
1.188030266747638919e+01
1.188027835335024385e+01
1.188025925781181158e+01
1.188024575287534823e+01
1.188024254070034225e+01
1.188025424154530896e+01
1.188027604206657983e+01
1.188029928140884550e+01
1.188032112028964704e+01
1.188033970934939809e+01
1.188034771465309980e+01
1.188034043642272586e+01
1.188032296731527637e+01
1.188030174155132812e+01
1.188027799200825640e+01
1.188025537677825483e+01
1.188024312910025948e+01
1.188024543395448340e+01
1.188025760556420174e+01
1.188027604241153590e+01
1.188030069761791019e+01
1.188032603195733294e+01
1.188034186380417978e+01
1.188034489348499889e+01
1.188033863888327879e+01
1.188032360268715237e+01
1.188029919016313229e+01
1.188027259195525609e+01
1.188025389780253604e+01
1.188024541989786798e+01
1.188024552065714978e+01
1.188025669658878414e+01
1.188027962477406163e+01
1.188030599590050151e+01
1.188032679654744506e+01
1.188034054152664432e+01
1.188034644723379074e+01
1.188033945813135617e+01
1.188031927562109225e+01
1.188029454892364356e+01
1.188027241764590869e+01
1.188025390670072134e+01
1.188024249593367898e+01
1.188024508695342973e+01
1.188026133138745699e+01
1.188028316554490971e+01
1.188030583480818692e+01
1.188032829020185943e+01
1.188034441030935540e+01
1.188034632372847632e+01
1.188033504353479231e+01
1.188031711014897240e+01
1.188029471495113221e+01
1.188026942637755212e+01
1.188024960803852004e+01
1.188024319088557768e+01
1.188024873763222722e+01
1.188026204591435686e+01
1.188028333307379469e+01
1.188031011311912977e+01
1.188033249353712506e+01
1.188034329115551735e+01
1.188034391507534338e+01
1.188033565853742246e+01
1.188031633150614574e+01
1.188028954459337783e+01
1.188026577674815520e+01
1.188025086855654422e+01
1.188024401643593464e+01
1.188024708153975162e+01
1.188026359264181764e+01
1.188028886518571348e+01
1.188031288293010235e+01
1.188033145823668590e+01
1.188034419986774992e+01
1.188034621284883308e+01
1.188033334633123594e+01
1.188031103086377982e+01
1.188028780891973568e+01
1.188026620347467066e+01
1.188024828896789842e+01
1.188024151769571901e+01
1.188024998444524805e+01
1.188026808820088043e+01
1.188028959555174779e+01
1.188031339223688754e+01
1.188033543663942915e+01
1.188034649330268167e+01
1.188034304677353958e+01
1.188033012956823065e+01
1.188031111460304956e+01
1.188028615603583837e+01
1.188026127037140434e+01
1.188024650667702353e+01
1.188024451284468341e+01
1.188025161335252378e+01
1.188026749892022593e+01
1.188029243158934456e+01
1.188031872627168539e+01
1.188033655026821833e+01
1.188034414135483274e+01
1.188034311087096562e+01
1.188033086256794846e+01
1.188030724439059860e+01
1.188028100615606775e+01
1.188026081574524007e+01
1.188024778050580466e+01
1.188024286399397056e+01
1.188025108138819341e+01
1.188027207369434812e+01
1.188029686397416995e+01
1.188031868794467805e+01
1.188033667844000618e+01
1.188034707583497962e+01
1.188034318116059929e+01
1.188032605338227299e+01
1.188030393874899282e+01
1.188028125422568770e+01
1.188025912937797024e+01
1.188024400160512783e+01
1.188024338082929354e+01
1.188025557750946781e+01
1.188027401983189790e+01
1.188029674741931530e+01
1.188032188674506529e+01
1.188034078882197520e+01
1.188034600805440633e+01
1.188033954340893317e+01
1.188032550101243778e+01
1.188030359353319199e+01
1.188027679376131474e+01
1.188025519413212372e+01
1.188024542592559740e+01
1.188024569670796105e+01
1.188025489294594372e+01
1.188027507805320049e+01
1.188030204056249239e+01
1.188032522293629434e+01
1.188033932706446905e+01
1.188034532624232220e+01
1.188034115483443109e+01
1.188032361247856450e+01
1.188029801894644777e+01
1.188027433940167654e+01
1.188025630577463687e+01
1.188024435945153989e+01
1.188024356345951205e+01
1.188025756131263577e+01
1.188028033578993536e+01
1.188030350592760520e+01
1.188032484657029819e+01
1.188034203943651512e+01
1.188034755427353950e+01
1.188033792880069583e+01
1.188031923325045369e+01
1.188029747195910524e+01
1.188027366876325530e+01
1.188025225350004810e+01
1.188024241304547601e+01
1.188024697860031331e+01
1.188026061494772101e+01
1.188028018692029519e+01
1.188030539919781425e+01
1.188032977194901108e+01
1.188034344173075141e+01
1.188034441098099414e+01
1.188033647355742772e+01
1.188031975497125003e+01
1.188029435755439245e+01
1.188026843161723178e+01
1.188025150372646621e+01
1.188024480151480766e+01
1.188024677039893540e+01
1.188026007838703002e+01
1.188028432820816249e+01
1.188031037304506654e+01
1.188032992720695447e+01
1.188034223477704288e+01
1.188034613831804442e+01
1.188033670288120902e+01
1.188031495673644500e+01
1.188029015509713560e+01
1.188026866533744830e+01
1.188025122861241201e+01
1.188024188096095912e+01
1.188024707108839095e+01
1.188026503282697810e+01
1.188028738773357595e+01
1.188031005862283607e+01
1.188033180485925300e+01
1.188034589618537851e+01
1.188034522984445474e+01
1.188033215419541477e+01
1.188031323045938414e+01
1.188029020201872221e+01
1.188026527124254272e+01
1.188024733382704312e+01
1.188024331063374817e+01
1.188025067082241470e+01
1.188026543336160579e+01
1.188028792620805518e+01
1.188031467904446892e+01
1.188033545001810332e+01
1.188034418471812792e+01
1.188034302360286532e+01
1.188033289019837291e+01
1.188031188440393926e+01
1.188028481475607379e+01
1.188026226289180798e+01
1.188024897435827576e+01
1.188024384228977937e+01
1.188024912755016516e+01
1.188026766217054409e+01
1.188029351189436689e+01
1.188031681385553995e+01
1.188033428437903183e+01
1.188034540365421243e+01
1.188034496842250398e+01
1.188032987658156436e+01
1.188030669899041314e+01
1.188028361423857504e+01
1.188026256997027197e+01
1.188024614543937751e+01
1.188024190603267449e+01
1.188025265701170419e+01
1.188027190184900306e+01
1.188029388976855927e+01
1.188031765696966247e+01
1.188033838581919532e+01
1.188034698897429564e+01
1.188034132895296224e+01
1.188032700002806408e+01
1.188030689349037239e+01
1.188028147872207363e+01
1.188025768212464506e+01
1.188024512857787940e+01
1.188024517066782870e+01
1.188025393607177449e+01
1.188027146919461430e+01
1.188029727331000629e+01
1.188032276713339641e+01
1.188033877601657728e+01
1.188034458764282064e+01
1.188034167277437980e+01
1.188032732102952593e+01
1.188030249968083218e+01
1.188027670747797160e+01
1.188025781359582034e+01
1.188024625117995470e+01
1.188024338336838959e+01
1.188025402276231191e+01
1.188027646458705711e+01
1.188030122722085480e+01
1.188032235662742231e+01
1.188033920551494127e+01
1.188034746952910226e+01
1.188034099607390282e+01
1.188032225086130289e+01
1.188029969530461827e+01
1.188027706718946597e+01
1.188025574804390061e+01
1.188024273506833062e+01
1.188024467896515368e+01
1.188025859492054259e+01
1.188027797326232893e+01
1.188030126924860141e+01
1.188032593128500913e+01
1.188034285906918264e+01
1.188034569112143757e+01
1.188033745809114805e+01
1.188032199043840720e+01
1.188029894937377939e+01
1.188027231051601973e+01
1.188025241343672000e+01
1.188024471361035772e+01
1.188024676034396165e+01
1.188025782715905798e+01
1.188027961280257117e+01
1.188030672088431317e+01
1.188032860032159910e+01
1.188034106274560919e+01
1.188034531375686242e+01
1.188033891003595244e+01
1.188031942511473282e+01
1.188029338393551804e+01
1.188027049721077155e+01
1.188025361048982909e+01
1.188024334970775620e+01
1.188024502736927523e+01
1.188026117218797140e+01
1.188028469743206195e+01
1.188030766463203491e+01
1.188032837988180646e+01
1.188034399024199494e+01
1.188034693930897667e+01
1.188033509841630320e+01
1.188031534664681033e+01
1.188029315965989419e+01
1.188026947193034566e+01
1.188024948588295260e+01
1.188024213738455437e+01
1.188024886473807840e+01
1.188026386009125979e+01
1.188028447767412921e+01
1.188031004141469893e+01
1.188033320042498708e+01
1.188034461913123607e+01
1.188034357991991286e+01
1.188033399606533358e+01
1.188031566930557226e+01
1.188028951818406576e+01
1.188026451841704301e+01
1.188024944856369203e+01
1.188024452819276888e+01
1.188024839613248673e+01
1.188026377244855780e+01
1.188028910291612128e+01
1.188031458546062780e+01
1.188033279689990529e+01
1.188034359638377779e+01
1.188034540768879843e+01
1.188033358215668756e+01
1.188031050409589007e+01
1.188028582966973090e+01
1.188026508589132924e+01
1.188024885898664351e+01
1.188024171065163870e+01
1.188024945114868203e+01
1.188026892794471046e+01
1.188029164599924670e+01
1.188031420151797413e+01
1.188033504435181165e+01
1.188034694035461847e+01
1.188034373197274896e+01
1.188032901491474291e+01
1.188030920896201792e+01
1.188028568005093355e+01
1.188026134727079430e+01
1.188024547133618292e+01
1.188024382207640528e+01
1.188025290475281359e+01
1.188026906217560175e+01
1.188029261151049454e+01
1.188031906904138779e+01
1.188033805055670555e+01
1.188034471606552778e+01
1.188034178863596857e+01
1.188032979430165170e+01
1.188030727230439965e+01
1.188028019444095129e+01
1.188025902690183955e+01
1.188024739944584418e+01
1.188024404322135474e+01
1.188025156762095769e+01
1.188027195724261986e+01
1.188029812560103871e+01
1.188032056181761753e+01
1.188033684385510824e+01
1.188034621536477431e+01
1.188034328782151405e+01
1.188032613366530121e+01
1.188030231588969166e+01
1.188027949758301816e+01
1.188025914422204465e+01
1.188024439316200898e+01
1.188024274563862548e+01
1.188025563781921434e+01
1.188027585488102211e+01
1.188029821343829084e+01
1.188032177645335352e+01
1.188034096495495184e+01
1.188034704553079024e+01
1.188033927951476443e+01
1.188032364400341123e+01
1.188030254030745070e+01
1.188027688244731372e+01
1.188025442102751050e+01
1.188024415222693264e+01
1.188024617271546646e+01
1.188025656553491416e+01
1.188027566261552259e+01
1.188030209883349642e+01
1.188032654499303042e+01
1.188034065861509880e+01
1.188034468726873705e+01
1.188033986056838920e+01
1.188032348209219613e+01
1.188029770626665105e+01
1.188027258882207526e+01
1.188025508005782171e+01
1.188024506094734534e+01
1.188024432559057608e+01
1.188025731548437669e+01
1.188028096873329531e+01
1.188030550785673434e+01
1.188032584119286206e+01
1.188034141145861433e+01
1.188034741498339031e+01
1.188033842743609192e+01
1.188031827166955523e+01
1.188029542863610111e+01
1.188027297582554631e+01
1.188025265872778213e+01
1.188024191570195320e+01
1.188024637156728680e+01
1.188026184986546596e+01
1.188028205705167117e+01
1.188030578233381007e+01
1.188032972501602202e+01
1.188034451062901020e+01
1.188034498811116890e+01
1.188033507921747045e+01
1.188031824858529006e+01
1.188029423300421428e+01
1.188026802411315508e+01
1.188024999691699435e+01
1.188024436265415318e+01
1.188024816568177044e+01
1.188026108009639614e+01
1.188028429161512989e+01
1.188031127103633189e+01
1.188033169036996739e+01
1.188034247472621985e+01
1.188034492291028421e+01
1.188033627875947928e+01
1.188031503268130429e+01
1.188028880097331630e+01
1.188026684873507399e+01
1.188025119165701149e+01
1.188024273971076994e+01
1.188024692122543335e+01
1.188026503778060494e+01
1.188028909390017596e+01
1.188031173317362565e+01
1.188033169068385142e+01
1.188034553871078813e+01
1.188034587762730787e+01
1.188033197475052027e+01
1.188031133374691528e+01
1.188028883142616010e+01
1.188026543922056000e+01
1.188024710171134224e+01
1.188024229842026003e+01
1.188025107227679200e+01
1.188026732223531035e+01
1.188028888573285258e+01
1.188031458089085923e+01
1.188033628710685363e+01
1.188034539448200455e+01
1.188034240927597729e+01
1.188033121775190359e+01
1.188031137611197430e+01
1.188028471798955188e+01
1.188026088317373130e+01
1.188024774012560592e+01
1.188024460285569717e+01
1.188025039329506249e+01
1.188026774807860342e+01
1.188029390379009698e+01
1.188031860327064848e+01
1.188033539069228439e+01
1.188034461177589662e+01
1.188034425410647721e+01
1.188033012520893728e+01
1.188030595867881090e+01
1.188028160061786842e+01
1.188026170174793528e+01
1.188024682278411248e+01
1.188024199095161038e+01
1.188025220144114869e+01
1.188027298274066190e+01
1.188029591473063817e+01
1.188031823380525864e+01
1.188033797545079473e+01
1.188034753313873537e+01
1.188034184997277976e+01
1.188032565058838586e+01
1.188030506880536308e+01
1.188028118498185748e+01
1.188025769321276215e+01
1.188024403329066203e+01
1.188024471334078846e+01
1.188025542485416430e+01
1.188027291156137899e+01
1.188029734858166542e+01
1.188032324187891042e+01
1.188034027970421036e+01
1.188034488736957783e+01
1.188034021414773633e+01
1.188032638941401054e+01
1.188030253760786970e+01
1.188027572437026436e+01
1.188025608694983681e+01
1.188024615237115711e+01
1.188024462521659785e+01
1.188025438545454193e+01
1.188027643641375519e+01
1.188030266869949969e+01
1.188032410573252839e+01
1.188033911725098335e+01
1.188034662043816247e+01
1.188034118472375233e+01
1.188032215493125676e+01
1.188029791405023516e+01
1.188027548314852666e+01
1.188025595567968296e+01
1.188024305336660369e+01
1.188024402618210829e+01
1.188025889658865886e+01
1.188027992119299725e+01
1.188030253924132573e+01
1.188032571298087525e+01
1.188034314827460491e+01
1.188034666890287383e+01
1.188033691920996127e+01
1.188032008067705192e+01
1.188029808515346275e+01
1.188027241058382444e+01
1.188025151532906065e+01
1.188024357733029213e+01
1.188024750943300845e+01
1.188025948936275356e+01
1.188028004714627173e+01
1.188030686228411525e+01
1.188033003086859196e+01
1.188034219153737858e+01
1.188034443789207728e+01
1.188033768043116289e+01
1.188031937833479112e+01
1.188029290913356562e+01
1.188026867861909075e+01
1.188025262936722370e+01
1.188024422370739686e+01
1.188024568979756701e+01
1.188026092835670511e+01
1.188028554528862912e+01
1.188030967878372834e+01
1.188032911933715674e+01
1.188034327213443220e+01
1.188034690867356602e+01
1.188033550277157424e+01
1.188031414974508948e+01
1.188029116415828490e+01
1.188026901017158465e+01
1.188024989364985196e+01
1.188024155065471099e+01
1.188024843720466706e+01
1.188026531732550417e+01
1.188028624751700768e+01
1.188031025003635222e+01
1.188033323035599942e+01
1.188034573317669818e+01
1.188034391213314223e+01
1.188033242176968152e+01
1.188031429748070344e+01
1.188028948574067734e+01
1.188026397452873972e+01
1.188024795797647748e+01
1.188024437000633782e+01
1.188024990795769931e+01
1.188026463136805866e+01
1.188028907111058174e+01
1.188031565150682489e+01
1.188033447641480045e+01
1.188034355501588379e+01
1.188034414892225854e+01
1.188033327954390650e+01
1.188031047755384506e+01
1.188028430665223922e+01
1.188026341421767818e+01
1.188024906837314276e+01
1.188024254241113375e+01
1.188024922890927648e+01
1.188026911993156354e+01
1.188029349335518603e+01
1.188031568748741584e+01
1.188033474970037240e+01
1.188034666554356100e+01
1.188034438197077236e+01
1.188032858875913256e+01
1.188030722050507748e+01
1.188028451513087980e+01
1.188026160821402399e+01
1.188024512464091842e+01
1.188024288805963735e+01
1.188025357988926700e+01
1.188027098174582008e+01
1.188029337986419343e+01
1.188031897441242180e+01
1.188033900585297964e+01
1.188034576982465929e+01
1.188034090915002672e+01
1.188032815207737869e+01
1.188030690898793651e+01
1.188028000262061212e+01
1.188025755297818975e+01
1.188024638371673447e+01
1.188024502724153564e+01
1.188025275403149372e+01
1.188027197090410425e+01
1.188029868612256124e+01
1.188032239951053093e+01
1.188033769501290848e+01
1.188034526779302169e+01
1.188034268059198340e+01
1.188032636507411155e+01
1.188030136106227808e+01
1.188027749416363754e+01
1.188025853507762797e+01
1.188024514320645864e+01
1.188024272291960060e+01
1.188025529273424397e+01
1.188027716342940998e+01
1.188030016868721184e+01
1.188032212514188224e+01
1.188034056707899389e+01
1.188034766993870228e+01
1.188033960673350364e+01
1.188032208631091002e+01
1.188030083423364225e+01
1.188027675407264816e+01
1.188025434533442137e+01
1.188024302761822781e+01
1.188024597017712658e+01
1.188025821572692564e+01
1.188027695823725871e+01
1.188030209531229708e+01
1.188032715897069380e+01
1.188034212607947993e+01
1.188034470250390662e+01
1.188033830573631633e+01
1.188032269775434280e+01
1.188029772452965460e+01
1.188027144272929370e+01
1.188025345823261070e+01
1.188024524057653508e+01
1.188024559176788308e+01
1.188025756028973490e+01
1.188028105653478050e+01
1.188030710568753179e+01
1.188032742616466031e+01
1.188034108582716897e+01
1.188034660763120698e+01
1.188033867764656826e+01
1.188031797920276489e+01
1.188029352461910726e+01
1.188027159489329243e+01
1.188025303335832916e+01
1.188024214331539596e+01
1.188024573257730232e+01
1.188026240180798787e+01
1.188028407498014616e+01
1.188030683875474480e+01
1.188032942922801816e+01
1.188034491432827622e+01
1.188034586927029324e+01
1.188033426986364027e+01
1.188031633015989108e+01
1.188029356036362749e+01
1.188026810603220085e+01
1.188024898899172399e+01
1.188024340017792646e+01
1.188024917020144322e+01
1.188026269296437043e+01
1.188028458769738371e+01
1.188031151840080391e+01
1.188033319959980005e+01
1.188034337064147472e+01
1.188034383840077624e+01
1.188033514194759732e+01
1.188031504582984788e+01
1.188028815255708359e+01
1.188026500235299032e+01
1.188025047446654447e+01
1.188024375180733649e+01
1.188024747076101129e+01
1.188026482662683492e+01
1.188029015406714350e+01
1.188031371464481012e+01
1.188033216903128064e+01
1.188034476538528850e+01
1.188034595203702182e+01
1.188033225289417238e+01
1.188030991863365848e+01
1.188028692695996469e+01
1.188026520082886428e+01
1.188024748260747820e+01
1.188024164196690435e+01
1.188025085165149619e+01
1.188026897216662903e+01
1.188029051982768358e+01
1.188031463456711734e+01
1.188033641249374206e+01
1.188034652116740020e+01
1.188034247848598390e+01
1.188032950157080947e+01
1.188031016167626497e+01
1.188028475035886977e+01
1.188026019882691742e+01
1.188024630600669518e+01
1.188024473102655243e+01
1.188025198068737431e+01
1.188026845693106992e+01
1.188029390639252014e+01
1.188031982553872012e+01
1.188033694469000778e+01
1.188034429671584391e+01
1.188034298966496216e+01
1.188032993534457660e+01
1.188030580349783527e+01
1.188027993531207649e+01
1.188026021232410834e+01
1.188024725897564693e+01
1.188024276724717510e+01
1.188025192956181719e+01
1.188027337929990956e+01
1.188029786537145860e+01
1.188031950370461232e+01
1.188033752827144696e+01
1.188034735560796662e+01
1.188034246969536234e+01
1.188032497239440133e+01
1.188030303257695586e+01
1.188028023974168512e+01
1.188025801584660179e+01
1.188024357383150864e+01
1.188024389412385062e+01
1.188025636532561791e+01
1.188027481800303775e+01
1.188029792667358109e+01
1.188032317954794159e+01
1.188034133493665578e+01
1.188034575045894670e+01
1.188033909065615568e+01
1.188032481480712299e+01
1.188030230444106472e+01
1.188027541678692245e+01
1.188025455102797245e+01
1.188024538238124528e+01
1.188024580180559475e+01
1.188025546697755885e+01
1.188027640326282963e+01
1.188030340621691749e+01
1.188032595018014881e+01
1.188033969752041941e+01
1.188034555297580752e+01
1.188034069461890674e+01
1.188032233809637717e+01
1.188029675092045601e+01
1.188027353481335346e+01
1.188025560775957779e+01
1.188024384125222355e+01
1.188024390260155627e+01
1.188025869276681057e+01
1.188028143678070769e+01
1.188030438290710933e+01
1.188032584472696662e+01
1.188034279084922495e+01
1.188034735126968044e+01
1.188033702769921263e+01
1.188031834722168867e+01
1.188029653068651648e+01
1.188027242554226781e+01
1.188025133685413870e+01
1.188024245750681551e+01
1.188024757633185402e+01
1.188026126110871594e+01
1.188028117637386849e+01
1.188030680839743169e+01
1.188033078489392835e+01
1.188034358224104636e+01
1.188034416682702776e+01
1.188033607082085119e+01
1.188031874517706044e+01
1.188029287849221127e+01
1.188026738474926525e+01
1.188025115313179114e+01
1.188024467041858756e+01
1.188024694355824096e+01
1.188026106701933493e+01
1.188028577338465475e+01
1.188031140344566339e+01
1.188033050518377465e+01
1.188034273170056210e+01
1.188034616939775034e+01
1.188033578972610549e+01
1.188031364619420494e+01
1.188028917727388034e+01
1.188026785661508988e+01
1.188025040546373035e+01
1.188024167592150704e+01
1.188024784528581179e+01
1.188026612119685943e+01
1.188028829072588621e+01
1.188031108248278933e+01
1.188033288878269467e+01
1.188034624631529823e+01
1.188034466072115336e+01
1.188033135408249663e+01
1.188031241360960522e+01
1.188028900034430002e+01
1.188026401059739712e+01
1.188024686145779896e+01
1.188024361396741035e+01
1.188025114342691957e+01
1.188026615935599750e+01
1.188028924643183792e+01
1.188031602318292457e+01
1.188033602997068705e+01
1.188034419392179508e+01
1.188034288902939650e+01
1.188033225830171169e+01
1.188031052371580998e+01
1.188028347951008712e+01
1.188026158254304221e+01
1.188024862712516239e+01
1.188024365573734187e+01
1.188024965873250416e+01
1.188026897249585723e+01
1.188029475601613427e+01
1.188031759176403135e+01
1.188033496856562721e+01
1.188034587148124999e+01
1.188034455155252367e+01
1.188032871137798097e+01
1.188030561117750494e+01
1.188028274190136813e+01
1.188026157873595245e+01
1.188024545244601882e+01
1.188024218658371112e+01
1.188025358836824452e+01
1.188027278926662156e+01
1.188029484791711532e+01
1.188031889738652680e+01
1.188033923993022789e+01
1.188034687373509080e+01
1.188034070429015721e+01
1.188032633533764226e+01
1.188030586828158697e+01
1.188028007055336488e+01
1.188025673067330779e+01
1.188024504654871549e+01
1.188024543968508695e+01
1.188025437546153640e+01
1.188027252914475618e+01
1.188029875167345395e+01
1.188032375950929520e+01
1.188033908415106410e+01
1.188034469401802085e+01
1.188034144597307851e+01
1.188032627337042335e+01
1.188030105503004563e+01
1.188027571879854349e+01
1.188025726028808648e+01
1.188024578083597227e+01
1.188024341978672282e+01
1.188025499784959749e+01
1.188027777593975820e+01
1.188030218103396507e+01
1.188032315808857220e+01
1.188033999874895130e+01
1.188034759828577336e+01
1.188034016242986013e+01
1.188032115815689949e+01
1.188029879535013045e+01
1.188027603526391118e+01
1.188025469786793664e+01
1.188024246366261139e+01
1.188024530071652229e+01
1.188025940568297045e+01
1.188027880927823965e+01
1.188030249080437351e+01
1.188032715527381811e+01
1.188034325723409523e+01
1.188034534460549629e+01
1.188033696585623389e+01
1.188032122418118419e+01
1.188029760154484826e+01
1.188027100362306676e+01
1.188025189654691438e+01
1.188024473714954610e+01
1.188024692558212969e+01
1.188025851709469016e+01
1.188028100466740256e+01
1.188030802195884483e+01
1.188032923422892218e+01
1.188034138699763886e+01
1.188034545788282692e+01
1.188033830822868353e+01
1.188031808339113127e+01
1.188029216657828790e+01
1.188026974543657666e+01
1.188025294131249687e+01
1.188024293526906128e+01
1.188024552099792430e+01
1.188026236679371905e+01
1.188028577040044631e+01
1.188030853260714181e+01
1.188032936155735797e+01
1.188034462158053017e+01
1.188034658269975985e+01
1.188033414038505953e+01
1.188031445840467981e+01
1.188029218487305094e+01
1.188026823813820165e+01
1.188024869742696232e+01
1.188024232154795179e+01
1.188024951390578288e+01
1.188026454380372954e+01
1.188028553758915784e+01
1.188031144390039273e+01
1.188033408784130707e+01
1.188034464449430949e+01
1.188034328700025100e+01
1.188033351885146871e+01
1.188031456107688832e+01
1.188028804548635264e+01
1.188026358236684921e+01
1.188024918140908959e+01
1.188024444714577754e+01
1.188024867816056940e+01
1.188026487639795015e+01
1.188029054231074788e+01
1.188031553144137220e+01
1.188033332621900051e+01
1.188034403807428951e+01
1.188034530222316931e+01
1.188033254840757280e+01
1.188030919594398860e+01
1.188028490015530281e+01
1.188026429199995171e+01
1.188024809897808787e+01
1.188024165943817501e+01
1.188025034069407049e+01
1.188027002213568828e+01
1.188029254315391903e+01
1.188031523994149019e+01
1.188033605669628834e+01
1.188034713232448958e+01
1.188034306085891956e+01
1.188032819500922876e+01
1.188030835335598745e+01
1.188028444133710515e+01
1.188026016436572796e+01
1.188024514750767757e+01
1.188024420915119173e+01
1.188025341658225997e+01
1.188026986900592519e+01
1.188029398314691321e+01
1.188032033451082903e+01
1.188033850474851860e+01
1.188034466126673117e+01
1.188034159151644076e+01
1.188032904641224263e+01
1.188030585369898162e+01
1.188027893111612876e+01
1.188025843878985199e+01
1.188024709802813206e+01
1.188024394380443027e+01
1.188025223936983643e+01
1.188027332568019467e+01
1.188029931363203140e+01
1.188032128805102872e+01
1.188033749664446326e+01
1.188034657356425328e+01
1.188034271872533765e+01
1.188032491399880897e+01
1.188030125926548308e+01
1.188027863371392634e+01
1.188025817488386338e+01
1.188024382655943434e+01
1.188024317646375394e+01
1.188025661898590357e+01
1.188027674358927399e+01
1.188029920442550491e+01
1.188032299966091543e+01
1.188034168496553278e+01
1.188034679450857034e+01
1.188033860814145903e+01
1.188032294076770157e+01
1.188030144693836121e+01
1.188027549035321506e+01
1.188025359992042418e+01
1.188024418151447748e+01
1.188024648872493216e+01
1.188025708173339012e+01
1.188027681690661552e+01
1.188030356092342110e+01
1.188032742323034796e+01
1.188034088626628915e+01
1.188034474225100290e+01
1.188033952193243259e+01
1.188032232483151773e+01
1.188029627678046296e+01
1.188027168629643171e+01
1.188025457405469432e+01
1.188024465010755293e+01
1.188024450141966604e+01
1.188025840431633462e+01
1.188028226985385061e+01
1.188030641297726930e+01
1.188032662700354791e+01
1.188034213492674951e+01
1.188034738774486776e+01
1.188033748566466308e+01
1.188031717868812720e+01
1.188029453400720570e+01
1.188027193262698411e+01
1.188025168828423794e+01
1.188024180353886017e+01
1.188024708863783729e+01
1.188026267762592880e+01
1.188028293260930290e+01
1.188030703520911757e+01
1.188033086259117077e+01
1.188034476031999809e+01
1.188034456305166486e+01
1.188033454774206099e+01
1.188031740105203227e+01
1.188029284152044873e+01
1.188026680408620095e+01
1.188024960478667857e+01
1.188024444727333417e+01
1.188024839601003180e+01
1.188026188556658980e+01
1.188028573233446750e+01
1.188031249333557327e+01
1.188033223348085876e+01
1.188034275328117495e+01
1.188034497542326307e+01
1.188033553806146436e+01
1.188031364226159425e+01
1.188028764462798215e+01
1.188026614737536413e+01
1.188025055677423580e+01
1.188024244051574385e+01
1.188024756412636052e+01
1.188026627815344938e+01
1.188029013294913483e+01
1.188031259308602472e+01
1.188033264474045758e+01
1.188034603777732201e+01
1.188034537469506446e+01
1.188033097389638115e+01
1.188031044483943965e+01
1.188028782480972545e+01
1.188026423065515935e+01
1.188024645268985680e+01
1.188024261395916525e+01
1.188025176368627278e+01
1.188026804558176508e+01
1.188029001100681370e+01
1.188031595785417593e+01
1.188033703999614055e+01
1.188034531264437987e+01
1.188034207084686322e+01
1.188033066152197392e+01
1.188031017821175261e+01
1.188028327141679341e+01
1.188026006396536971e+01
1.188024755042521896e+01
1.188024457482887364e+01
1.188025078976454552e+01
1.188026895533805849e+01
1.188029531886077983e+01
1.188031946185915544e+01
1.188033587392114221e+01
1.188034498951051532e+01
1.188034400690190573e+01
1.188032898505354140e+01
1.188030466827770937e+01
1.188028071985523226e+01
1.188026092463377026e+01
1.188024613921666983e+01
1.188024209722788527e+01
1.188025319155504533e+01
1.188027407204929098e+01
1.188029680715256653e+01
1.188031927980197366e+01
1.188033890004318316e+01
1.188034756548197990e+01
1.188034109037049113e+01
1.188032481612808944e+01
1.188030417302160835e+01
1.188027992111255848e+01
1.188025660509825165e+01
1.188024385721038101e+01
1.188024517379416167e+01
1.188025597620194240e+01
1.188027379971706310e+01
1.188029875572665617e+01
1.188032441272646800e+01
1.188034061064331048e+01
1.188034477423335034e+01
1.188033994929391568e+01
1.188032552700172495e+01
1.188030107949608194e+01
1.188027454616043244e+01
1.188025558787695068e+01
1.188024589682638954e+01
1.188024462179632756e+01
1.188025519375020522e+01
1.188027784401266373e+01
1.188030379131025427e+01
1.188032478288082849e+01
1.188033973253232034e+01
1.188034685807599899e+01
1.188034046997664106e+01
1.188032089816121051e+01
1.188029689364627650e+01
1.188027462709108839e+01
1.188025501997640454e+01
1.188024262443503787e+01
1.188024459877891204e+01
1.188025991377968893e+01
1.188028081020958382e+01
1.188030356068334292e+01
1.188032690276611447e+01
1.188034372411879858e+01
1.188034629135285059e+01
1.188033620979548743e+01
1.188031933665216577e+01
1.188029692972789242e+01
1.188027105350715118e+01
1.188025083227404366e+01
1.188024370945667840e+01
1.188024786978023606e+01
1.188026008660896515e+01
1.188028128587050425e+01
1.188030828852640042e+01
1.188033079016527971e+01
1.188034234479063578e+01
1.188034443797274342e+01
1.188033722513441148e+01
1.188031812460043213e+01
1.188029151287034324e+01
1.188026786423572112e+01
1.188025216840985010e+01
1.188024388143416132e+01
1.188024600911327688e+01
1.188026211581214397e+01
1.188028682151063897e+01
1.188031053537270409e+01
1.188032988692420844e+01
1.188034391249430577e+01
1.188034672312722151e+01
1.188033446828241679e+01
1.188031306641250140e+01
1.188029027361159606e+01
1.188026796351060987e+01
1.188024901880017126e+01
1.188024159778982813e+01
1.188024923583063952e+01
1.188026615755464199e+01
1.188028716368669713e+01
1.188031152149001457e+01
1.188033426511842272e+01
1.188034583647141496e+01
1.188034341879363254e+01
1.188033185026252347e+01
1.188031336897917711e+01
1.188028806725190378e+01
1.188026285640080282e+01
1.188024768710452506e+01
1.188024451043861696e+01
1.188025020873039672e+01
1.188026554976638671e+01
1.188029054176709565e+01
1.188031678289225113e+01
1.188033493250878614e+01
1.188034378723255458e+01
1.188034410119356998e+01
1.188033240529788337e+01
1.188030905758365741e+01
1.188028321961413702e+01
1.188026276057252772e+01
1.188024847452945387e+01
1.188024236874810313e+01
1.188025001317976503e+01
1.188027038884252207e+01
1.188029449429741113e+01
1.188031653964208978e+01
1.188033566385909445e+01
1.188034702205762549e+01
1.188034374237648549e+01
1.188032755846508870e+01
1.188030633139851489e+01
1.188028347981323130e+01
1.188026044141188109e+01
1.188024462387939550e+01
1.188024332487602130e+01
1.188025430544389849e+01
1.188027174705596423e+01
1.188029456338359857e+01
1.188032030688607499e+01
1.188033961782322656e+01
1.188034558970644206e+01
1.188034052725683409e+01
1.188032751297345158e+01
1.188030563244344151e+01
1.188027860144769576e+01
1.188025685419988342e+01
1.188024626537026585e+01
1.188024505624585458e+01
1.188025326894412004e+01
1.188027326728958855e+01
1.188030005939115163e+01
1.188032316965942670e+01
1.188033813404372907e+01
1.188034557223895504e+01
1.188034228874680664e+01
1.188032513447969585e+01
1.188030010231378597e+01
1.188027666145244332e+01
1.188025777796984350e+01
1.188024454936710939e+01
1.188024298761917130e+01
1.188025636748170655e+01
1.188027823873767552e+01
1.188030105768167033e+01
1.188032317009482242e+01
1.188034138847380738e+01
1.188034754400337611e+01
1.188033877256929394e+01
1.188032124112357479e+01
1.188029989762635275e+01
1.188027547859644173e+01
1.188025336765604578e+01
1.188024299596441580e+01
1.188024649392852972e+01
1.188025880783418309e+01
1.188027792655761061e+01
1.188030352065651485e+01
1.188032822116029052e+01
1.188034233819458585e+01
1.188034453584874228e+01
1.188033796770037398e+01
1.188032172459123537e+01
1.188029624623005986e+01
1.188027036066860909e+01
1.188025304391801562e+01
1.188024503214306904e+01
1.188024569264768182e+01
1.188025849847392124e+01
1.188028248406785004e+01
1.188030815562435372e+01
1.188032805696037109e+01
1.188034165625182048e+01
1.188034671515491780e+01
1.188033782643874225e+01
1.188031670232626880e+01
1.188029254380383470e+01
1.188027074675937733e+01
1.188025214404181007e+01
1.188024186125574744e+01
1.188024643619891663e+01
1.188026344211941243e+01
1.188028496429575753e+01
1.188030788674399574e+01
1.188033056882716387e+01
1.188034533847067387e+01
1.188034537604640661e+01
1.188033352989168456e+01
1.188031554300495252e+01
1.188029235100794523e+01
1.188026680285281245e+01
1.188024844904662558e+01
1.188024362587477256e+01
1.188024957344797805e+01
1.188026337465272952e+01
1.188028589874653207e+01
1.188031288992872270e+01
1.188033383756202177e+01
1.188034345553403703e+01
1.188034377910720707e+01
1.188033456688380696e+01
1.188031371079334697e+01
1.188028680632114842e+01
1.188026427626647319e+01
1.188025005708601434e+01
1.188024348762685456e+01
1.188024793524071043e+01
1.188026609598965599e+01
1.188029139231348630e+01
1.188031452387195230e+01
1.188033291449218609e+01
1.188034530950139178e+01
1.188034560864599598e+01
1.188033114204391083e+01
1.188030885323525254e+01
1.188028603920519188e+01
1.188026416010971964e+01
1.188024671827481882e+01
1.188024184566600638e+01
1.188025171784440204e+01
1.188026982171963297e+01
1.188029147676128616e+01
1.188031591030412137e+01
1.188033732964464484e+01
1.188034648258331671e+01
1.188034192668740197e+01
1.188032888839096302e+01
1.188030915427076550e+01
1.188028332274429744e+01
1.188025919556330834e+01
1.188024615110972348e+01
1.188024492294764478e+01
1.188025235736557583e+01
1.188026948330132448e+01
1.188029538737693258e+01
1.188032085611661337e+01
1.188033731846839380e+01
1.188034448075497451e+01
1.188034283380533651e+01
1.188032893550967017e+01
1.188030437317416599e+01
1.188027892379104955e+01
1.188025960370735135e+01
1.188024671408691368e+01
1.188024272784271673e+01
1.188025284477653898e+01
1.188027466008183453e+01
1.188029882562070050e+01
1.188032034751588562e+01
1.188033838938123310e+01
1.188034756151748006e+01
1.188034170519584976e+01
1.188032392501528456e+01
1.188030214288430031e+01
1.188027918044059739e+01
1.188025690769815768e+01
1.188024322753155992e+01
1.188024444070248009e+01
1.188025711818607810e+01
1.188027562754983713e+01
1.188029915930871283e+01
1.188032444885058325e+01
1.188034180227038483e+01
1.188034548158642245e+01
1.188033866613897871e+01
1.188032408997660561e+01
1.188030096239794275e+01
1.188027407936430180e+01
1.188025397390583748e+01
1.188024532949333611e+01
1.188024589272507825e+01
1.188025610247723485e+01
1.188027777269568119e+01
1.188030472163754325e+01
1.188032663257147092e+01
1.188034009335244789e+01
1.188034577449206708e+01
1.188034015772082874e+01
1.188032103442967724e+01
1.188029553602186184e+01
1.188027274858729498e+01
1.188025487524705248e+01
1.188024335002426035e+01
1.188024432385658358e+01
1.188025983547797182e+01
1.188028249064862685e+01
1.188030526967318679e+01
1.188032687847535129e+01
1.188034349474613194e+01
1.188034707114995214e+01
1.188033613292759938e+01
1.188031749379181257e+01
1.188029555366463086e+01
1.188027115343460949e+01
1.188025048347198975e+01
1.188024256462430550e+01
1.188024815389393396e+01
1.188026189595602311e+01
1.188028222184925120e+01
1.188030823358924337e+01
1.188033172659255854e+01
1.188034368159422272e+01
1.188034395044647518e+01
1.188033565420730397e+01
1.188031766741523398e+01
1.188029139979347804e+01
1.188026640756037366e+01
1.188025081853861664e+01
1.188024451153316186e+01
1.188024715612154836e+01
1.188026212585935504e+01
1.188028720179609365e+01
1.188031237553225594e+01
1.188033109219324679e+01
1.188034324883018833e+01
1.188034613898867242e+01
1.188033481366057842e+01
1.188031236545463898e+01
1.188028823789177579e+01
1.188026701751959990e+01
1.188024957600406140e+01
1.188024154757193962e+01
1.188024866725173645e+01
1.188026717288530065e+01
1.188028918105577603e+01
1.188031215147210062e+01
1.188033396128129127e+01
1.188034651391968666e+01
1.188034406390613285e+01
1.188033058972338551e+01
1.188031158119706632e+01
1.188028774717683511e+01
1.188026277968561040e+01
1.188024646700136344e+01
1.188024392354419412e+01
1.188025158931213099e+01
1.188026692772045223e+01
1.188029061567910460e+01
1.188031732226379233e+01
1.188033654650361548e+01
1.188034421613638081e+01
1.188034276511996268e+01
1.188033156234889276e+01
1.188030912427961283e+01
1.188028219850775180e+01
1.188026094329620541e+01
1.188024825283551067e+01
1.188024347931950864e+01
1.188025026749104462e+01
1.188027030585465837e+01
1.188029594501260178e+01
1.188031835551676885e+01
1.188033568662368289e+01
1.188034630682029302e+01
1.188034405358793677e+01
1.188032754104367861e+01
1.188030457030024500e+01
1.188028185590673935e+01
1.188026055483943288e+01
1.188024481220657869e+01
1.188024254142980851e+01
1.188025450830295426e+01
1.188027364628503690e+01
1.188029584458464427e+01
1.188032016182640760e+01
1.188034002662958244e+01
1.188034670000174664e+01
1.188034010312019539e+01
1.188032567822594920e+01
1.188030478596363615e+01
1.188027865253662441e+01
1.188025585291761388e+01
1.188024500086883961e+01
1.188024567986250091e+01
1.188025483329048981e+01
1.188027365613922193e+01
1.188030022313138012e+01
1.188032468174565004e+01
1.188033938090363151e+01
1.188034482685745097e+01
1.188034117519135080e+01
1.188032515841943848e+01
1.188029963315849358e+01
1.188027478695302186e+01
1.188025669432737708e+01
1.188024529381040750e+01
1.188024352147158424e+01
1.188025603129744923e+01
1.188027905286084085e+01
1.188030309943722607e+01
1.188032399186708510e+01
1.188034079310513924e+01
1.188034764802047150e+01
1.188033928654150628e+01
1.188032010476848654e+01
1.188029790409683706e+01
1.188027495837097902e+01
1.188025366520528969e+01
1.188024227527081322e+01
1.188024594450706140e+01
1.188026018036231335e+01
