1.188024147592622981e+01
1.188039806292406020e+01
1.188026120966985744e+01
1.188036114295384849e+01
1.188031056275488062e+01
1.188030567700376849e+01
1.188036509276936137e+01
1.188025893690362977e+01
1.188039826576257063e+01
1.188024331322757732e+01
1.188039462138001134e+01
1.188026551655154250e+01
1.188035684507567602e+01
1.188031403098313277e+01
1.188030363469605710e+01
1.188036545209351047e+01
1.188026014655682872e+01
1.188039592100300013e+01
1.188024616045402659e+01
1.188039194203568272e+01
1.188026747772637037e+01
1.188035591159002458e+01
1.188031392298683464e+01
1.188030452579700835e+01
1.188036421917536067e+01
1.188026123051017358e+01
1.188039538427242015e+01
1.188024595514435333e+01
1.188039282536739449e+01
1.188026622232837326e+01
1.188035707683036613e+01
1.188031333733636252e+01
1.188030415838954923e+01
1.188036567886376993e+01
1.188025883351870604e+01
1.188039828158048294e+01
1.188024318864565387e+01
1.188039477970871971e+01
1.188026564767449678e+01
1.188035596683849882e+01
1.188031608083111479e+01
1.188030020182703694e+01
1.188037012915302526e+01
1.188025476301454120e+01
1.188040113038687906e+01
1.188024218773928808e+01
1.188039366632895089e+01
1.188026871523001304e+01
1.188035150587218958e+01
1.188032108550381061e+01
1.188029561456856875e+01
1.188037342731950829e+01
1.188025335620173806e+01
1.188040043533045598e+01
1.188024476930848650e+01
1.188038978169588233e+01
1.188027308575291485e+01
1.188034751754112506e+01
1.188032395797484853e+01
1.188029430933664443e+01
1.188037307630055395e+01
1.188025509726791462e+01
1.188039783985366249e+01
1.188024755604784843e+01
1.188038742953460769e+01
1.188027455846852654e+01
1.188034709639376096e+01
1.188032344811450081e+01
1.188029539405476065e+01
1.188037189535448945e+01
1.188025591413652293e+01
1.188039769627219044e+01
1.188024695489528959e+01
1.188038858713152557e+01
1.188027324265860152e+01
1.188034807336580378e+01
1.188032326577500619e+01
1.188029450336012793e+01
1.188037386398677064e+01
1.188025316287362187e+01
1.188040068291731544e+01
1.188024441512368057e+01
1.188039002284205736e+01
1.188027338110412678e+01
1.188034620617679593e+01
1.188032664030892782e+01
1.188029019249147566e+01
1.188037829705961279e+01
1.188024949658104212e+01
1.188040281085976702e+01
1.188024430925963060e+01
1.188038802422522977e+01
1.188027713849300149e+01
1.188034139647951193e+01
1.188033157929339545e+01
1.188028607028672745e+01
1.188038083113024435e+01
1.188024899022193281e+01
1.188040126747977787e+01
1.188024751414485003e+01
1.188038386050028627e+01
1.188028140301152646e+01
1.188033785539304787e+01
1.188033377948878666e+01
1.188028550307356213e+01
1.188037984087009313e+01
1.188025113957440126e+01
1.188039856506159531e+01
1.188025011105323081e+01
1.188038192025713080e+01
1.188028236540917959e+01
1.188033790331532735e+01
1.188033296211610157e+01
1.188028666235643094e+01
1.188037882361604858e+01
1.188025161461246881e+01
1.188039883271835961e+01
1.188024915756915334e+01
1.188038325810450679e+01
1.188028110922240010e+01
1.188033857759806367e+01
1.188033326090038422e+01
1.188028522967114320e+01
1.188038125273671497e+01
1.188024861607078009e+01
1.188040176686515537e+01
1.188024698783027056e+01
1.188038406543305392e+01
1.188028200861116623e+01
1.188033598185631057e+01
1.188033716446685872e+01
1.188028071945053554e+01
1.188038549413590239e+01
1.188024550905736021e+01
1.188040307356600422e+01
1.188024779906900363e+01
1.188038124407114005e+01
1.188028632156357745e+01
1.188033100059399771e+01
1.188034185632532314e+01
1.188027720850459446e+01
1.188038718450478726e+01
1.188024589985526092e+01
1.188040076560410263e+01
1.188025148346045512e+01
1.188037697183593444e+01
1.188029032125206363e+01
1.188032801911331582e+01
1.188034334135280368e+01
1.188027734634933452e+01
1.188038565239538080e+01
1.188024832163596400e+01
1.188039809662129365e+01
1.188025377940301830e+01
1.188037550005487830e+01
1.188029078248296955e+01
1.188032846669313258e+01
1.188034232572985260e+01
1.188027846099913454e+01
1.188038489612255511e+01
1.188024840531672055e+01
1.188039876405384376e+01
1.188025254342196746e+01
1.188037690779194300e+01
1.188028970801235751e+01
1.188032873689040692e+01
1.188034315833249721e+01
1.188027649880606695e+01
1.188038770767246888e+01
1.188024528706976390e+01
1.188040149767114784e+01
1.188025087683696768e+01
1.188037700161968679e+01
1.188029138259362050e+01
1.188032547606544576e+01
1.188034746107895856e+01
1.188027195832355432e+01
1.188039158611490187e+01
1.188024287428915393e+01
1.188040191546822122e+01
1.188025258925327599e+01
1.188037345467117945e+01
1.188029609339678849e+01
1.188032050727562172e+01
1.188035173559832991e+01
1.188026917811907701e+01
1.188039238923854946e+01
1.188024412180291556e+01
1.188039895649663968e+01
1.188025659346145169e+01
1.188036924312237552e+01
1.188029968733802733e+01
1.188031816785721340e+01
1.188035249721798259e+01
1.188026995685570597e+01
1.188039043324766553e+01
1.188024667474031837e+01
1.188039645077377671e+01
1.188025850078614987e+01
1.188036826599621598e+01
1.188029968613820664e+01
1.188031892415814816e+01
1.188035140087481700e+01
1.188027091454865669e+01
1.188039001514422743e+01
1.188024634567721805e+01
1.188039747751154707e+01
1.188025707458522362e+01
1.188036962319427836e+01
1.188029891040078567e+01
1.188031870813584234e+01
1.188035279108112263e+01
1.188026846688682525e+01
1.188039310465452836e+01
1.188024324983730828e+01
1.188039986384832680e+01
1.188025602697004146e+01
1.188036894808111299e+01
1.188030133910758224e+01
1.188031487844471101e+01
1.188035734075115180e+01
1.188026407179302701e+01
1.188039645998543392e+01
1.188024163966286295e+01
1.188039936125184859e+01
1.188025858703861459e+01
1.188036480320818633e+01
1.188030627358754820e+01
1.188031010484426275e+01
1.188036104644798030e+01
1.188026211000882348e+01
1.188039636988655445e+01
1.188024366870331328e+01
1.188039588897112786e+01
1.188026274313510555e+01
1.188036081237542518e+01
1.188030934487782453e+01
1.188030845701262805e+01
1.188036111037097164e+01
1.188026343846680000e+01
1.188039412191928967e+01
1.188024621356188959e+01
1.188039365931011027e+01
1.188026420162224106e+01
1.188036032522915164e+01
1.188030894658017012e+01
1.188030941529973639e+01
1.188036005207597334e+01
1.188026414034827027e+01
1.188039409453078221e+01
1.188024547987226320e+01
1.188039497802738609e+01
1.188026269477268571e+01
1.188036150828697046e+01
1.188030857456902112e+01
1.188030865547150228e+01
1.188036199246112368e+01
1.188026128150989891e+01
1.188039733576987267e+01
1.188024255617062863e+01
1.188039687917412479e+01
1.188026235825405585e+01
1.188036004212468555e+01
1.188031170101799106e+01
1.188030438215759865e+01
1.188036662100976493e+01
1.188025720602278312e+01
1.188040002647594306e+01
1.188024182513210114e+01
1.188039546263728852e+01
1.188026567700723923e+01
1.188035545188738773e+01
1.188031667629496368e+01
1.188029997702972018e+01
1.188036963172513083e+01
1.188025611497855749e+01
1.188039907446533050e+01
1.188024452977447964e+01
1.188039163210031290e+01
1.188026981674821769e+01
1.188035182541957013e+01
1.188031913687425067e+01
1.188029903602436299e+01
1.188036905524009867e+01
1.188025788045641029e+01
1.188039667314833991e+01
1.188024693655468411e+01
1.188038976881730235e+01
1.188027079604532332e+01
1.188035179384891293e+01
1.188031842902599422e+01
1.188030008028871976e+01
1.188036814795560225e+01
1.188025824696421218e+01
1.188039706120442496e+01
1.188024583559235658e+01
1.188039128898556918e+01
1.188026932926349843e+01
1.188035268314434489e+01
1.188031854731591253e+01
1.188029874766440486e+01
1.188037059920918281e+01
1.188025507856873020e+01
1.188040031205463976e+01
1.188024323392616566e+01
1.188039258313645696e+01
1.188026976696376202e+01
1.188035043921695433e+01
1.188032228154750847e+01
1.188029417980149738e+01
1.188037513027509284e+01
1.188025148745252935e+01
1.188040222196464768e+01
1.188024342291297941e+01
1.188039029704650673e+01
1.188027372382161673e+01
1.188034557429453031e+01
1.188032711418903276e+01
1.188029029935442615e+01
1.188037735054304278e+01
1.188025128224487048e+01
1.188040047460557780e+01
1.188024667191800887e+01
1.188038627314945650e+01
1.188027768646225724e+01
1.188034243316450400e+01
1.188032890817066622e+01
1.188029004649916764e+01
1.188037621860878268e+01
1.188025335696507057e+01
1.188039805786793579e+01
1.188024882644085878e+01
1.188038483989040550e+01
1.188027818689224802e+01
1.188034279575668251e+01
1.188032799499543835e+01
1.188029105843333788e+01
1.188037556280424134e+01
1.188025333257398941e+01
1.188039885664606210e+01
1.188024742290874869e+01
1.188038645274193605e+01
1.188027688520972269e+01
1.188034328267895567e+01
1.188032866624313399e+01
1.188028915520653683e+01
1.188037845473270870e+01
1.188024997915200487e+01
1.188040196592219999e+01
1.188024528572938898e+01
1.188038704078555341e+01
1.188027812728094190e+01
1.188034031000922752e+01
1.188033288813358190e+01
1.188028445927143650e+01
1.188038271160595727e+01
1.188024702006156907e+01
1.188040300976267361e+01
1.188024639785203718e+01
1.188038396567023192e+01
1.188028257537081878e+01
1.188033535157692810e+01
1.188033740231039559e+01
1.188028123583756468e+01
1.188038408054021566e+01
1.188024767847193885e+01
1.188040056518913090e+01
1.188025004121943873e+01
1.188037991528569393e+01
1.188028621498675008e+01
1.188033278900644518e+01
1.188033850766135657e+01
1.188028162059350912e+01
1.188038250055988954e+01
1.188024992667795843e+01
1.188039826302129853e+01
1.188025185076365275e+01
1.188037894632469182e+01
1.188028626670134535e+01
1.188033346148883496e+01
1.188033750366362895e+01
1.188028248664783781e+01
1.188038217823589804e+01
1.188024948331459996e+01
1.188039943833636691e+01
1.188025023330117946e+01
1.188038053087089274e+01
1.188028525231022670e+01
1.188033345498029902e+01
1.188033876229909858e+01
1.188028004717261155e+01
1.188038541240964463e+01
1.188024608661210735e+01
1.188040225320804666e+01
1.188024868822901681e+01
1.188038034196834225e+01
1.188028729353199964e+01
1.188032983692713529e+01
1.188034332649124103e+01
1.188027539969317203e+01
1.188038922610747861e+01
1.188024388317950120e+01
1.188040238073718768e+01
1.188025068844851795e+01
1.188037659100095844e+01
1.188029206624096368e+01
1.188032496855839071e+01
1.188034736174092565e+01
1.188027293609470192e+01
1.188038971962550150e+01
1.188024534734711501e+01
1.188039936351843551e+01
1.188025456477204322e+01
1.188037267514377149e+01
1.188029525820011578e+01
1.188032304640185366e+01
1.188034779024777698e+01
1.188027387967354898e+01
1.188038781518242182e+01
1.188024763267342720e+01
1.188039729127928190e+01
1.188025596248222371e+01
1.188037217429123515e+01
1.188029491873548693e+01
1.188032392699162720e+01
1.188034681330085895e+01
1.188027449781981559e+01
1.188038788492172060e+01
1.188024677161924458e+01
1.188039878110419245e+01
1.188025423890147181e+01
1.188037360408390697e+01
1.188029430388355223e+01
1.188032335925137239e+01
1.188034866264700895e+01
1.188027158790846372e+01
1.188039133884906384e+01
1.188024348389908802e+01
1.188040115475076774e+01
1.188025339194375718e+01
1.188037259994196582e+01
1.188029710296162200e+01
1.188031921041021732e+01
1.188035340477015822e+01
1.188026716754136203e+01
1.188039455590452143e+01
1.188024212990388051e+01
1.188040035326341304e+01
1.188025620849177066e+01
1.188036831391282178e+01
1.188030202140420144e+01
1.188031460989721744e+01
1.188035682299372198e+01
1.188026553289004283e+01
1.188039418719082541e+01
1.188024430966872913e+01
1.188039690807875104e+01
1.188026015274694558e+01
1.188036468032506399e+01
1.188030466767718707e+01
1.188031335664786781e+01
1.188035661853596814e+01
1.188026693322664684e+01
1.188039209107670047e+01
1.188024650240331148e+01
1.188039516069007462e+01
1.188026110059566598e+01
1.188036462148953554e+01
1.188030401805074554e+01
1.188031433231442513e+01
1.188035578282060634e+01
1.188026721907137251e+01
1.188039258438504930e+01
1.188024525458186176e+01
1.188039687832750069e+01
1.188025939201070358e+01
1.188036577177338948e+01
1.188030389836014855e+01
1.188031316335723631e+01
1.188035819380634983e+01
1.188026393363064415e+01
1.188039611701646159e+01
1.188024223125262147e+01
1.188039867743968792e+01
1.188025932173149535e+01
1.188036394938422902e+01
1.188030737897847366e+01
1.188030862490128037e+01
1.188036293768950813e+01
1.188025991305347162e+01
1.188039860659743141e+01
1.188024178616451110e+01
1.188039697251666382e+01
1.188026284925516940e+01
1.188035929038183980e+01
1.188031226001697860e+01
1.188030445639027199e+01
1.188036562904497373e+01
1.188025914018003171e+01
1.188039742479599248e+01
1.188024456390360761e+01
1.188039325696162329e+01
1.188026670063166357e+01
1.188035606689986778e+01
1.188031429307468301e+01
1.188030386688960505e+01
1.188036486428281435e+01
1.188026087799578256e+01
1.188039527169592446e+01
1.188024654777053257e+01
1.188039190428234448e+01
1.188026719079368476e+01
1.188035639626186857e+01
1.188031343263651074e+01
1.188030482019540202e+01
1.188036427345056900e+01
1.188026076991942581e+01
1.188039619082912068e+01
1.188024497239837451e+01
1.188039374292752548e+01
1.188026562494559180e+01
1.188035715114503610e+01
1.188031388120015919e+01
1.188030304101672030e+01
1.188036718500196542e+01
1.188025722902765402e+01
1.188039964912576174e+01
1.188024236433743397e+01
1.188039485467473888e+01
1.188026637789111462e+01
1.188035454383946288e+01
1.188031793479133746e+01
1.188029827469526722e+01
1.188037175053359817e+01
1.188025376704078795e+01
1.188040130913387671e+01
1.188024285045268691e+01
1.188039230913654265e+01
1.188027048217142578e+01
1.188034968794899271e+01
1.188032259921924805e+01
1.188029468151643897e+01
1.188037363794619772e+01
1.188025385166826098e+01
1.188039939634722941e+01
1.188024608715936026e+01
1.188038848602329800e+01
1.188027409156231684e+01
1.188034697697346331e+01
1.188032398433899317e+01
1.188029471836137319e+01
1.188037240960901997e+01
1.188025579730358317e+01
1.188039731556089862e+01
1.188024776527586290e+01
1.188038756963323728e+01
1.188027414614137101e+01
1.188034761664712669e+01
1.188032302465502710e+01
1.188029553451750786e+01
1.188037215053274132e+01
1.188025526035213275e+01
1.188039863295734833e+01
1.188024594694122804e+01
1.188038940809503785e+01
1.188027285026433866e+01
1.188034787591346486e+01
1.188032408722673239e+01
1.188029316868489005e+01
1.188037547164139518e+01
1.188025160396008140e+01
1.188040185920177016e+01
1.188024389289711280e+01
1.188038974620172183e+01
1.188027443788608295e+01
1.188034455265852962e+01
1.188032857733962722e+01
1.188028834976369907e+01
1.188037968289507162e+01
1.188024883818491162e+01
1.188040262105014833e+01
1.188024529421173625e+01
1.188038645731539411e+01
1.188027896190059529e+01
1.188033968203292368e+01
1.188033285783103743e+01
1.188028544829992583e+01
1.188038072497327846e+01
1.188024973987297095e+01
1.188040008780656720e+01
1.188024883650746943e+01
1.188038268685284393e+01
1.188028219868068014e+01
1.188033755636523381e+01
1.188033359371407727e+01
1.188028604485641004e+01
1.188037914800481687e+01
1.188025176053030130e+01
1.188039819638073702e+01
1.188025013621429160e+01
1.188038221840257513e+01
1.188028186781406248e+01
1.188033840934697416e+01
1.188033265180752274e+01
1.188028661861886803e+01
1.188037928544800437e+01
1.188025078885039676e+01
1.188039985573605506e+01
1.188024818052909026e+01
1.188038392768916829e+01
1.188028096141349010e+01
1.188033809455039069e+01
1.188033434334799132e+01
1.188028372218992246e+01
1.188038289883018450e+01
1.188024717035994193e+01
1.188040269522288028e+01
1.188024679998682487e+01
1.188038343730579527e+01
1.188028335865768170e+01
1.188033415750970434e+01
1.188033911141069865e+01
1.188027903167225929e+01
1.188038659206063841e+01
1.188024521089147711e+01
1.188040252705647504e+01
1.188024906286379334e+01
1.188037953238038291e+01
1.188028812969246495e+01
1.188032945219950776e+01
1.188034285985139071e+01
1.188027690655843571e+01
1.188038678428711492e+01
1.188024685569109984e+01
1.188039950648196807e+01
1.188025275058758368e+01
1.188037596462281442e+01
1.188029088745592965e+01
1.188032795243732664e+01
1.188034297754050961e+01
1.188027797140965092e+01
1.188038498515942365e+01
1.188024882271135496e+01
1.188039790310611110e+01
1.188025362691066000e+01
1.188037592582467461e+01
1.188029024590576199e+01
1.188032890857499879e+01
1.188034216885064964e+01
1.188027821345055379e+01
1.188038555764896032e+01
1.188024744039485014e+01
1.188039982204130141e+01
1.188025165495576729e+01
1.188037737625430168e+01
1.188028983382567993e+01
1.188032796809074831e+01
1.188034447162351093e+01
1.188027487320218789e+01
1.188038932482720256e+01
1.188024401942867492e+01
1.188040213076364005e+01
1.188025104182857561e+01
1.188037603736721159e+01
1.188029297947537799e+01
1.188032354855301520e+01
1.188034934382928220e+01
1.188027048970670130e+01
1.188039235594620457e+01
1.188024294375430934e+01
1.188040103896276989e+01
1.188025407742766504e+01
1.188037166795275290e+01
1.188029781693921372e+01
1.188031917849180807e+01
1.188035243767687454e+01
1.188026919058418684e+01
1.188039173009905980e+01
1.188024522842724728e+01
1.188039767995757678e+01
1.188025775142150486e+01
1.188036843588970548e+01
1.188030001792169266e+01
1.188031831209637623e+01
1.188035199784858698e+01
1.188027061316992317e+01
1.188038983964771411e+01
1.188024702422338841e+01
1.188039643993336369e+01
1.188025818899451735e+01
1.188036878014033526e+01
1.188029916033936750e+01
1.188031925476012773e+01
1.188035142928056231e+01
1.188027045558537154e+01
1.188039085677247542e+01
1.188024528450948480e+01
1.188039851412537118e+01
1.188025633084147081e+01
1.188036984860865353e+01
1.188029932648405484e+01
1.188031766751954166e+01
1.188035429261464948e+01
1.188026678562510874e+01
1.188039462433774496e+01
1.188024221922813162e+01
1.188040016607025251e+01
1.188025654831297828e+01
1.188036767780463698e+01
1.188030312525283883e+01
1.188031292038268916e+01
1.188035908760107873e+01
1.188026287731501718e+01
1.188039687550388201e+01
1.188024206866219501e+01
1.188039819496268734e+01
1.188026023666475517e+01
1.188036301277860929e+01
1.188030784881285129e+01
1.188030903791615600e+01
1.188036143497089903e+01
1.188026241728763388e+01
1.188039549735178291e+01
1.188024486624295939e+01
1.188039465472978051e+01
1.188026374636656080e+01
1.188036022640369183e+01
1.188030944679112011e+01
1.188030877997875123e+01
1.188036052375893092e+01
1.188026407443267551e+01
1.188039364350689553e+01
1.188024639053408116e+01
1.188039382626847562e+01
1.188026375972383697e+01
1.188036088194418305e+01
1.188030848190939182e+01
1.188030959307901213e+01
1.188036028719318438e+01
1.188026347509307534e+01
1.188039508479127981e+01
1.188024437340185635e+01
1.188039593483583545e+01
1.188026214736516017e+01
1.188036145896968776e+01
1.188030928395282793e+01
1.188030737077960453e+01
1.188036362894310116e+01
1.188025961200635017e+01
1.188039869154196104e+01
1.188024181275009639e+01
1.188039682851881196e+01
1.188026322415068137e+01
1.188035850945260208e+01
1.188031361024161292e+01
1.188030246785103827e+01
1.188036816589410982e+01
1.188025632896304096e+01
1.188040007654148056e+01
1.188024259055909937e+01
1.188039405831440654e+01
1.188026741967499511e+01
1.188035372733212469e+01
1.188031804788443146e+01
1.188029920116936466e+01
1.188036970913205259e+01
1.188025668481588148e+01
1.188039804194183091e+01
1.188024575697158625e+01
1.188039049461751162e+01
1.188027063014283868e+01
1.188035146897672334e+01
1.188031902942524276e+01
1.188029949681816788e+01
1.188036843271195231e+01
1.188025844780185025e+01
1.188039634273250655e+01
1.188024693199884396e+01
1.188039009664983681e+01
1.188027026237621264e+01
1.188035234341739432e+01
1.188031807348778557e+01
1.188030007179843217e+01
1.188036859931876776e+01
1.188025739331032327e+01
1.188039815815282019e+01
1.188024474026621569e+01
1.188039210852019067e+01
1.188026902242902061e+01
1.188035233959544712e+01
1.188031953885604963e+01
1.188029725945789927e+01
1.188037230896924967e+01
1.188025349007282649e+01
1.188040144276018317e+01
1.188024281653696690e+01
1.188039217242497436e+01
1.188027095065503502e+01
1.188034869943895266e+01
1.188032424200108927e+01
1.188029238189127312e+01
1.188037641574694625e+01
1.188025095748605509e+01
1.188040191091541864e+01
1.188024448784705100e+01
1.188038871547495567e+01
1.188027548885325757e+01
1.188034398029457073e+01
1.188032823762871004e+01
1.188028982967829350e+01
1.188037713332676937e+01
1.188025207164036345e+01
1.188039934052352642e+01
1.188024786923726239e+01
1.188038527901430719e+01
1.188027828687601151e+01
1.188034230144668335e+01
1.188032862164269865e+01
1.188029059798395615e+01
1.188037561155323019e+01
1.188025381345008924e+01
1.188039789771734611e+01
1.188024864369660705e+01
1.188038530061864684e+01
1.188027760673367084e+01
1.188034328741317935e+01
1.188032779141989792e+01
1.188029084041725802e+01
1.188037622721634001e+01
1.188025232054568292e+01
1.188040000984413069e+01
1.188024639781966307e+01
1.188038708155301038e+01
1.188027685329492478e+01
1.188034263893713671e+01
1.188032991476863387e+01
1.188028751522352522e+01
1.188038017049203710e+01
1.188024853949450765e+01
1.188040281866469705e+01
1.188024521991039606e+01
1.188038627819493698e+01
1.188027958811612628e+01
1.188033842764577841e+01
1.188033482553377596e+01
1.188028284545652724e+01
1.188038369140294392e+01
1.188024685200139885e+01
1.188040235707913439e+01
1.188024771340040076e+01
1.188038227376043920e+01
1.188028429310895540e+01
1.188033394501128370e+01
1.188033824572760189e+01
1.188028107300719149e+01
1.188038359806956201e+01
1.188024863609267356e+01
1.188039938994435829e+01
1.188025115381321761e+01
1.188037910104598538e+01
1.188028659210690918e+01
1.188033286476271755e+01
1.188033808137037894e+01
1.188028221217040148e+01
1.188038195750442583e+01
1.188025023844940797e+01
1.188039828364896699e+01
1.188025150530731011e+01
1.188037950251697339e+01
1.188028568969266452e+01
1.188033384636256962e+01
1.188033748713169757e+01
1.188028204760871276e+01
1.188038303960101771e+01
1.188024835377219901e+01
1.188040059131423121e+01
1.188024933714156361e+01
1.188038092242974031e+01
1.188028551771916597e+01
1.188033251931608092e+01
1.188034022946596480e+01
1.188027831610432017e+01
1.188038706436575076e+01
1.188024485897888738e+01
1.188040278595935817e+01
1.188024898484587055e+01
1.188037925082901580e+01
1.188028897870634815e+01
1.188032788285151220e+01
1.188034516746930791e+01
1.188027402968792146e+01
1.188038986718309076e+01
1.188024407642771330e+01
1.188040141999071508e+01
1.188025219614121575e+01
1.188037485861704923e+01
1.188029367124792124e+01
1.188032379602278077e+01
1.188034790709875743e+01
1.188027306667150995e+01
1.188038901235114508e+01
1.188024641631397671e+01
1.188039820636933896e+01
1.188025554515473203e+01
1.188037206569079807e+01
1.188029541473032147e+01
1.188032330120481106e+01
1.188034727014499481e+01
1.188027446021175493e+01
1.188038737904921227e+01
1.188024777615044236e+01
1.188039749087235464e+01
1.188025548104304896e+01
1.188037278118548024e+01
1.188029439603359272e+01
1.188032416097115274e+01
1.188034700896077389e+01
1.188027383897557421e+01
1.188038891476409198e+01
1.188024557436954609e+01
1.188039987418128618e+01
1.188025352688353209e+01
1.188037372138196801e+01
1.188029487559554376e+01
1.188032215415634241e+01
1.188035029846199464e+01
1.188026983269983994e+01
1.188039285792678967e+01
1.188024252379114820e+01
1.188040133846375213e+01
1.188025404651079953e+01
1.188037121781091976e+01
1.188029894983940693e+01
1.188031725866264843e+01
1.188035508017953568e+01
1.188026609041568094e+01
1.188039483982657174e+01
1.188024266863536127e+01
1.188039913040420537e+01
1.188025784310952027e+01
1.188036661059632770e+01
1.188030345541614174e+01
1.188031370575774304e+01
1.188035706659049495e+01
1.188026593037936074e+01
1.188039330433061025e+01
1.188024543057239768e+01
1.188039582415556161e+01
1.188026096304518653e+01
1.188036428791013144e+01
1.188030461883707822e+01
1.188031375273892820e+01
1.188035605448353316e+01
1.188026745399494644e+01
1.188039179676075818e+01
1.188024646559576070e+01
1.188039552521406073e+01
1.188026051965467289e+01
1.188036522952744356e+01
1.188030359938441016e+01
1.188031437868340490e+01
1.188035620421264582e+01
1.188026635464446024e+01
1.188039374303365392e+01
1.188024404598611916e+01
1.188039785165064544e+01
1.188025891291037084e+01
1.188036558948234678e+01
1.188030477109900573e+01
1.188031172482271280e+01
1.188035993875097240e+01
1.188026222443583357e+01
1.188039743812513649e+01
1.188024158378380157e+01
1.188039849755686816e+01
1.188026031446187503e+01
1.188036232643657542e+01
1.188030931788943434e+01
1.188030674935025743e+01
1.188036438571026565e+01
1.188025916508482105e+01
1.188039853024742420e+01
1.188024264023143139e+01
1.188039554358818251e+01
1.188026454194864456e+01
1.188035768213260290e+01
1.188031347450929864e+01
1.188030384146331109e+01
1.188036558130058928e+01
1.188025976670496853e+01
1.188039642162138421e+01
1.188024567789535801e+01
1.188039229453897150e+01
1.188026731429993532e+01
1.188035589082709187e+01
1.188031406544572555e+01
1.188030435949897523e+01
1.188036430714664604e+01
1.188026129544180165e+01
1.188039514409177855e+01
1.188024633096204852e+01
1.188039240825434462e+01
1.188026655454297043e+01
1.188035695390236057e+01
1.188031316341009536e+01
1.188030465189985385e+01
1.188036492143161027e+01
1.188025972673850106e+01
1.188039742921268882e+01
1.188024381259608120e+01
1.188039453957240887e+01
1.188026541842255313e+01
1.188035665722358125e+01
1.188031503530368482e+01
1.188030141713086785e+01
1.188036897265646630e+01
1.188025563596871059e+01
1.188040071426130240e+01
1.188024206200530841e+01
1.188039431195553419e+01
1.188026767447568233e+01
1.188035274065505398e+01
1.188031989216497486e+01
1.188029654570870441e+01
1.188037291942279161e+01
1.188025337018122229e+01
1.188040088467577249e+01
1.188024397696177559e+01
1.188039073753212449e+01
1.188027216371688866e+01
1.188034823422128738e+01
1.188032355745987800e+01
1.188029436243418147e+01
1.188037332249354172e+01
1.188025466018277498e+01
1.188039833121216837e+01
1.188024713895907425e+01
1.188038768419251490e+01
1.188027449448094153e+01
1.188034700397879817e+01
1.188032361412138016e+01
1.188029525837861655e+01
1.188037190832164924e+01
1.188025607553568364e+01
1.188039736814056724e+01
1.188024738103589328e+01
1.188038817752418019e+01
1.188027350400981419e+01
1.188034807331216136e+01
1.188032294325383020e+01
1.188029513594327469e+01
1.188037301286174241e+01
1.188025407678053114e+01
1.188039989492304471e+01
1.188024489682846863e+01
1.188038997707304034e+01
1.188027294459732808e+01
1.188034707257358313e+01
1.188032548923023057e+01
1.188029141761199803e+01
1.188037723168233484e+01
1.188025019384799741e+01
1.188040262023947591e+01
1.188024395393932231e+01
1.188038885682443180e+01
1.188027599096546538e+01
1.188034263751049124e+01
1.188033047902483119e+01
1.188028683105201821e+01
1.188038053324970278e+01
1.188024879921558430e+01
1.188040187517358248e+01
1.188024663969329531e+01
1.188038481071480845e+01
1.188028056593056903e+01
1.188033843309319870e+01
1.188033353632479461e+01
1.188028541758612988e+01
1.188038017710728234e+01
1.188025067679693692e+01
1.188039901907184337e+01
1.188024977717666886e+01
1.188038207370936306e+01
1.188028238958529315e+01
1.188033776165647204e+01
1.188033312448933465e+01
1.188028658171019813e+01
1.188037874675230654e+01
1.188025187337265010e+01
1.188039843039742749e+01
1.188024960873802627e+01
1.188038288659596731e+01
1.188028127168790959e+01
1.188033871834571542e+01
1.188033278724741137e+01
1.188028598678259762e+01
1.188038033705988816e+01
1.188024951309017219e+01
1.188040108077780665e+01
1.188024729864356388e+01
1.188038422670542182e+01
1.188028137177008325e+01
1.188033699852784864e+01
1.188033594725961350e+01
1.188028190962698361e+01
1.188038456025618217e+01
1.188024600353976901e+01
1.188040311626147627e+01
1.188024722740648365e+01
1.188038223223670364e+01
1.188028510991743225e+01
1.188033220328669515e+01
1.188034088601898119e+01
1.188027777745686464e+01
1.188038709848436980e+01
1.188024552130297629e+01
1.188040149953545033e+01
1.188025056592225681e+01
1.188037787951939883e+01
1.188028959574242549e+01
1.188032844697312918e+01
1.188034324910960748e+01
1.188027714340315200e+01
1.188038604885637817e+01
1.188024786382974085e+01
1.188039848949258293e+01
1.188025353992807709e+01
1.188037555605700568e+01
1.188029087768193115e+01
1.188032830133619910e+01
1.188034245765949315e+01
1.188027845600496946e+01
1.188038472083968422e+01
1.188024875522464363e+01
1.188039830746561165e+01
1.188025299072047858e+01
1.188037660503054127e+01
1.188028974718868014e+01
1.188032902985279016e+01
1.188034253889748371e+01
1.188027735853724209e+01
1.188038676160931750e+01
1.188024612824763082e+01
1.188040094830200388e+01
1.188025099442645249e+01
1.188037737407418426e+01
1.188029056115953530e+01
1.188032661019925840e+01
1.188034622083424807e+01
1.188027306943469696e+01
1.188039081925480467e+01
1.188024314690494521e+01
1.188040218990282249e+01
1.188025182313918471e+01
1.188037456102547473e+01
1.188029486226306020e+01
1.188032162946510084e+01
1.188035092593873365e+01
1.188026954235076360e+01
1.188039250804085789e+01
1.188024358035473327e+01
1.188039978060476010e+01
1.188025567174007513e+01
1.188037007538623691e+01
1.188029909316135146e+01
1.188031844300091322e+01
1.188035254228072191e+01
1.188026966227116077e+01
1.188039085895227309e+01
1.188024625002384305e+01
1.188039676422676472e+01
1.188025835988020518e+01
1.188036823503836459e+01
1.188029983048210525e+01
1.188031876219315031e+01
1.188035147758327881e+01
1.188027100072842579e+01
1.188038973973340973e+01
1.188024677361153891e+01
1.188039699174086827e+01
1.188025748706934515e+01
1.188036941813933645e+01
1.188029880700523044e+01
1.188031915732717181e+01
1.188035203914144944e+01
1.188026940079842753e+01
1.188039216587050717e+01
1.188024399670350206e+01
1.188039948152239056e+01
1.188025593655873102e+01
1.188036952690895376e+01
1.188030035712144539e+01
1.188031609150396761e+01
1.188035612235369065e+01
1.188026506232485424e+01
1.188039588920532097e+01
1.188024168021356530e+01
1.188039985653206543e+01
1.188025765601774530e+01
1.188036598608691108e+01
1.188030506758976834e+01
1.188031110861154538e+01
1.188036042066528353e+01
1.188026226553045461e+01
1.188039667814050837e+01
1.188024299487889834e+01
1.188039676505313480e+01
1.188026185417687763e+01
1.188036154179711446e+01
1.188030889422546643e+01
1.188030858438042436e+01
1.188036127293278810e+01
1.188026308119558827e+01
1.188039454647297433e+01
1.188024584600799649e+01
1.188039388147206132e+01
1.188026415635287591e+01
1.188036022378513756e+01
1.188030911484041141e+01
1.188030928368396211e+01
1.188036005236824799e+01
1.188026432708729097e+01
1.188039372442508501e+01
1.188024596638874186e+01
1.188039449202353914e+01
1.188026304115262022e+01
1.188036142651945326e+01
1.188030831570227619e+01
1.188030925698944884e+01
1.188036112885287743e+01
1.188026225581814366e+01
1.188039644369557024e+01
1.188024317261738361e+01
1.188039668815188499e+01
1.188026205351696341e+01
1.188036081357579654e+01
1.188031058989601085e+01
1.188030563151912666e+01
1.188036546916117508e+01
1.188025803892750432e+01
1.188039967306324307e+01
1.188024163275981948e+01
1.188039615905537794e+01
1.188026461693456071e+01
1.188035666721303052e+01
1.188031553808257357e+01
1.188030083030770712e+01
1.188036920471509994e+01
1.188025606667847889e+01
1.188039954940180642e+01
1.188024375836569391e+01
1.188039252168620941e+01
1.188026899383578261e+01
1.188035243118317474e+01
1.188031883404973854e+01
1.188029902780769298e+01
1.188036931059452783e+01
1.188025749088627414e+01
1.188039706842334908e+01
1.188024664493372917e+01
1.188038989475429652e+01
1.188027083669550876e+01
1.188035164329756199e+01
1.188031859419289127e+01
1.188030000417593079e+01
1.188036805557598008e+01
1.188025853680952437e+01
1.188039660884656712e+01
1.188024635586750222e+01
1.188039083402872542e+01
1.188026957965637997e+01
1.188035274532155228e+01
1.188031812741659010e+01
1.188029948957284354e+01
1.188036965156168456e+01
1.188025605562880749e+01
1.188039950602523653e+01
1.188024368800800268e+01
1.188039260030230793e+01
1.188026925053139138e+01
1.188035138103633770e+01
1.188032107879511123e+01
1.188029542060285415e+01
1.188037408751062252e+01
1.188025213180850947e+01
1.188040209848103146e+01
1.188024300612385176e+01
1.188039116699075493e+01
1.188027257523247471e+01
1.188034677754743385e+01
1.188032608258292910e+01
1.188029097723910077e+01
1.188037712839330595e+01
1.188025104342752059e+01
1.188040108733076927e+01
1.188024584021640528e+01
1.188038713935043056e+01
1.188027695772733416e+01
1.188034290184373631e+01
1.188032874968115848e+01
1.188028992121386906e+01
1.188037653867162291e+01
1.188025296518158669e+01
1.188039839953288457e+01
1.188024862327161202e+01
1.188038487175097835e+01
1.188027829764977028e+01
1.188034262103371219e+01
1.188032812994715925e+01
1.188029105959837395e+01
1.188037536752632661e+01
1.188025372090635834e+01
1.188039834096564284e+01
1.188024794799522255e+01
1.188038606075299519e+01
1.188027701285424698e+01
1.188034350321546206e+01
1.188032808768073956e+01
1.188029001782974881e+01
1.188037745634004416e+01
1.188025091916778209e+01
1.188040128328309919e+01
1.188024555129359072e+01
1.188038727467104927e+01
1.188027741082077782e+01
1.188034139228386543e+01
1.188033163575771489e+01
1.188028564637849804e+01
1.188038181640068558e+01
1.188024745245356506e+01
1.188040311949587924e+01
1.188024577410528693e+01
1.188038497489810474e+01
1.188028138164489178e+01
1.188033649976820172e+01
1.188033651064956864e+01
1.188028172154338158e+01
1.188038406048208273e+01
1.188024727000195924e+01
1.188040128222888114e+01
1.188024918715869127e+01
1.188038072452390992e+01
1.188028560221395402e+01
1.188033311495504307e+01
1.188033848270798032e+01
1.188028140184301762e+01
1.188038285553918882e+01
1.188024956077433636e+01
1.188039853184046279e+01
1.188025174171955278e+01
1.188037889308951200e+01
1.188028642668441393e+01
1.188033328954173484e+01
1.188033758284545804e+01
1.188028258209091881e+01
1.188038187662652767e+01
1.188024995841411879e+01
1.188039888386100174e+01
1.188025073163178824e+01
1.188038023265162657e+01
1.188028523515321488e+01
1.188033384102647716e+01
1.188033803557003409e+01
1.188028100379155916e+01
1.188038440079159663e+01
1.188024694948889959e+01
1.188040172748109313e+01
1.188024874629379823e+01
1.188038079216192067e+01
1.188028639739997416e+01
1.188033102330529900e+01
1.188034206918629110e+01
1.188027648969349670e+01
1.188038851116379924e+01
1.188024408873222093e+01
1.188040271758388045e+01
1.188024988333171628e+01
1.188037770021239581e+01
1.188029087164962050e+01
1.188032602210930122e+01
1.188034663650880773e+01
1.188027322151108578e+01
1.188038989040904880e+01
1.188024479644584552e+01
1.188040014855380377e+01
1.188025372507881272e+01
1.188037339867858577e+01
1.188029477597820716e+01
1.188032323173681704e+01
1.188034788158467592e+01
1.188027359466975774e+01
1.188038817530813063e+01
1.188024731719625926e+01
1.188039747411501423e+01
1.188025594618210867e+01
1.188037205114394368e+01
1.188029510329911531e+01
1.188032378512010467e+01
1.188034681432501571e+01
1.188027469862584162e+01
1.188038748073602768e+01
1.188024731512432020e+01
1.188039821674805907e+01
1.188025467796546764e+01
1.188037342757859349e+01
1.188029412595441592e+01
1.188032391002617061e+01
1.188034780615815045e+01
1.188027260582915900e+01
1.188039035406985633e+01
1.188024423114852901e+01
1.188040081395295111e+01
1.188025323175318526e+01
1.188037325691811041e+01
1.188029605543709266e+01
1.188032045963633720e+01
1.188035218796422399e+01
1.188026812066698312e+01
1.188039404670400856e+01
1.188024210291896487e+01
1.188040090204825994e+01
1.188025525452319187e+01
1.188036948054637776e+01
1.188030086913628125e+01
1.188031553433473597e+01
1.188035628278848144e+01
1.188026561871590836e+01
1.188039452986018496e+01
1.188024364842677905e+01
1.188039772378419379e+01
1.188025936119247383e+01
1.188036529550155507e+01
1.188030432293622596e+01
1.188031341083171100e+01
1.188035680364932922e+01
1.188026661114789206e+01
1.188039242829905717e+01
1.188024625701473269e+01
1.188039525115742734e+01
1.188026116878812388e+01
1.188036444884334486e+01
1.188030420030399803e+01
1.188031424648492163e+01
1.188035568790092356e+01
1.188026752958626631e+01
1.188039208856895712e+01
1.188024584232065806e+01
1.188039633591775868e+01
1.188025974011652863e+01
1.188036574044280869e+01
1.188030355085933287e+01
1.188031386987425542e+01
1.188035723325152659e+01
1.188026497557553895e+01
1.188039519984272552e+01
1.188024282785519681e+01
1.188039854263951511e+01
1.188025894143195238e+01
1.188036479476398632e+01
1.188030621511675555e+01
1.188030989259365633e+01
1.188036180554500554e+01
1.188026069494010528e+01
1.188039832028725229e+01
1.188024153033053842e+01
1.188039770973108844e+01
1.188026178437244340e+01
1.188036047054573174e+01
1.188031119027867177e+01
1.188030522377804310e+01
1.188036528394062685e+01
1.188025903563442576e+01
1.188039791382181321e+01
1.188024382758670860e+01
1.188039406685273214e+01
1.188026598647056176e+01
1.188035655806020330e+01
1.188031408502758879e+01
1.188030380593815849e+01
1.188036511682511076e+01
1.188026054826926803e+01
1.188039556126379992e+01
1.188024638619560491e+01
1.188039190302318993e+01
1.188026732892377879e+01
1.188035619849452118e+01
1.188031358508977853e+01
1.188030481341962030e+01
1.188036407059472843e+01
1.188026118728956071e+01
1.188039562112569136e+01
1.188024557555274896e+01
1.188039325554305137e+01
1.188026585297927795e+01
1.188035728253846379e+01
1.188031336324166709e+01
1.188030388622293110e+01
1.188036615235752080e+01
1.188025825478423414e+01
1.188039883911372740e+01
1.188024278046974302e+01
1.188039493885999143e+01
1.188026578479259676e+01
1.188035555107312469e+01
1.188031669494722742e+01
1.188029951528159422e+01
1.188037074399868409e+01
1.188025435023843457e+01
1.188040125380130263e+01
1.188024237861898769e+01
1.188039320406007882e+01
1.188026934798103795e+01
1.188035083839269745e+01
1.188032164749964892e+01
1.188029527155411280e+01
1.188037348927160508e+01
1.188025357379627778e+01
1.188040000105587168e+01
1.188024531239454085e+01
1.188038925622134201e+01
1.188027347823477697e+01
1.188034733598928838e+01
1.188032390482529621e+01
1.188029456372252568e+01
1.188037270101116327e+01
1.188025548790281150e+01
1.188039753739794335e+01
1.188024769458916552e+01
1.188038748419695345e+01
1.188027433426874246e+01
1.188034742061171123e+01
1.188032312090956744e+01
1.188029562538174666e+01
1.188037183442689226e+01
1.188025577445414349e+01
1.188039801313408006e+01
1.188024653348560378e+01
1.188038900830202138e+01
1.188027293335214729e+01
1.188034818051501418e+01
1.188032340619205129e+01
1.188029412801051876e+01
1.188037440382637477e+01
1.188025257220734154e+01
1.188040119280813478e+01
1.188024410543701848e+01
1.188039005351737032e+01
1.188027364829206967e+01
1.188034568809998248e+01
1.188032730543163495e+01
1.188028951848139236e+01
1.188037883790007143e+01
1.188024920334694734e+01
1.188040279541966271e+01
1.188024462773812395e+01
1.188038747346376134e+01
1.188027780177419856e+01
1.188034076206347045e+01
1.188033205341614540e+01
1.188028584904055052e+01
1.188038076551516298e+01
1.188024931248613747e+01
1.188040077403126560e+01
1.188024805944175455e+01
1.188038338767839264e+01
1.188028170284046858e+01
1.188033778276875552e+01
1.188033362792332959e+01
1.188028582202177930e+01
1.188037944918016819e+01
1.188025149637686084e+01
1.188039833618795171e+01
1.188025015650170957e+01
1.188038206274078235e+01
1.188028208183312628e+01
1.188033824273795602e+01
1.188033266819725853e+01
1.188028682004340553e+01
1.188037885798453352e+01
1.188025138261860647e+01
1.188039921446977942e+01
1.188024871687212780e+01
1.188038364576419781e+01
1.188028088040156760e+01
1.188033857496258783e+01
1.188033351482795830e+01
1.188028476448721804e+01
1.188038183609413245e+01
1.188024804058382422e+01
1.188040220403319935e+01
1.188024679372010262e+01
1.188038396270262353e+01
1.188028239726869195e+01
1.188033538183266558e+01
1.188033785300896383e+01
1.188028008653713563e+01
1.188038593794652620e+01
1.188024534758535644e+01
1.188040292062300374e+01
1.188024823057940971e+01
1.188038062920838556e+01
1.188028698680325235e+01
1.188033042544997642e+01
1.188034222465673651e+01
1.188027711471309900e+01
1.188038699890205407e+01
1.188024630799939629e+01
1.188040023835057468e+01
1.188025200511218671e+01
1.188037657193999941e+01
1.188029051836939232e+01
1.188032805314942664e+01
1.188034310507339697e+01
1.188027770833430452e+01
1.188038526820954566e+01
1.188024862426455108e+01
1.188039795313390101e+01
1.188025373132314044e+01
1.188037571942763293e+01
1.188029045900314173e+01
1.188032879823635213e+01
1.188034208594836016e+01
1.188027853174657800e+01
1.188038502806624663e+01
1.188024809053312758e+01
1.188039919151531798e+01
1.188025210770178397e+01
1.188037723848674077e+01
1.188028957649823880e+01
1.188032861860170364e+01
1.188034351894560992e+01
1.188027596203081337e+01
1.188038830894279307e+01
1.188024475383235057e+01
1.188040183992693599e+01
1.188025081029517160e+01
1.188037676668156450e+01
1.188029187839247314e+01
1.188032481844193988e+01
1.188034814415890317e+01
1.188027139335502724e+01
1.188039191420091711e+01
1.188024285085555931e+01
1.188040163255303305e+01
1.188025311425109720e+01
1.188037280272796536e+01
1.188029673233409866e+01
1.188032001445723651e+01
1.188035198545222748e+01
1.188026921140364500e+01
1.188039209669905283e+01
1.188024459343486683e+01
1.188039842172545768e+01
1.188025706755012045e+01
1.188036893213613610e+01
1.188029977726390385e+01
1.188031830077063411e+01
1.188035219405700538e+01
1.188027033858481296e+01
1.188039007947992687e+01
1.188024690633114133e+01
1.188039639938343406e+01
1.188025836418999681e+01
1.188036854686109223e+01
1.188029934461115111e+01
1.188031922502558224e+01
1.188035123318738151e+01
1.188027088986190805e+01
1.188039024139550826e+01
1.188024596255432463e+01
1.188039792840871200e+01
1.188025666858172968e+01
1.188036987577100057e+01
1.188029888845399817e+01
1.188031847408070973e+01
1.188035324597395537e+01
1.188026788082425256e+01
1.188039369668573464e+01
1.188024278454270544e+01
1.188040009301881561e+01
1.188025609424846962e+01
1.188036858826838049e+01
1.188030192262725215e+01
1.188031419041772097e+01
1.188035798955714384e+01
1.188026359863018122e+01
1.188039665886685903e+01
1.188024175431405105e+01
1.188039896169556542e+01
1.188025918195422648e+01
1.188036414253363660e+01
1.188030685961377841e+01
1.188030971318438489e+01
1.188036117091216859e+01
1.188026226403209584e+01
1.188039598820963860e+01
1.188024417899118745e+01
1.188039537256495137e+01
1.188026314884812429e+01
1.188036060125732973e+01
1.188030932884470303e+01
1.188030867599983331e+01
1.188036076129215779e+01
1.188026381613934745e+01
1.188039381927873883e+01
1.188024636160478131e+01
1.188039370130520744e+01
1.188026398667354222e+01
1.188036064857293894e+01
1.188030861005266381e+01
1.188030966423310808e+01
1.188035997054124238e+01
1.188026401704850699e+01
1.188039440638250355e+01
1.188024504708518947e+01
1.188039542812619409e+01
1.188026234240690826e+01
1.188036166503659175e+01
1.188030866917510942e+01
1.188030831140100396e+01
1.188036252417549932e+01
1.188026067147853659e+01
1.188039789118226430e+01
1.188024218185558922e+01
1.188039698203841432e+01
1.188026255949850096e+01
1.188035957061090642e+01
1.188031234863430541e+01
1.188030369249631768e+01
1.188036720816402436e+01
1.188025684440875196e+01
1.188040008851871576e+01
1.188024207170156110e+01
1.188039496491159142e+01
1.188026631539046640e+01
1.188035481079993794e+01
1.188031718570543305e+01
1.188029970028990157e+01
1.188036962991440681e+01
1.188025637784440747e+01
1.188039862524698620e+01
1.188024505271911480e+01
1.188039115824817848e+01
1.188027013737633020e+01
1.188035171963004188e+01
1.188031902166703091e+01
1.188029932401038913e+01
1.188036868318601691e+01
1.188025823103957102e+01
1.188039643904748566e+01
1.188024699353702474e+01
1.188038990002102757e+01
1.188027051749257268e+01
1.188035213808146651e+01
1.188031812047639235e+01
1.188030025874097717e+01
1.188036816193120337e+01
1.188025802742336978e+01
1.188039744490284377e+01
1.188024537511068068e+01
1.188039171333976007e+01
1.188026905237247632e+01
1.188035273078022236e+01
1.188031875973264384e+01
1.188029830500608419e+01
1.188037118602368203e+01
1.188025447169337667e+01
1.188040080458404901e+01
1.188024296981230776e+01
1.188039255212368417e+01
1.188027009614611984e+01
1.188034987443338331e+01
1.188032296653064179e+01
1.188029351749092477e+01
1.188037563113060102e+01
1.188025125208248411e+01
1.188040214572681386e+01
1.188024378934041358e+01
1.188038972385603032e+01
1.188027437762104732e+01
1.188034497973288950e+01
1.188032752728360464e+01
1.188029014563061736e+01
1.188037722755220571e+01
1.188025163717021648e+01
1.188039998210694215e+01
1.188024718167073424e+01
1.188038586315685485e+01
1.188027791017911738e+01
1.188034243247863131e+01
1.188032870568343036e+01
1.188029038310050467e+01
1.188037584725451445e+01
1.188025365942126399e+01
1.188039790550933184e+01
1.188024879022649216e+01
1.188038505090595010e+01
1.188027786326040314e+01
1.188034313788726770e+01
1.188032773607520376e+01
1.188029115160387050e+01
1.188037567638653336e+01
1.188025302466030197e+01
1.188039929405064044e+01
1.188024695888654136e+01
1.188038682698963733e+01
1.188027670237550026e+01
1.188034321309899077e+01
1.188032899183431113e+01
1.188028863058753615e+01
1.188037907167423946e+01
1.188024940305360388e+01
1.188040237171962943e+01
1.188024514624423311e+01
1.188038687439907548e+01
1.188027857243417706e+01
1.188033967480193809e+01
1.188033358190148192e+01
1.188028385214209059e+01
1.188038310541130826e+01
1.188024691989840775e+01
1.188040280003870919e+01
1.188024686678803477e+01
1.188038334284285469e+01
1.188028321628391737e+01
1.188033482782794259e+01
1.188033770428871172e+01
1.188028120725050485e+01
1.188038384710131368e+01
1.188024810469510228e+01
1.188040005508327113e+01
1.188025051337834270e+01
1.188037958654312298e+01
1.188028633537185996e+01
1.188033288761970319e+01
1.188033823419488400e+01
1.188028198324446905e+01
1.188038215303726730e+01
1.188025016308092319e+01
1.188039820070907027e+01
1.188025172468797663e+01
1.188037922305541372e+01
1.188028591928376265e+01
1.188033377837889937e+01
1.188033731350405198e+01
1.188028248432580725e+01
1.188038238997215679e+01
1.188024910005034229e+01
1.188039990781387623e+01
1.188024979084316790e+01
1.188038083251419863e+01
1.188028517784338156e+01
1.188033326577295945e+01
1.188033919066539923e+01
1.188027946167591686e+01
1.188038603243792579e+01
1.188024556806097820e+01
1.188040255203030604e+01
1.188024868225653918e+01
1.188038004491373378e+01
1.188028783727723869e+01
1.188032915749515261e+01
1.188034399995657608e+01
1.188027487310553987e+01
1.188038949698206359e+01
1.188024392104933469e+01
1.188040204829871627e+01
1.188025123811430284e+01
1.188037594623177284e+01
1.188029266706773157e+01
1.188032453612476225e+01
1.188034754334866783e+01
1.188027302877866020e+01
1.188038939148813355e+01
1.188024582122554129e+01
1.188039886157938696e+01
1.188025497759156401e+01
1.188037244030499906e+01
1.188029527448028588e+01
1.188032323332188867e+01
1.188034746558507670e+01
1.188027424485773587e+01
1.188038751284039130e+01
1.188024778915583113e+01
1.188039732199046661e+01
1.188025575515881904e+01
1.188037249870889589e+01
1.188029457043804982e+01
1.188032419661933936e+01
1.188034670744671573e+01
1.188027439499169624e+01
1.188038818781081218e+01
1.188024633056687307e+01
1.188039925861250801e+01
1.188025384276775220e+01
1.188037381368599554e+01
1.188029434701400433e+01
1.188032305391805643e+01
1.188034917804905533e+01
1.188027096609811828e+01
1.188039193415542272e+01
1.188024304749893290e+01
1.188040133098190410e+01
1.188025352234282295e+01
1.188037218295142416e+01
1.188029772330217249e+01
1.188031851507710179e+01
1.188035402971408772e+01
1.188026674319024245e+01
1.188039469357572386e+01
1.188024230239084389e+01
1.188039991430992970e+01
1.188025681375049558e+01
1.188036767542461192e+01
1.188030255733696627e+01
1.188031428456070060e+01
1.188035688088915798e+01
1.188026573727873902e+01
1.188039378425853343e+01
1.188024480590970811e+01
1.188039643887920249e+01
1.188026048820008818e+01
1.188036454673548370e+01
1.188030458467579109e+01
1.188031361635060001e+01
1.188035626484419716e+01
1.188026727774974844e+01
1.188039185234145378e+01
1.188024656988766559e+01
1.188039528192754091e+01
1.188026082544468132e+01
1.188036497261090929e+01
1.188030369214765614e+01
1.188031453498573242e+01
1.188035577234626494e+01
1.188026701626022863e+01
1.188039296616797280e+01
1.188024477698852266e+01
1.188039733863469927e+01
1.188025906532577558e+01
1.188036587401169974e+01
1.188030406267774808e+01
1.188031275123795893e+01
1.188035877586068878e+01
1.188026330239359574e+01
1.188039666037238895e+01
1.188024189822132826e+01
1.188039872089137461e+01
1.188025958514735692e+01
1.188036342874509366e+01
1.188030805032187764e+01
1.188030794278070701e+01
1.188036348809417220e+01
1.188025960795143021e+01
1.188039860686363092e+01
1.188024208380959124e+01
1.188039644786422322e+01
1.188026348284096478e+01
1.188035868556916341e+01
1.188031270980253495e+01
1.188030424851599776e+01
1.188036556586902925e+01
1.188025944157346103e+01
1.188039697006356477e+01
1.188024505686507837e+01
1.188039284264515416e+01
1.188026694527200178e+01
1.188035603630238235e+01
1.188031412087305760e+01
1.188030418020489876e+01
1.188036450489866169e+01
1.188026118023435274e+01
1.188039511108922142e+01
1.188024652244607893e+01
1.188039210821657399e+01
1.188026686531634724e+01
1.188035675128347890e+01
1.188031315150186096e+01
1.188030493963892908e+01
1.188036436430479448e+01
1.188026047323744905e+01
1.188039663455589867e+01
1.188024448214132534e+01
1.188039416090468947e+01
1.188026538797760168e+01
1.188035713566590346e+01
1.188031416437513421e+01
1.188030253692087612e+01
1.188036780961646777e+01
1.188025661628938678e+01
1.188040011521387562e+01
1.188024215144616136e+01
1.188039476112470538e+01
1.188026676487030286e+01
1.188035394064950800e+01
1.188031862914934145e+01
1.188029763431686092e+01
1.188037220380729053e+01
1.188025359273095027e+01
1.188040117403065743e+01
1.188024325824595628e+01
