1.188024147592623159e+01
1.188024380359616927e+01
1.188025066981882993e+01
1.188026173016480591e+01
1.188027643002506117e+01
1.188029403263721839e+01
1.188031365616691204e+01
1.188033431791803629e+01
1.188035498345590923e+01
1.188037461824801966e+01
1.188039223933408550e+01
1.188040696452067557e+01
1.188041805666211559e+01
1.188042496076496413e+01
1.188042733196194689e+01
1.188042505285403294e+01
1.188041823929549778e+01
1.188040723434775003e+01
1.188039259078641230e+01
1.188037504314858417e+01
1.188035547080925269e+01
1.188033485396369393e+01
1.188031422467633647e+01
1.188029461535576203e+01
1.188027700714331125e+01
1.188026228075182722e+01
1.188025117223738114e+01
1.188024423599890511e+01
1.188024181695929471e+01
1.188024403339291091e+01
1.188025077126653883e+01
1.188026169031264523e+01
1.188027624142262262e+01
1.188029369438424432e+01
1.188031317451935109e+01
1.188033370640433262e+01
1.188035426256175064e+01
1.188037381478300247e+01
1.188039138558125529e+01
1.188040609720377461e+01
1.188041721568808029e+01
1.188042418765819974e+01
1.188042666793292668e+01
1.188042453653483932e+01
1.188041790429391042e+01
1.188040710686770751e+01
1.188039268759330902e+01
1.188037537010795752e+01
1.188035602211828490e+01
1.188033561207254429e+01
1.188031516080950745e+01
1.188029569052216772e+01
1.188027817356278426e+01
1.188026348369188945e+01
1.188025235229981114e+01
1.188024533188417919e+01
1.188024276866065598e+01
1.188024478565548137e+01
1.188025127703739514e+01
1.188026191385385744e+01
1.188027616078509041e+01
1.188029330303917774e+01
1.188031248207695079e+01
1.188033273846504656e+01
1.188035305980483081e+01
1.188037243138952981e+01
1.188038988703832999e+01
1.188040455748812008e+01
1.188041571382482253e+01
1.188042280371359283e+01
1.188042547861396159e+01
1.188042361069049591e+01
1.188041729869051721e+01
1.188040686260901069e+01
1.188039282747151404e+01
1.188037589703646191e+01
1.188035691866094901e+01
1.188033684099349685e+01
1.188031666654300977e+01
1.188029740149010394e+01
1.188028000530919392e+01
1.188026534281413049e+01
1.188025414110667732e+01
1.188024695360569893e+01
1.188024413290690262e+01
1.188024581372282462e+01
1.188025190663341490e+01
1.188026210287174678e+01
1.188027588988634164e+01
1.188029257695317042e+01
1.188031132964752601e+01
1.188033121153373628e+01
1.188035123101805723e+01
1.188037039098438186e+01
1.188038773864434994e+01
1.188040241301842492e+01
1.188041368762691263e+01
1.188042100628276110e+01
1.188042401029081852e+01
1.188042255581980022e+01
1.188041672068452215e+01
1.188040680024455753e+01
1.188039329259533261e+01
1.188037687371070206e+01
1.188035836369099485e+01
1.188033868575431207e+01
1.188031882003619799e+01
1.188029975457995846e+01
1.188028243606069978e+01
1.188026772277115128e+01
1.188025634221893156e+01
1.188024885538087894e+01
1.188024562928039352e+01
1.188024681913816494e+01
1.188025236091701586e+01
1.188026197463532085e+01
1.188027517835000069e+01
1.188029131220216961e+01
1.188030957139206656e+01
1.188032904644373566e+01
1.188034876869093992e+01
1.188036775861869465e+01
1.188038507456427695e+01
1.188039985932029552e+01
1.188041138236313898e+01
1.188041907570801392e+01
1.188042256172652777e+01
1.188042167162924123e+01
1.188041645371303723e+01
1.188040717091376841e+01
1.188039428769862482e+01
1.188037844687315925e+01
1.188036043743146131e+01
1.188034115509117683e+01
1.188032155756865293e+01
1.188030261691731582e+01
1.188028527135665158e+01
1.188027037897271576e+01
1.188025867550889458e+01
1.188025073822773336e+01
1.188024695753824744e+01
1.188024751775535748e+01
1.188025238797640881e+01
1.188026132360972831e+01
1.188027387856813455e+01
1.188028942757037498e+01
1.188030719742350882e+01
1.188032630565198389e+01
1.188034580445039801e+01
1.188036472769901053e+01
1.188038213869439730e+01
1.188039717628620195e+01
1.188040909723855876e+01
1.188041731282273439e+01
1.188042141788695005e+01
1.188042121095171666e+01
1.188041670426257568e+01
1.188040812320753403e+01
1.188039589506003679e+01
1.188038062759933844e+01
1.188036307872935282e+01
1.188034411870300211e+01
1.188032468691795174e+01
1.188030574546615092e+01
1.188028823170711590e+01
1.188027301212289544e+01
1.188026083963069723e+01
1.188025231638899193e+01
1.188024786392728060e+01
1.188024770213642611e+01
1.188025183825701703e+01
1.188026006649832489e+01
1.188027197834080262e+01
1.188028698297432939e+01
1.188030433676892628e+01
1.188032318021701705e+01
1.188034258045561309e+01
1.188036157727056796e+01
1.188037923038030996e+01
1.188039466576642589e+01
1.188040711884882583e+01
1.188041597240113489e+01
1.188042078728963347e+01
1.188042132442259025e+01
1.188041755672445632e+01
1.188040967048322827e+01
1.188039805601349386e+01
1.188038328816931077e+01
1.188036609777124575e+01
1.188034733543985766e+01
1.188032792964317608e+01
1.188030884098079909e+01
1.188029101486569417e+01
1.188027533484324039e+01
1.188026257880205350e+01
1.188025338026087141e+01
1.188024819672886601e+01
1.188024728681236475e+01
1.188025069728335836e+01
1.188025826076950864e+01
1.188026960412962829e+01
1.188028416700709755e+01
1.188030122955470880e+01
1.188031994792093471e+01
1.188033939577501386e+01
1.188035860990729908e+01
1.188037663775579844e+01
1.188039258458104719e+01
1.188040565796049286e+01
1.188041520733555600e+01
1.188042075654814234e+01
1.188042202765788424e+01
1.188041895481426735e+01
1.188041168752005561e+01
1.188040058320241243e+01
1.188038618955075343e+01
1.188036921755170994e+01
1.188035050654578129e+01
1.188033098295920631e+01
1.188031161464465590e+01
1.188029336299872618e+01
1.188027713519412742e+01
1.188026373893452003e+01
1.188025384207136526e+01
1.188024793919262656e+01
1.188024632690966698e+01
1.188024908906984756e+01
1.188025609256640003e+01
1.188026699386327500e+01
1.188028125584219730e+01
1.188029817412765254e+01
1.188031691164585801e+01
1.188033653981159432e+01
1.188035608440768875e+01
1.188037457394041141e+01
1.188039108805749322e+01
1.188040480354587025e+01
1.188041503551819744e+01
1.188042127165673634e+01
1.188042319778701028e+01
1.188042071355144991e+01
1.188041393748734187e+01
1.188040320133620575e+01
1.188038903389791656e+01
1.188037213519138646e+01
1.188035334210620242e+01
1.188033358713442134e+01
1.188031385214806690e+01
1.188029511950364991e+01
1.188027832296194752e+01
1.188026430096592101e+01
1.188025375469870326e+01
1.188024721305687237e+01
1.188024500626141133e+01
1.188024724934509813e+01
1.188025383625168985e+01
1.188026444479085519e+01
1.188027855222089357e+01
1.188029546076912446e+01
1.188031433193904007e+01
1.188033422799945349e+01
1.188035415863381417e+01
1.188037313039562726e+01
1.188039019641840000e+01
1.188040450380243129e+01
1.188041533625033352e+01
1.188042214982451128e+01
1.188042460010392354e+01
1.188042255947483561e+01
1.188041612376136769e+01
1.188040560787336730e+01
1.188039153062404374e+01
1.188037458936060276e+01
1.188035562555591085e+01
1.188033558300624115e+01
1.188031546072324396e+01
1.188029626294114749e+01
1.188027894883495250e+01
1.188026438454046740e+01
1.188025329989388901e+01
1.188024625200573148e+01
1.188024359740075298e+01
1.188024547403264108e+01
1.188025179403947362e+01
1.188026224764239203e+01
1.188027631809391238e+01
1.188029330705028030e+01
1.188031236919113276e+01
1.188033255438077340e+01
1.188035285521608131e+01
1.188037225749202541e+01
1.188038979097219361e+01
1.188040457788349080e+01
1.188041587673499677e+01
1.188042311934904305e+01
1.188042593934491364e+01
1.188042419070790423e+01
1.188041795550350166e+01
1.188040754026999224e+01
1.188039346115088790e+01
1.188037641840445602e+01
1.188035726151566074e+01
1.188033694668129314e+01
1.188031648887834812e+01
1.188029691101100660e+01
1.188027919274287392e+01
1.188026422157119910e+01
1.188025274852434165e+01
1.188024535060363718e+01
1.188024240177324842e+01
1.188024405393473337e+01
1.188025022889599569e+01
1.188026062184473020e+01
1.188027471626534570e+01
1.188029180962208997e+01
1.188031104852068687e+01
1.188033147152074420e+01
1.188035205735769750e+01
1.188037177608139849e+01
1.188038964053019875e+01
1.188040475561054343e+01
1.188041636300662773e+01
1.188042387917206710e+01
1.188042692474414963e+01
1.188042534387835758e+01
1.188041921244314381e+01
1.188040883454962682e+01
1.188039472750292447e+01
1.188037759590742404e+01
1.188035829627397710e+01
1.188033779399766665e+01
1.188031711495385601e+01
1.188029729418064306e+01
1.188027932419196020e+01
1.188026410542714117e+01
1.188025240122061277e+01
1.188024479948268741e+01
1.188024168301345895e+01
1.188024321000773931e+01
1.188024930583621774e+01
1.188025966661172461e+01
1.188027377440409005e+01
1.188029092331095882e+01
1.188031025499141080e+01
1.188033080178129453e+01
1.188035153516390885e+01
1.188037141716776546e+01
1.188038945218203857e+01
1.188040473669285468e+01
1.188041650453206799e+01
1.188042416539756907e+01
1.188042733466904899e+01
1.188042585292761366e+01
1.188041979409665139e+01
1.188040946173405743e+01
1.188039537367107812e+01
1.188037823584332031e+01
1.188035890673131689e+01
1.188033835427802387e+01
1.188031760746719101e+01
1.188029770494306803e+01
1.188027964315241114e+01
1.188026432651266973e+01
1.188025252205394899e+01
1.188024482082801647e+01
1.188024160809936625e+01
1.188024304391546160e+01
1.188024905510615703e+01
1.188025933912557619e+01
1.188027337948522444e+01
1.188029047190169862e+01
1.188030975974829850e+01
1.188033027698204158e+01
1.188035099641471959e+01
1.188037088098893435e+01
1.188038893559001608e+01
1.188040425686873824e+01
1.188041607858539450e+01
1.188042381014198767e+01
1.188042706627240364e+01
1.188042568631395213e+01
1.188041974206088902e+01
1.188040953384653875e+01
1.188039557514795952e+01
1.188037856659611080e+01
1.188035936076898658e+01
1.188033891953837262e+01
1.188031826604521335e+01
1.188029843361187510e+01
1.188028041406561286e+01
1.188026510803181779e+01
1.188025327972576228e+01
1.188024551859625788e+01
1.188024220983693802e+01
1.188024351529501388e+01
1.188024936571585144e+01
1.188025946462800064e+01
1.188027330355886590e+01
1.188029018772316192e+01
1.188030927086129296e+01
1.188032959751988393e+01
1.188035015074524381e+01
1.188036990289594463e+01
1.188038786708316508e+01
1.188040314664843322e+01
1.188041498012608699e+01
1.188042277934129132e+01
1.188042615866566365e+01
1.188042495396063991e+01
1.188041923032828251e+01
1.188040927839548289e+01
1.188039559942921386e+01
1.188037888008976672e+01
1.188035995807456402e+01
1.188033978029885951e+01
1.188031935561056684e+01
1.188029970433660765e+01
1.188028180717777538e+01
1.188026655606689985e+01
1.188025470954329954e+01
1.188024685495940247e+01
1.188024337943870989e+01
1.188024445099272519e+01
1.188025001063736319e+01
1.188025977578308101e+01
1.188027325464280004e+01
1.188028977091849470e+01
1.188030849758379404e+01
1.188032849816452163e+01
1.188034877353554464e+01
1.188036831192470899e+01
1.188038613958595491e+01
1.188040136952035297e+01
1.188041324571547364e+01
1.188042118064055863e+01
1.188042478414489089e+01
1.188042388240519820e+01
1.188041852609804394e+01
1.188040898749344443e+01
1.188039574665949694e+01
1.188037946743843243e+01
1.188036096431339850e+01
1.188034116173299637e+01
1.188032104787646404e+01
1.188030162518574429e+01
1.188028386021035665e+01
1.188026863536729039e+01
1.188025670509508558e+01
1.188024865859687473e+01
1.188024489096435943e+01
1.188024558400800146e+01
1.188025069763290986e+01
1.188025997212076135e+01
1.188027294120549016e+01
1.188028895535570051e+01
1.188030721419271352e+01
1.188032680649300232e+01
1.188034675578524180e+01
1.188036606920695704e+01
1.188038378708568743e+01
1.188039903068416692e+01
1.188041104569683348e+01
1.188041923937266908e+01
1.188042320951835151e+01
1.188042276405848696e+01
1.188041793026744308e+01
1.188040895323532631e+01
1.188039628359718236e+01
1.188038055505090007e+01
1.188036255270626640e+01
1.188034317381573324e+01
1.188032338288389589e+01
1.188030416348257923e+01
1.188028646926921184e+01
1.188027117670427657e+01
1.188025904180727998e+01
1.188025066301987209e+01
1.188024645190510675e+01
1.188024661303628271e+01
1.188025113402870403e+01
1.188025978623566381e+01
1.188027213615247746e+01
1.188028756704843225e+01
1.188030530979890642e+01
1.188032448136516805e+01
1.188034412892812597e+01
1.188036327737688680e+01
1.188038097771242896e+01
1.188039635394679649e+01
1.188040864622790593e+01
1.188041724815745503e+01
1.188042173656008771e+01
1.188042189229115841e+01
1.188041771104498423e+01
1.188040940356000696e+01
1.188039738512013521e+01
1.188038225480789656e+01
1.188036476553467402e+01
1.188034578639790340e+01
1.188032625933547415e+01
1.188030715232301660e+01
1.188028941147824824e+01
1.188027391441670133e+01
1.188026142707935406e+01
1.188025256606010416e+01
1.188024776821795037e+01
1.188024726906292017e+01
1.188025109103911348e+01
1.188025904237745856e+01
1.188027072665848749e+01
1.188028556264189817e+01
1.188030281334008365e+01
1.188032162280091342e+01
1.188034105867257395e+01
1.188036015837622195e+01
1.188037797660419770e+01
1.188039363186517505e+01
1.188040634988007227e+01
1.188041550177374717e+01
1.188042063520830638e+01
1.188042149688148186e+01
1.188041804518960021e+01
1.188041045233334714e+01
1.188039909570724539e+01
1.188038453901205393e+01
1.188036750410100773e+01
1.188034883505752504e+01
1.188032945636500237e+01
1.188031032726074798e+01
1.188029239448249363e+01
1.188027654564602997e+01
1.188026356545811169e+01
1.188025409687324618e+01
1.188024860912968883e+01
1.188024737432336586e+01
1.188025045378186562e+01
1.188025769499115292e+01
1.188026873924312810e+01
1.188028303957134213e+01
1.188029988798962577e+01
1.188031845059252056e+01
1.188033780873767498e+01
1.188035700430186026e+01
1.188037508686021226e+01
1.188039116056154754e+01
1.188040442845589162e+01
1.188041423208980696e+01
1.188042008434916319e+01
1.188042169382209501e+01
1.188041897938194147e+01
1.188041207422505430e+01
1.188040131919047937e+01
1.188038724577434735e+01
1.188037054977555940e+01
1.188035205693834762e+01
1.188033268228643458e+01
1.188031338508868018e+01
1.188029512157756784e+01
1.188027879766777239e+01
1.188026522398048535e+01
1.188025507543939341e+01
1.188024885753426929e+01
1.188024688102911597e+01
1.188024924643609026e+01
1.188025583902446058e+01
1.188026633454754588e+01
1.188028021530980816e+01
1.188029679570404973e+01
1.188031525593953575e+01
1.188033468234686651e+01
1.188035411236710637e+01
1.188037258210162506e+01
1.188038917412518103e+01
1.188040306317849648e+01
1.188041355739599503e+01
1.188042013291704002e+01
1.188042246007815450e+01
1.188042041986029140e+01
1.188041410981657542e+01
1.188040383927144461e+01
1.188039011411182955e+01
1.188037361195977581e+01
1.188035514892224320e+01
1.188033563947236537e+01
1.188031605133799395e+01
1.188029735755253569e+01
1.188028048803243664e+01
1.188026628314317001e+01
1.188025545166239816e+01
1.188024853532750313e+01
1.188024588177888674e+01
1.188024762722400496e+01
1.188025368960907358e+01
1.188026377255014587e+01
1.188027737977578369e+01
1.188029383937936601e+01
1.188031233675804366e+01
1.188033195471874137e+01
1.188035171885908525e+01
1.188037064601061132e+01
1.188038779330354089e+01
1.188040230532367048e+01
1.188041345691244466e+01
1.188042068941163620e+01
1.188042363854460071e+01
1.188042215260436052e+01
1.188041630013083250e+01
1.188040636676343986e+01
1.188039284143502172e+01
1.188037639253171740e+01
1.188035783509299037e+01
1.188033809056867618e+01
1.188031814106606632e+01
1.188029898036879750e+01
1.188028156423889037e+01
1.188026676258109227e+01
1.188025531593741135e+01
1.188024779850631241e+01
1.188024458948831885e+01
1.188024585410169998e+01
1.188025153513367549e+01
1.188026135541662676e+01
1.188027483114634819e+01
1.188029129547958007e+01
1.188030993135562596e+01
1.188032981199659233e+01
1.188034994709071945e+01
1.188036933230637793e+01
1.188038699957222910e+01
1.188040206552147460e+01
1.188041377563591539e+01
1.188042154190680222e+01
1.188042497220762428e+01
1.188042389000157506e+01
1.188041834345476744e+01
1.188040860348724159e+01
1.188039515077662145e+01
1.188037865224309364e+01
1.188035992808126196e+01
1.188033991093385389e+01
1.188031959927043779e+01
1.188030000738311287e+01
1.188028211459612749e+01
1.188026681629229842e+01
1.188025487920347878e+01
1.188024690313632981e+01
1.188024329095335574e+01
1.188024422823635717e+01
1.188024967363573836e+01
1.188025936044786768e+01
1.188027280945266995e+01
1.188028935248572182e+01
1.188030816563932568e+01
1.188032831043367388e+01
1.188034878083370138e+01
1.188036855366311251e+01
1.188038663981453347e+01
1.188040213367126086e+01
1.188041425831295506e+01
1.188042240433290431e+01
1.188042616041304989e+01
1.188042533416766844e+01
1.188041996218115770e+01
1.188041030864264336e+01
1.188039685252702782e+01
1.188038026387212653e+01
1.188036137031292228e+01
1.188034111559485240e+01
1.188032051223608043e+01
1.188030059080000633e+01
1.188028234836199459e+01
1.188026669872505892e+01
1.188025442679582433e+01
1.188024614930819212e+01
1.188024228379822844e+01
1.188024302738817894e+01
1.188024834651597494e+01
1.188025797823679319e+01
1.188027144313397798e+01
1.188028806924032033e+01
1.188030702574661746e+01
1.188032736472650619e+01
1.188034806868971494e+01
1.188036810151687561e+01
1.188038646022472911e+01
1.188040222503385834e+01
1.188041460532910598e+01
1.188042297929297675e+01
1.188042692525136168e+01
1.188042624311325213e+01
1.188042096472912235e+01
1.188041135253981828e+01
1.188039788651574469e+01
1.188038124004404317e+01
1.188036224604239166e+01
1.188034185509924079e+01
1.188032108782113916e+01
1.188030098379888244e+01
1.188028254970341280e+01
1.188026670901876081e+01
1.188025425583621164e+01
1.188024581497616872e+01
1.188024181045784822e+01
1.188024244398062379e+01
1.188024768460312330e+01
1.188025727021901368e+01
1.188027072077400881e+01
1.188028736250891981e+01
1.188030636191555267e+01
1.188032676760681383e+01
1.188034755795299802e+01
1.188036769211770860e+01
1.188038616201619035e+01
1.188040204269278455e+01
1.188041453866431496e+01
1.188042302391340499e+01
1.188042707346496840e+01
1.188042648486073993e+01
1.188042128836192646e+01
1.188041174532907895e+01
1.188039833489426300e+01
1.188038172968590089e+01
1.188036276192997143e+01
1.188034238169913337e+01
1.188032160940683113e+01
1.188030148486385329e+01
1.188028301535117670e+01
1.188026712522520079e+01
1.188025460954978385e+01
1.188024609411777988e+01
1.188024200395613761e+01
1.188024254199075713e+01
1.188024767899771561e+01
1.188025715533219717e+01
1.188027049426987247e+01
1.188028702618182031e+01
1.188030592223916138e+01
1.188032623592495796e+01
1.188034695031220522e+01
1.188036702882904549e+01
1.188038546706412291e+01
1.188040134307138729e+01
1.188041386364051277e+01
1.188042240413926010e+01
1.188042653983185382e+01
1.188042606703011472e+01
1.188042101300795750e+01
1.188041163424548685e+01
1.188039840320042195e+01
1.188038198437748783e+01
1.188036320095391929e+01
1.188034299361939716e+01
1.188032237361646892e+01
1.188030237223534868e+01
1.188028398922073769e+01
1.188026814266472186e+01
1.188025562295135451e+01
1.188024705315391927e+01
1.188024285795294333e+01
1.188024324266313592e+01
1.188024818337781774e+01
1.188025742862414624e+01
1.188027051232929310e+01
1.188028677736442518e+01
1.188030540847157823e+01
1.188032547297875574e+01
1.188034596735920090e+01
1.188036586738979494e+01
1.188038417943176306e+01
1.188039999023196103e+01
1.188041251266558085e+01
1.188042112503678105e+01
1.188042540191773178e+01
1.188042513500160524e+01
1.188042034301364858e+01
1.188041127030501443e+01
1.188039837430281231e+01
1.188038230248736227e+01
1.188036386001811273e+01
1.188034396954449257e+01
1.188032362512065276e+01
1.188030384247699445e+01
1.188028560814886525e+01
1.188026983007960347e+01
1.188025729226408700e+01
1.188024861577122415e+01
1.188024422810065950e+01
1.188024434233900806e+01
1.188024894704239998e+01
1.188025780723464919e+01
1.188027047640095191e+01
1.188028631887994280e+01
1.188030454160140081e+01
1.188032423367627821e+01
1.188034441193017088e+01
1.188036407011462003e+01
1.188038222928048526e+01
1.188039798670118508e+01
1.188041056081554103e+01
1.188041932991387029e+01
1.188042386267914807e+01
1.188042393916301087e+01
1.188041956127256960e+01
1.188041095233531408e+01
1.188039854578742371e+01
1.188038296350338285e+01
1.188036498476161995e+01
1.188034550731544314e+01
1.188032550248273367e+01
1.188030596653320892e+01
1.188028787088684801e+01
1.188027211370382830e+01
1.188025947533625271e+01
1.188025057984764388e+01
1.188024586443391684e+01
1.188024555814920724e+01
1.188024967088986372e+01
1.188025799313568243e+01
1.188027010648401571e+01
1.188028540452899406e+01
1.188030312313265746e+01
1.188032237862934792e+01
1.188034221204320140e+01
1.188036163703825743e+01
1.188037968910993492e+01
1.188039547349076486e+01
1.188040820937247588e+01
1.188041726830548583e+01
1.188042220497735357e+01
1.188042277895419296e+01
1.188041896637358974e+01
1.188041096100672256e+01
1.188039916457341327e+01
1.188038416670327457e+01
1.188036671547458134e+01
1.188034767999085872e+01
1.188032800691724589e+01
1.188030867323839423e+01
1.188029063767999283e+01
1.188027479324932756e+01
1.188026192321995111e+01
1.188025266265173663e+01
1.188024746724091507e+01
1.188024659095900226e+01
1.188025007356799101e+01
1.188025773867821044e+01
1.188026920253293817e+01
1.188028389316417410e+01
1.188030107899799148e+01
1.188031990544889460e+01
1.188033943759258371e+01
1.188035870669443028e+01
1.188037675821925987e+01
1.188039269894600736e+01
1.188040574092589097e+01
1.188041524021615736e+01
1.188042072856763554e+01
1.188042193653755696e+01
1.188041880685301344e+01
1.188041149728121582e+01
1.188040037277406213e+01
1.188038598722495465e+01
1.188036905575740754e+01
1.188035041899719246e+01
1.188033100120447827e+01
1.188031176442518699e+01
1.188029366095620887e+01
1.188027758642918208e+01
1.188026433573550378e+01
1.188025456386945855e+01
1.188024875356581944e+01
1.188024719134198648e+01
1.188024995320234112e+01
1.188025690081039265e+01
1.188026768839240077e+01
1.188028178004299029e+01
1.188029847651827708e+01
1.188031695008866251e+01
1.188033628562857125e+01
1.188035552586262611e+01
1.188037371855505064e+01
1.188038996339456865e+01
1.188040345636246187e+01
1.188041352946635065e+01
1.188041968388643355e+01
1.188042161483731363e+01
1.188041922681779994e+01
1.188041263840355555e+01
1.188040217630602768e+01
1.188038835902244728e+01
1.188037187097259206e+01
1.188035352850278059e+01
1.188033423950564327e+01
1.188031495865255494e+01
1.188029664038448630e+01
1.188028019188116247e+01
1.188026642824229917e+01
1.188025603206149228e+01
1.188024951942946927e+01
1.188024721414111085e+01
1.188024923148595313e+01
1.188025547249009506e+01
1.188026562889172588e+01
1.188027919853584535e+01
1.188029551032736819e+01
1.188031375742767715e+01
1.188033303703165799e+01
1.188035239480816685e+01
1.188037087190496521e+01
1.188038755229512233e+01
1.188040160817962487e+01
1.188041234118524336e+01
1.188041921723952044e+01
1.188042189328972142e+01
1.188042023445732376e+01
1.188041432075318937e+01
1.188040444306426302e+01
1.188039108869900318e+01
1.188037491729495621e+01
1.188035672832218737e+01
1.188033742176224195e+01
1.188031795382018352e+01
1.188029928975256588e+01
1.188028235606734739e+01
1.188026799444975090e+01
1.188025691975624198e+01
1.188024968426235795e+01
1.188024665003729652e+01
1.188024797086596074e+01
1.188025358459579550e+01
1.188026321621217107e+01
1.188027639139898284e+01
1.188029245985526572e+01
1.188031062722178177e+01
1.188032999411158031e+01
1.188034960042146437e+01
1.188036847282485553e+01
1.188038567313044069e+01
1.188040034507298692e+01
1.188041175712285735e+01
1.188041933908316672e+01
1.188042271058630917e+01
1.188042170006810494e+01
1.188041635333429902e+01
1.188040693138204418e+01
1.188039389765516063e+01
1.188037789537884414e+01
1.188035971604106322e+01
1.188034026047750835e+01
1.188032049438016813e+01
1.188030140037191984e+01
1.188028392903387065e+01
1.188026895139367412e+01
1.188025721534289758e+01
1.188024930823847569e+01
1.188024562757808944e+01
1.188024636116927724e+01
1.188025147769580769e+01
1.188026072806928291e+01
1.188027365746574660e+01
1.188028962748674822e+01
1.188030784744131019e+01
1.188032741331190323e+01
1.188034735255516416e+01
1.188036667253044421e+01
1.188038441009500268e+01
1.188039967979938893e+01
1.188041171818651520e+01
1.188041992193708474e+01
1.188042387797778510e+01
1.188042338412389398e+01
1.188041845931517493e+01
1.188040934298910223e+01
1.188039648361009171e+01
1.188038051684460683e+01
1.188036223434985139e+01
1.188034254462317740e+01
1.188032242781212489e+01
1.188030288676245938e+01
1.188028489682946542e+01
1.188026935705705256e+01
1.188025704522854831e+01
1.188024857903591425e+01
1.188024438524530169e+01
1.188024467830764408e+01
1.188024944941019534e+01
1.188025846650352513e+01
1.188027128536335120e+01
1.188028727124737394e+01
1.188030563018376284e+01
1.188032544840414317e+01
1.188034573795487603e+01
1.188036548614388899e+01
1.188038370625570117e+01
1.188039948691948666e+01
1.188041203763807019e+01
1.188042072824406326e+01
1.188042512039771026e+01
1.188042498963796056e+01
1.188042033692352284e+01
1.188041138905353833e+01
1.188039858784974712e+01
1.188038256851930363e+01
1.188036412818458132e+01
1.188034418612374843e+01
1.188032373775421036e+01
1.188030380475218273e+01
1.188028538389503019e+01
1.188026939723129161e+01
1.188025664604851173e+01
1.188024777086281958e+01
1.188024321933761129e+01
1.188024322367519403e+01
1.188024778861935893e+01
1.188025669074565016e+01
1.188026948919106829e+01
1.188028554739283926e+01
1.188030406480073431e+01
1.188032411695488832e+01
1.188034470184356373e+01
1.188036479012381186e+01
1.188038337662618282e+01
1.188039953056379439e+01
1.188041244199548530e+01
1.188042146231289919e+01
1.188042613680514847e+01
1.188042622769337164e+01
1.188042172643119976e+01
1.188041285455054741e+01
1.188040005289636625e+01
1.188038395971624794e+01
1.188036537869985487e+01
1.188034523863480807e+01
1.188032454679851035e+01
1.188030433850230416e+01
1.188028562533934362e+01
1.188026934468314266e+01
1.188025631287413120e+01
1.188024718434585836e+01
1.188024241869095832e+01
1.188024225734067585e+01
1.188024671111341135e+01
1.188025555936820510e+01
1.188026836089304794e+01
1.188028447600681403e+01
1.188030309872016588e+01
1.188032329725018421e+01
1.188034406076457472e+01
1.188036434996487500e+01
1.188038314899509373e+01
1.188039951615454548e+01
1.188041263097403188e+01
1.188042183536675722e+01
1.188042666679738524e+01
1.188042688174218853e+01
1.188042246815823333e+01
1.188041364623785867e+01
1.188040085736483142e+01
1.188038474185339410e+01
1.188036610667279014e+01
1.188034588487819398e+01
1.188032508885146754e+01
1.188030475969872590e+01
1.188028591527691091e+01
1.188026949935460053e+01
1.188025633436859252e+01
1.188024708011333175e+01
1.188024220047405777e+01
1.188024193996441191e+01
1.188024631134674003e+01
1.188025509501867383e+01
1.188026785019050990e+01
1.188028393722034082e+01
1.188030254988197143e+01
1.188032275585922193e+01
1.188034354340577181e+01
1.188036387187229259e+01
1.188038272365954739e+01
1.188039915509113698e+01
1.188041234371195820e+01
1.188042162962835846e+01
1.188042654874137227e+01
1.188042685610446370e+01
1.188042253815626736e+01
1.188041381319971634e+01
1.188040112016069294e+01
1.188038509629428319e+01
1.188036654506005796e+01
1.188034639583279528e+01
1.188032565745235658e+01
1.188030536786285651e+01
1.188028654226465797e+01
1.188027012230375590e+01
1.188025692883341478e+01
1.188024762067148465e+01
1.188024266151601438e+01
1.188024229676525323e+01
1.188024654143955772e+01
1.188025517977399481e+01
1.188026777640664200e+01
1.188028369848919397e+01
1.188030214753137770e+01
1.188032219936991929e+01
1.188034285031574200e+01
1.188036306726391800e+01
1.188038183934431480e+01
1.188039822856176464e+01
1.188041141685578772e+01
1.188042074713602858e+01
1.188042575614232987e+01
1.188042619742743078e+01
1.188042205332603274e+01
1.188041353539401257e+01
1.188040107341288376e+01
1.188038529361036311e+01
1.188036698722861217e+01
1.188034707098148068e+01
1.188032654129505339e+01
1.188030642452836716e+01
1.188028772561118629e+01
1.188027137768110464e+01
1.188025819531259231e+01
1.188024883377542906e+01
1.188024375643375663e+01
1.188024321192658661e+01
1.188024722220815121e+01
1.188025558193436559e+01
1.188026786911180110e+01
1.188028346640797395e+01
1.188030159206032543e+01
1.188032133890579445e+01
1.188034171967343333e+01
1.188036171634691129e+01
1.188038033114030334e+01
1.188039663648292077e+01
1.188040982141886204e+01
1.188041923201401850e+01
1.188042440371704878e+01
1.188042508409803766e+01
1.188042124493121321e+01
1.188041308313975897e+01
1.188040101064582110e+01
1.188038563365617506e+01
1.188036772237121497e+01
1.188034817254234454e+01
1.188032796071675001e+01
1.188030809537343657e+01
1.188028956642697764e+01
1.188027329570770263e+01
1.188026009098688895e+01
1.188025060589866833e+01
1.188024530774514353e+01
1.188024445470759183e+01
1.188024808348042427e+01
1.188025600783749169e+01
1.188026782815122573e+01
1.188028295141170787e+01
1.188030062082381377e+01
1.188031995359413351e+01
1.188033998507417621e+01
1.188035971704350757e+01
1.188037816764876275e+01
1.188039442040653704e+01
1.188040766974940254e+01
1.188041726083178240e+01
1.188042272167394131e+01
1.188042378615586436e+01
1.188042040683260581e+01
1.188041275700534705e+01
1.188040122194686887e+01
1.188038637965669153e+01
1.188036897201639164e+01
1.188034986771603130e+01
1.188033001879146511e+01
1.188031041299619339e+01
1.188029202447868116e+01
1.188027576531316143e+01
1.188026244033676448e+01
1.188025270750635087e+01
1.188024704565041390e+01
1.188024573110074833e+01
1.188024882427450812e+01
1.188025616684679697e+01
1.188026738969719176e+01
1.188028193132013222e+01
1.188029906586313622e+01
1.188031793942831982e+01
1.188033761279270450e+01
1.188035710833032077e+01
1.188037545869955736e+01
1.188039175481108067e+01
1.188040519069904377e+01
1.188041510314395310e+01
1.188042100419444580e+01
1.188042260507623027e+01
1.188041983034877092e+01
1.188041282158320300e+01
1.188040193030178315e+01
1.188038770044237324e+01
1.188037084116866993e+01
1.188035219139222143e+01
1.188033267784577163e+01
1.188031326889506012e+01
1.188029492646584728e+01
1.188027855849433578e+01
1.188026497420867145e+01
1.188025484435590862e+01
1.188024866823696790e+01
1.188024674911592626e+01
1.188024917922450285e+01
1.188025583517088712e+01
1.188026638407326097e+01
1.188028030018490355e+01
1.188029689119629140e+01
1.188031533285107955e+01
1.188033471005679331e+01
1.188035406235364277e+01
1.188037243144001387e+01
1.188038890842553741e+01
1.188040267855941678e+01
1.188041306132908659e+01
1.188041954402575939e+01
1.188042180713292417e+01
1.188041974022963210e+01
1.188041344752888584e+01
1.188040324269111991e+01
1.188038963313393737e+01
1.188037329464932945e+01
1.188035503767518364e+01
1.188033576699526250e+01
1.188031643693251915e+01
1.188029800425547400e+01
1.188028138106111697e+01
1.188026738985996822e+01
1.188025672299076696e+01
1.188024990833249284e+01
1.188024728304212019e+01
1.188024897670495683e+01
1.188025490483036251e+01
1.188026477307639439e+01
1.188027809198793960e+01
1.188029420144651915e+01
1.188031230351845480e+01
1.188033150199085597e+01
1.188035084661421337e+01
1.188036937991027386e+01
1.188038618432766924e+01
1.188040042751544867e+01
1.188041140353460712e+01
1.188041856795765661e+01
1.188042156504442382e+01
1.188042024554612297e+01
1.188041467417452779e+01
1.188040512634451851e+01
1.188039207439843814e+01
1.188037616408702135e+01
1.188035818256359200e+01
1.188033901952169558e+01
1.188031962337495884e+01
1.188030095456164759e+01
1.188028393817681660e+01
1.188026941819579640e+01
1.188025811553992028e+01
1.188025059211758716e+01
1.188024722272305311e+01
1.188024817628328123e+01
1.188025340743108416e+01
1.188026265880044363e+01
1.188027547385130234e+01
1.188029121949320910e+01
1.188030911732503725e+01
1.188032828194786994e+01
1.188034776452591501e+01
1.188036659954679486e+01
1.188038385256096419e+01
1.188039866657507204e+01
1.188041030476614068e+01
1.188041818730836141e+01
1.188042192038151867e+01
1.188042131585146066e+01
1.188041640064074755e+01
1.188040741538345912e+01
1.188039480252153268e+01
1.188037918450782726e+01
1.188036133321427634e+01
1.188034213200871925e+01
1.188032253227661350e+01
1.188030350643409960e+01
1.188028599969665322e+01
1.188027088300250433e+01
1.188025890950181385e+01
1.188025067687822478e+01
1.188024659746282197e+01
1.188024687765536846e+01
1.188025150763669480e+01
1.188026026179920436e+01
1.188027270979060290e+01
1.188028823758592800e+01
1.188030607757564105e+01
1.188032534627099501e+01
1.188034508787054300e+01
1.188036432161146472e+01
1.188038209057460293e+01
1.188039750946604833e+01
1.188040980890147580e+01
1.188041837389302735e+01
1.188042277457171991e+01
1.188042278763199988e+01
1.188041840750238975e+01
1.188040984677404310e+01
1.188039752592135834e+01
1.188038205281574200e+01
1.188036419297221258e+01
1.188034483189127499e+01
1.188032493126254252e+01
1.188030548115852092e+01
1.188028745062326941e+01
1.188027173920130330e+01
1.188025913192395144e+01
1.188025026006670259e+01
1.188024556963956080e+01
1.188024529912330429e+01
1.188024946747233557e+01
1.188025787291082658e+01
1.188027010256962512e+01
1.188028555254373408e+01
1.188030345748258298e+01
1.188032292835616133e+01
1.188034299658968962e+01
1.188036266236957594e+01
1.188038094464641325e+01
1.188039693024208354e+01
1.188040981952713437e+01
1.188041896636062233e+01
1.188042391033737744e+01
1.188042439981688148e+01
1.188042040466822513e+01
1.188041211813274955e+01
1.188039994767718177e+01
1.188038449519606488e+01
1.188036652742872512e+01
1.188034693797063746e+01
1.188032670274442459e+01
1.188030683119707298e+01
1.188028831575288180e+01
1.188027208214072239e+01
1.188025894312600350e+01
1.188024955793990500e+01
1.188024439935757037e+01
1.188024372997832323e+01
1.188024758883439880e+01
1.188025578900558799e+01
1.188026792643769092e+01
1.188028339964262159e+01
1.188030143940519068e+01
1.188032114706706288e+01
1.188034153945564597e+01
1.188036159813340120e+01
1.188038032040824099e+01
1.188039676948764267e+01
1.188041012126434737e+01
1.188041970545384096e+01
1.188042503911926673e+01
1.188042585098513371e+01
1.188042209534398808e+01
1.188041395480754048e+01
1.188040183165675501e+01
1.188038632810594564e+01
1.188036821639053997e+01
1.188034840016890747e+01
1.188032786923233530e+01
1.188030764988701193e+01
1.188028875357342606e+01
1.188027212632049689e+01
1.188025860152133184e+01
1.188024885830457933e+01
1.188024338749389130e+01
1.188024246681443863e+01
1.188024614661397749e+01
1.188025424690400911e+01
1.188026636598559804e+01
1.188028190032038722e+01
1.188030007468154636e+01
1.188031998103197040e+01
1.188034062409239056e+01
1.188036097122484414e+01
1.188038000408490547e+01
1.188039676947571088e+01
1.188041042693511606e+01
1.188042029077076123e+01
1.188042586450655591e+01
1.188042686601839648e+01
1.188042324203240163e+01
1.188041517114889345e+01
1.188040305513662886e+01
1.188038749888151635e+01
1.188036928001650772e+01
1.188034930983633508e+01
1.188032858755574672e+01
1.188030815027183706e+01
1.188028902114107943e+01
1.188027215830423700e+01
1.188025840701964775e+01
1.188024845731775869e+01
1.188024280926943099e+01
1.188024174765108754e+01
1.188024532737322758e+01
1.188025337050973285e+01
1.188026547514578013e+01
1.188028103560093740e+01
1.188029927294663857e+01
1.188031927418744438e+01
1.188034003805623406e+01
1.188036052509838925e+01
1.188037970957543621e+01
1.188039663067821472e+01
1.188041044058000573e+01
1.188042044697661836e+01
1.188042614796678365e+01
1.188042725744548811e+01
1.188042371963056354e+01
1.188041571191014789e+01
1.188040363584641845e+01
1.188038809683766317e+01
1.188036987355750540e+01
1.188034987880354976e+01
1.188032911377206879e+01
1.188030861803355975e+01
1.188028941763812441e+01
1.188027247385048923e+01
1.188025863500993218e+01
1.188024859391681609e+01
1.188024285293908022e+01
1.188024169868653068e+01
1.188024518761501547e+01
1.188025314332359805e+01
1.188026516564964297e+01
1.188028065101611830e+01
1.188029882290291894e+01
1.188031877083741250e+01
1.188033949593861394e+01
1.188035996078998124e+01
1.188037914123938421e+01
1.188039607761976058e+01
1.188040992286116904e+01
1.188041998504975716e+01
1.188042576221337221e+01
1.188042696749156946e+01
1.188042354336814910e+01
1.188041566426236528e+01
1.188040372742690209e+01
1.188038833272134198e+01
1.188037025237131417e+01
1.188035039226708633e+01
1.188032974670587549e+01
1.188030934875751576e+01
1.188029021864366186e+01
1.188027331265906206e+01
1.188025947520322667e+01
1.188024939639667643e+01
1.188024357750262183e+01
1.188024230596094988e+01
1.188024564129835170e+01
1.188025341256102152e+01
1.188026522729042611e+01
1.188028049148174858e+01
1.188029843945965780e+01
1.188031817218127451e+01
1.188033870211862641e+01
1.188035900257100508e+01
1.188037805901350907e+01
1.188039491992623198e+01
1.188040874450671325e+01
1.188041884478289667e+01
1.188042471993047577e+01
1.188042608104113107e+01
1.188042286514037826e+01
1.188041523785358322e+01
1.188040358470612112e+01
1.188038849158157717e+01
1.188037071533711142e+01
1.188035114599702169e+01
1.188033076232449936e+01
1.188031058290928854e+01
1.188029161518239363e+01
1.188027480494041654e+01
1.188026098898849803e+01
1.188025085336495756e+01
1.188024489929305538e+01
1.188024341854906041e+01
1.188024647939538347e+01
1.188025392366248134e+01
1.188026537501855628e+01
1.188028025796342746e+01
1.188029782662014000e+01
1.188031720196425667e+01
1.188033741572157354e+01
1.188035745879599325e+01
1.188037633179753705e+01
1.188039309507375840e+01
1.188040691564597040e+01
1.188041710862981759e+01
1.188042317105907841e+01
1.188042480648628185e+01
1.188042193924581547e+01
1.188041471778578995e+01
1.188040350697616176e+01
1.188038886977956210e+01
1.188037153913737143e+01
1.188035238138443894e+01
1.188033235294946266e+01
1.188031245249126755e+01
1.188029367091484900e+01
1.188027694185695360e+01
1.188026309520114232e+01
1.188025281597943206e+01
1.188024661067406385e+01
1.188024478250083504e+01
1.188024741678425933e+01
1.188025437705910825e+01
1.188026531206283032e+01
1.188027967331135137e+01
1.188029674246707401e+01
1.188031566721598153e+01
1.188033550389848436e+01
1.188035526473367476e+01
1.188037396719432692e+01
1.188039068297193701e+01
1.188040458403020416e+01
1.188041498346212599e+01
1.188042136919675684e+01
1.188042342899663417e+01
1.188042106560923017e+01
1.188041440137079441e+01
1.188040377201359732e+01
1.188038970991024890e+01
1.188037291750251079e+01
1.188035423218610731e+01
1.188033458441298507e+01
1.188031495117136416e+01
1.188029630726138564e+01
1.188027957687190828e+01
1.188026558788695120e+01
1.188025503113940751e+01
1.188024842652994906e+01
1.188024609758023686e+01
1.188024815561104930e+01
1.188025449432754677e+01
1.188026479514129363e+01
1.188027854305450326e+01
1.188029505238646522e+01
1.188031350107400286e+01
1.188033297178349557e+01
1.188035249769039403e+01
1.188037111055459860e+01
1.188038788865755890e+01
1.188040200224904908e+01
1.188041275433950794e+01
1.188041961492891119e+01
1.188042224706221894e+01
1.188042052344345123e+01
1.188041453273932291e+01
1.188040457517273296e+01
1.188039114754243997e+01
1.188037491837870441e+01
1.188035669450298926e+01
1.188033738074089740e+01
1.188031793489139964e+01
1.188029932025516899e+01
1.188028245807722527e+01
1.188026818219215741e+01
1.188025719801066415e+01
1.188025004777974303e+01
1.188024708379121108e+01
1.188024845089128334e+01
1.188025407923890242e+01
1.188026368776559671e+01
1.188027679822334015e+01
1.188029275911503291e+01
1.188031077824704873e+01
1.188032996218522541e+01
1.188034936057214708e+01
1.188036801308385293e+01
1.188038499674719795e+01
1.188039947137427887e+01
1.188041072097022344e+01
1.188041818912865466e+01
1.188042150665702401e+01
1.188042050999450971e+01
1.188041524941231231e+01
1.188040598651292434e+01
1.188039318113371401e+01
1.188037746835440345e+01
1.188035962684357294e+01
1.188034054020801022e+01
1.188032115330853422e+01
1.188030242568328632e+01
1.188028528429969199e+01
1.188027057786530882e+01
1.188025903487646318e+01
1.188025122746247497e+01
1.188024754286821150e+01
1.188024816408464091e+01
1.188025306068126952e+01
1.188026199034068497e+01
1.188027451099423182e+01
1.188029000287494874e+01
1.188030769929561181e+01
1.188032672456070316e+01
1.188034613713478294e+01
1.188036497599873798e+01
1.188038230800599671e+01
1.188039727399001855e+01
1.188040913138127941e+01
1.188041729119147405e+01
1.188042134744440403e+01
1.188042109749254394e+01
1.188041655214370707e+01
1.188040793509254911e+01
1.188039567174673294e+01
1.188038036809619769e+01
1.188036278075216323e+01
1.188034377966305399e+01
1.188032430530587291e+01
1.188030532237328529e+01
1.188028777214318410e+01
1.188027252582492110e+01
1.188026034120015062e+01
1.188025182478119746e+01
1.188024740146941838e+01
1.188024729330676976e+01
1.188025150840479682e+01
1.188025984056061013e+01
1.188027187949248642e+01
1.188028703110001416e+01
1.188030454670248659e+01
1.188032355983510691e+01
1.188034312886907884e+01
1.188036228345528400e+01
1.188038007257398299e+01
1.188039561182709747e+01
1.188040812757408560e+01
1.188041699562156239e+01
1.188042177244638076e+01
1.188042221734809445e+01
1.188041830444468339e+01
1.188041022398703994e+01
1.188039837301633916e+01
1.188038333588684026e+01
1.188036585561517100e+01
1.188034679740360389e+01
1.188032710603437891e+01
1.188030775914650405e+01
1.188028971866677708e+01
1.188027388283432195e+01
1.188026104129024496e+01
1.188025183557016362e+01
1.188024672703824258e+01
1.188024597386664638e+01
1.188024961815002989e+01
1.188025748370749568e+01
1.188026918460881021e+01
1.188028414398609200e+01
1.188030162225244624e+01
1.188032075343337723e+01
1.188034058791946457e+01
1.188036013958713433e+01
1.188037843494435997e+01
1.188039456178817233e+01
1.188040771484990543e+01
1.188041723606826849e+01
1.188042264745207532e+01
1.188042367493060780e+01
1.188042026208482405e+01
1.188041257315818200e+01
1.188040098523507027e+01
1.188038606994341961e+01
1.188036856549646991e+01
1.188034934034459056e+01
1.188032935015180414e+01
1.188030959020994004e+01
1.188029104570620120e+01
1.188027464241748987e+01
1.188026120038679601e+01
1.188025139294465582e+01
1.188024571310455002e+01
1.188024444893633103e+01
1.188024766905661878e+01
1.188025521890238245e+01
1.188026672798229910e+01
1.188028162782333119e+01
1.188029917983633510e+01
1.188031851182084608e+01
1.188033866134403915e+01
1.188035862381059715e+01
1.188037740274541676e+01
1.188039405968007145e+01
1.188040776108258889e+01
1.188041781997926982e+01
1.188042373024635623e+01
1.188042519194874025e+01
1.188042212653583363e+01
1.188041468115427435e+01
1.188040322180760811e+01
1.188038831559498298e+01
1.188037070279619556e+01
1.188035126011742015e+01
1.188033095692547292e+01
1.188031080671919426e+01
1.188029181636084886e+01
1.188027493568934823e+01
1.188026101006283497e+01
1.188025073816363175e+01
1.188024463708855905e+01
1.188024301638158065e+01
1.188024596226440899e+01
1.188025333288222463e+01
1.188026476489577377e+01
1.188027969120992466e+01
1.188029736904844036e+01
1.188031691700394710e+01
1.188033735917016465e+01
1.188035767405948384e+01
1.188037684576607411e+01
1.188039391476475970e+01
1.188040802582107425e+01
1.188041847069067813e+01
1.188042472356673684e+01
1.188042646756781195e+01
1.188042361094137078e+01
1.188041629210134609e+01
1.188040487313343796e+01
1.188038992198445065e+01
1.188037218417043128e+01
1.188035254543731511e+01
1.188033198732215467e+01
1.188031153793860462e+01
1.188029222051964595e+01
1.188027500229894784e+01
1.188026074622914408e+01
1.188025016785800503e+01
1.188024379943853504e+01
1.188024196304295010e+01
1.188024475407279290e+01
1.188025203609157998e+01
1.188026344735109596e+01
1.188027841875890545e+01
1.188029620239258577e+01
1.188031590906996016e+01
1.188033655299532754e+01
1.188035710116071542e+01
1.188037652499756902e+01
1.188039385173110318e+01
1.188040821295447280e+01
1.188041888808497504e+01
1.188042534057893640e+01
1.188042724507405445e+01
1.188042450401707839e+01
1.188041725283220451e+01
1.188040585328122667e+01
1.188039087532009574e+01
1.188037306840629981e+01
1.188035332378973763e+01
1.188033262977418225e+01
1.188031202224434857e+01
1.188029253292031129e+01
1.188027513785434230e+01
1.188026070865041461e+01
1.188024996877731354e+01
1.188024345715485097e+01
1.188024150089801623e+01
1.188024419868768256e+01
1.188025141569925047e+01
1.188026279039091548e+01
1.188027775278705178e+01
1.188029555325581121e+01
1.188031530023447502e+01
1.188033600493693598e+01
1.188035663079239512e+01
1.188037614519584118e+01
1.188039357107492577e+01
1.188040803577845850e+01
1.188041881487376195e+01
1.188042536862343113e+01
1.188042736922323783e+01
1.188042471733291805e+01
1.188041754700515007e+01
1.188040621876899472e+01
1.188039130128638909e+01
1.188037354260909773e+01
1.188035383256989164e+01
1.188033315822909941e+01
1.188031255457313051e+01
1.188029305284645254e+01
1.188027562900855827e+01
1.188026115484039025e+01
1.188025035415970621e+01
1.188024376641191360e+01
1.188024171956138098e+01
1.188024431372084777e+01
1.188025141635774240e+01
1.188026266926386754e+01
1.188027750683611927e+01
1.188029518464520251e+01
1.188031481679819379e+01
1.188033542023092615e+01
1.188035596378325742e+01
1.188037541969836397e+01
1.188039281504330624e+01
1.188040728049181283e+01
1.188041809397350868e+01
1.188042471690777013e+01
1.188042682111655601e+01
1.188042430502805757e+01
1.188041729839356364e+01
1.188040615537653366e+01
1.188039143647609563e+01
1.188037388027567332e+01
1.188035436645081333e+01
1.188033387183693179e+01
1.188031342166306459e+01
1.188029403830539010e+01
1.188027669008816289e+01
1.188026224272558018e+01
1.188025141591934286e+01
1.188024474738003988e+01
1.188024256613217844e+01
1.188024497642872568e+01
1.188025185300102216e+01
1.188026284776529096e+01
1.188027740754573536e+01
1.188029480187888609e+01
1.188031415953287251e+01
1.188033451199533275e+01
1.188035484184843149e+01
1.188037413366944861e+01
1.188039142490357314e+01
1.188040585409423677e+01
1.188041670396022020e+01
1.188042343708850979e+01
1.188042572244384587e+01
1.188042345142985212e+01
1.188041674281106808e+01
1.188040593636678821e+01
1.188039157566702819e+01
1.188037438083311947e+01
1.188035521258056804e+01
1.188033502924904283e+01
1.188031483889492534e+01
1.188029564882662470e+01
1.188027841515664207e+01
1.188026399498496666e+01
1.188025310369164345e+01
1.188024627951026524e+01
1.188024385711661424e+01
1.188024595145290618e+01
1.188025245247357375e+01
1.188026303098002501e+01
1.188027715522276395e+01
1.188029411748320996e+01
1.188031306939398668e+01
1.188033306431792724e+01
1.188035310470617567e+01
1.188037219203902950e+01
1.188038937677054996e+01
1.188040380568554610e+01
1.188041476424446863e+01
1.188042171181308504e+01
1.188042430810083694e+01
1.188042242960965389e+01
1.188041617538275219e+01
1.188040586182125047e+01
1.188039200680874607e+01
1.188037530386135643e+01
1.188035658750450452e+01
1.188033679154956701e+01
1.188031690236157445e+01
1.188029790952024811e+01
1.188028075643421566e+01
1.188026629344978602e+01
1.188025523580914466e+01
1.188024812849639389e+01
1.188024531961237251e+01
1.188024694348625587e+01
1.188025291428720109e+01
1.188026293044659276e+01
1.188027648972872719e+01
1.188029291428845013e+01
1.188031138453788316e+01
1.188033098014837741e+01
1.188035072609054055e+01
1.188036964132138351e+01
1.188038678759966338e+01
1.188040131595555060e+01
1.188041250853280495e+01
1.188041981381712908e+01
1.188042287361839833e+01
1.188042154055864152e+01
1.188041588522621161e+01
1.188040619260038433e+01
1.188039294784009847e+01
1.188037681206269625e+01
1.188035858928342670e+01
1.188033918619364293e+01
1.188031956686609547e+01
1.188030070474177435e+01
1.188028353435221973e+01
1.188026890517542888e+01
1.188025753984529231e+01
1.188024999867666409e+01
1.188024665216205733e+01
1.188024766275259125e+01
1.188025297684670178e+01
1.188026232746015864e+01
1.188027524753512409e+01
1.188029109328333988e+01
1.188030907639450540e+01
1.188032830343615665e+01
1.188034782038337234e+01
1.188036665998123453e+01
1.188038388956339020e+01
1.188039865700306308e+01
1.188041023261957818e+01
1.188041804507297527e+01
1.188042170953700349e+01
1.188042104675468025e+01
1.188041609196795534e+01
1.188040709318571331e+01
1.188039449880223586e+01
1.188037893516457011e+01
1.188036117525414426e+01
1.188034210013388048e+01
1.188032265517059116e+01
1.188030380325389856e+01
1.188028647730939191e+01
1.188027153437410988e+01
1.188025971339874687e+01
1.188025159878028170e+01
1.188024759140771991e+01
1.188024788870229820e+01
1.188025247473362889e+01
1.188026112099193377e+01
1.188027339782061986e+01
1.188028869591481929e+01
1.188030625673434493e+01
1.188032521022073773e+01
1.188034461787907503e+01
1.188036351908700894e+01
1.188038097840457397e+01
1.188039613164877828e+01
1.188040822854935286e+01
1.188041666991777490e+01
1.188042103746116140e+01
1.188042111467974316e+01
1.188041689771368681e+01
1.188040859553628081e+01
1.188039661948370274e+01
1.188038156270544299e+01
1.188036417065226047e+01
1.188034530414779510e+01
1.188032589690041796e+01
1.188030690951499757e+01
1.188028928218380820e+01
1.188027388829265085e+01
1.188026149117273889e+01
1.188025270614403617e+01
1.188024796980137054e+01
1.188024751816864288e+01
1.188025137489016814e+01
1.188025935007244094e+01
1.188027104979159176e+01
1.188028589570514804e+01
1.188030315370411394e+01
1.188032197013882474e+01
1.188034141384808606e+01
1.188036052199595183e+01
1.188037834755623123e+01
1.188039400617681096e+01
1.188040672012202492e+01
1.188041585706353409e+01
1.188042096169830586e+01
1.188042177852711312e+01
1.188041826461096129e+01
1.188041059168800651e+01
1.188039913761956257e+01
1.188038446768212708e+01
1.188036730669670860e+01
1.188034850337624526e+01
1.188032898858885922e+01
1.188030972949608532e+01
1.188029168173828687e+01
1.188027574199093550e+01
1.188026270327213396e+01
1.188025321530672329e+01
1.188024775202046079e+01
1.188024658785298016e+01
1.188024978407576704e+01
1.188025718573889478e+01
1.188026842930792704e+01
1.188028296053608202e+01
1.188030006166535202e+01
