1.188024147592622626e+01
1.188024307906577093e+01
1.188024778474101062e+01
1.188025529237525291e+01
1.188026513436739862e+01
1.188027671961718568e+01
1.188028938420257319e+01
1.188030244311210026e+01
1.188031523764663788e+01
1.188032717355978995e+01
1.188033774602791404e+01
1.188034655007530915e+01
1.188035327871330438e+01
1.188035771399564666e+01
1.188035971685327397e+01
1.188035922001769684e+01
1.188035622609257125e+01
1.188035081124036552e+01
1.188034313397323238e+01
1.188033344718974860e+01
1.188032210950178147e+01
1.188030959011341281e+01
1.188029646167449194e+01
1.188028337812232849e+01
1.188027103824748565e+01
1.188026013864748442e+01
1.188025132104958992e+01
1.188024511941989658e+01
1.188024191284804942e+01
1.188024189076186055e+01
1.188024503632380302e+01
1.188025113100896490e+01
1.188025977911714115e+01
1.188027044730739412e+01
1.188028251265148327e+01
1.188029531298620256e+01
1.188030819417053152e+01
1.188032054939200677e+01
1.188033184646919871e+01
1.188034164123151015e+01
1.188034957850587325e+01
1.188035538544714420e+01
1.188035886311635991e+01
1.188035988097430362e+01
1.188035837662589600e+01
1.188035436129055711e+01
1.188034793041180315e+01
1.188033927767266995e+01
1.188032870878931035e+01
1.188031664953823174e+01
1.188030364216423607e+01
1.188029032648221950e+01
1.188027740569258839e+01
1.188026560021842393e+01
1.188025559454870717e+01
1.188024798256651593e+01
1.188024321727215238e+01
1.188024157139487258e+01
1.188024311504464592e+01
1.188024771417281400e+01
1.188025504952837252e+01
1.188026465183510005e+01
1.188027594683443233e+01
1.188028830385341550e+01
1.188030108245085614e+01
1.188031367236366620e+01
1.188032552264299468e+01
1.188033615762151030e+01
1.188034518053687449e+01
1.188035226900681529e+01
1.188035716820630761e+01
1.188035968675488796e+01
1.188035969799298464e+01
1.188035714719892866e+01
1.188035206407538880e+01
1.188034457882479167e+01
1.188033493847128597e+01
1.188032351812749177e+01
1.188031082118025950e+01
1.188029746406000342e+01
1.188028414484054096e+01
1.188027159850831005e+01
1.188026054381971797e+01
1.188025162730225937e+01
1.188024537026698368e+01
1.188024212523554723e+01
1.188024204812667151e+01
1.188024509064297618e+01
1.188025101348116230e+01
1.188025941682548314e+01
1.188026978201936146e+01
1.188028151797556298e+01
1.188029400678246006e+01
1.188030664378872991e+01
1.188031886806652437e+01
1.188033018056319534e+01
1.188034015011146316e+01
1.188034841089491245e+01
1.188035465706641602e+01
1.188035863982798368e+01
1.188036017004864675e+01
1.188035912712847164e+01
1.188035547336752273e+01
1.188034927215143455e+01
1.188034070683954369e+01
1.188033009532497886e+01
1.188031789416750605e+01
1.188030468738808310e+01
1.188029115836708627e+01
1.188027804710615776e+01
1.188026609761862673e+01
1.188025600107766699e+01
1.188024834058704116e+01
1.188024354387777848e+01
1.188024185037530245e+01
1.188024329764073705e+01
1.188024772871922963e+01
1.188025481767115288e+01
1.188026410754048889e+01
1.188027505426453168e+01
1.188028707085121027e+01
1.188029956713349300e+01
1.188031198105697150e+01
1.188032379858609744e+01
1.188033456181351255e+01
1.188034386823765232e+01
1.188035136665374658e+01
1.188035675520752044e+01
1.188035978512231416e+01
1.188036027104951131e+01
1.188035810726908714e+01
1.188035328799841572e+01
1.188034592885900409e+01
1.188033628474818215e+01
1.188032475803398214e+01
1.188031189167551638e+01
1.188029834490117409e+01
1.188028485302526960e+01
1.188027217591166362e+01
1.188026104076211809e+01
1.188025208512881115e+01
1.188024580636268190e+01
1.188024252396519032e+01
1.188024236029405145e+01
1.188024524201312104e+01
1.188025092043712228e+01
1.188025900549716596e+01
1.188026900683774478e+01
1.188028037621679367e+01
1.188029254650084177e+01
1.188030496329017716e+01
1.188031710613240222e+01
1.188032849841021310e+01
1.188033870822791549e+01
1.188034734539720816e+01
1.188035406023518803e+01
1.188035854813487191e+01
1.188036056118459705e+01
1.188035992608956803e+01
1.188035656657451788e+01
1.188035052741363984e+01
1.188034199559852411e+01
1.188033131265644649e+01
1.188031897233533840e+01
1.188030560049963746e+01
1.188029191805469154e+01
1.188027869103883383e+01
1.188026667356291810e+01
1.188025654955963262e+01
1.188024887948587072e+01
1.188024405841134268e+01
1.188024229127540643e+01
1.188024358848350914e+01
1.188024778090223244e+01
1.188025454955897686e+01
1.188026346364432051e+01
1.188027402082692952e+01
1.188028568510534910e+01
1.188029791831021953e+01
1.188031020217172440e+01
1.188032204963715088e+01
1.188033300713860285e+01
1.188034265248744781e+01
1.188035059418201023e+01
1.188035647653118687e+01
1.188035999227437856e+01
1.188036090205297413e+01
1.188035905882999543e+01
1.188035443443688166e+01
1.188034714399014824e+01
1.188033746234322763e+01
1.188032582650949465e+01
1.188031282015988488e+01
1.188029914018690825e+01
1.188028554898849798e+01
1.188027281808505364e+01
1.188026166911032711e+01
1.188025271828341012e+01
1.188024643072492204e+01
1.188024309062127415e+01
1.188024279109445658e+01
1.188024544375102742e+01
1.188025080389454402e+01
1.188025850518194559e+01
1.188026809758482472e+01
1.188027908376152553e+01
1.188029095001181368e+01
1.188030318874983138e+01
1.188031531088166304e+01
1.188032684920318616e+01
1.188033735700900806e+01
1.188034640767496697e+01
1.188035360002912100e+01
1.188035857166044451e+01
1.188036101970988767e+01
1.188036072717841485e+01
1.188035759190997354e+01
1.188035165417798567e+01
1.188034311723267145e+01
1.188033235456909331e+01
1.188031989934849086e+01
1.188030641510111707e+01
1.188029265076438357e+01
1.188027938551620011e+01
1.188026736951993279e+01
1.188025726668933757e+01
1.188024960575152811e+01
1.188024474573581379e+01
1.188024286032392141e+01
1.188024394192769684e+01
1.188024782223953935e+01
1.188025420332333049e+01
1.188026269299086835e+01
1.188027283940734513e+01
1.188028416111759000e+01
1.188029616949245160e+01
1.188030838178366722e+01
1.188032032537984506e+01
1.188033153692748556e+01
1.188034156195699786e+01
1.188034996018866707e+01
1.188035631918389790e+01
1.188036027616955081e+01
1.188036154605126882e+01
1.188035995271370027e+01
1.188035545966705087e+01
1.188034819460684766e+01
1.188033846156802475e+01
1.188032673552345386e+01
1.188031363768036819e+01
1.188029989382510365e+01
1.188028628091952932e+01
1.188027356811866930e+01
1.188026245835516903e+01
1.188025353668692574e+01
1.188024723157884210e+01
1.188024379401644914e+01
1.188024329616150787e+01
1.188024564711755104e+01
1.188025062026924417e+01
1.188025788587837539e+01
1.188026704368470021e+01
1.188027765167259808e+01
1.188028924808601872e+01
1.188030136477446241e+01
1.188031353201730234e+01
1.188032527794657511e+01
1.188033612799131866e+01
1.188034560980748111e+01
1.188035326690103588e+01
1.188035868114861238e+01
1.188036150227726395e+01
1.188036148132110625e+01
1.188035850418673434e+01
1.188035262010107118e+01
1.188034405862869747e+01
1.188033322962785654e+01
1.188032070354060821e+01
1.188030717357531429e+01
1.188029340461552863e+01
1.188028017503335398e+01
1.188026821761934393e+01
1.188025816576284122e+01
1.188025051103529250e+01
1.188024557742004461e+01
1.188024351467058004e+01
1.188024430922500230e+01
1.188024780764351895e+01
1.188025374626205455e+01
1.188026178159756974e+01
1.188027151757793831e+01
1.188028252675759511e+01
1.188029436357478019e+01
1.188030656944187946e+01
1.188031867225176796e+01
1.188033018542306074e+01
1.188034061215154935e+01
1.188034945862017722e+01
1.188035625683567176e+01
1.188036059528074340e+01
1.188036215432107312e+01
1.188036074251597007e+01
1.188035632879178216e+01
1.188034906423956372e+01
1.188033928753320723e+01
1.188032751054931424e+01
1.188031438488668101e+01
1.188030065363264676e+01
1.188028709449750409e+01
1.188027446061239800e+01
1.188026342509272659e+01
1.188025453546087462e+01
1.188024818340679190e+01
1.188024459304822500e+01
1.188024382698903203e+01
1.188024580574314726e+01
1.188025033431589073e+01
1.188025713026759078e+01
1.188026584918511475e+01
1.188027610477599616e+01
1.188028748167402426e+01
1.188029954048646175e+01
1.188031181715911622e+01
1.188032382141359378e+01
1.188033504003226781e+01
1.188034494926634288e+01
1.188035303757361660e+01
1.188035883709637552e+01
1.188036196076519424e+01
1.188036214114704592e+01
1.188035926614661264e+01
1.188035340544545093e+01
1.188034482141126169e+01
1.188033396031161892e+01
1.188032142362664167e+01
1.188030792320560103e+01
1.188029422624703457e+01
1.188028109648169739e+01
1.188026923766510734e+01
1.188025924539594413e+01
1.188025157287395572e+01
1.188024651433355849e+01
1.188024420630481615e+01
1.188024464295432736e+01
1.188024769949552528e+01
1.188025315780529745e+01
1.188026072997161187e+01
1.188027007699624527e+01
1.188028082081288694e+01
1.188029254898284037e+01
1.188030481368886981e+01
1.188031712936446915e+01
1.188032897474339045e+01
1.188033980408303947e+01
1.188034906936421109e+01
1.188035625219979075e+01
1.188036090233287467e+01
1.188036267877862429e+01
1.188036138882288739e+01
1.188035701891324081e+01
1.188034975101437496e+01
1.188033995960225475e+01
1.188032818817263703e+01
1.188031510829951820e+01
1.188030146698111089e+01
1.188028802871773770e+01
1.188027551847008922e+01
1.188026457143720194e+01
1.188025569531978931e+01
1.188024924926522452e+01
1.188024544045589970e+01
1.188024433534301139e+01
1.188024587981786695e+01
1.188024992231355625e+01
1.188025623531713926e+01
1.188026453246840219e+01
1.188027447949147763e+01
1.188028569823948466e+01
1.188029776508492752e+01
1.188031020754990053e+01
1.188032250487340313e+01
1.188033409768268989e+01
1.188034440920219659e+01
1.188035287715665689e+01
1.188035899331221934e+01
1.188036234663060142e+01
1.188036266530283314e+01
1.188035985185730858e+01
1.188035400484554849e+01
1.188034542172245978e+01
1.188033458088986549e+01
1.188032210513773279e+01
1.188030871186682624e+01
1.188029515656267066e+01
1.188028217574236045e+01
1.188027043525449500e+01
1.188026048958564118e+01
1.188025275671460435e+01
1.188024751021882253e+01
1.188024488642575704e+01
1.188024490130848321e+01
1.188024747103782985e+01
1.188025243139848719e+01
1.188025955313127469e+01
1.188026855152476102e+01
1.188027908952694034e+01
1.188029077530168820e+01
1.188030315767759326e+01
1.188031572501071231e+01
1.188032791295954738e+01
1.188033912424843841e+01
1.188034876009521668e+01
1.188035626039714820e+01
1.188036114857635361e+01
1.188036307635622357e+01
1.188036186281108897e+01
1.188035752120113386e+01
1.188035026776199210e+01
1.188034050955096177e+01
1.188032881271097807e+01
1.188031585606573692e+01
1.188030237648030152e+01
1.188028911230265727e+01
1.188027675073787393e+01
1.188026588475351453e+01
1.188025698429209775e+01
1.188025038415029577e+01
1.188024628712422093e+01
1.188024477762479414e+01
1.188024583967570358e+01
1.188024937421923077e+01
1.188025521261008421e+01
1.188026312466633705e+01
1.188027282059296041e+01
1.188028394748048555e+01
1.188029608339924437e+01
1.188030873436060908e+01
1.188032133988101791e+01
1.188033329085419609e+01
1.188034396000996118e+01
1.188035274230345095e+01
1.188035910109045545e+01
1.188036261532374560e+01
1.188036302223354745e+01
1.188036024907080090e+01
1.188035442774791228e+01
1.188034588867700592e+01
1.188033513424601040e+01
1.188032279625998022e+01
1.188030958366616652e+01
1.188029622697789023e+01
1.188028342525811532e+01
1.188027180118611525e+01
1.188026186911774396e+01
1.188025401905280809e+01
1.188024851590381203e+01
1.188024550986049199e+01
1.188024505185584090e+01
1.188024710878852552e+01
1.188025157513570207e+01
1.188025827932071543e+01
1.188026698422907224e+01
1.188027738243784448e+01
1.188028908879236845e+01
1.188030163529429295e+01
1.188031447417495201e+01
1.188032699345062326e+01
1.188033854590648275e+01
1.188034848920960407e+01
1.188035623301264820e+01
1.188036128821693005e+01
1.188036331294162018e+01
1.188036214888167841e+01
1.188035784166323339e+01
1.188035064078030167e+01
1.188034097861234883e+01
1.188032943215574910e+01
1.188031667357555676e+01
1.188030341607924534e+01
1.188029036102229874e+01
1.188027815169403745e+01
1.188026733874481700e+01
1.188025836061172491e+01
1.188025153909446274e+01
1.188024708653406414e+01
1.188024511879390666e+01
1.188024566846103980e+01
1.188024869460128663e+01
1.188025408736291588e+01
1.188026166690941565e+01
1.188027117718768189e+01
1.188028227683577498e+01
1.188029453185117390e+01
1.188030741593214223e+01
1.188032032331975785e+01
1.188033259579992240e+01
1.188034356203031372e+01
1.188035258513152925e+01
1.188035911363327912e+01
1.188036273036233226e+01
1.188036319307569144e+01
1.188036046032056881e+01
1.188035469749080519e+01
1.188034626164661489e+01
1.188033566794219631e+01
1.188032354344712438e+01
1.188031057491648923e+01
1.188029745650456448e+01
1.188028484281323749e+01
1.188027331222306593e+01
1.188026334419463481e+01
1.188025531138866775e+01
1.188024948376136969e+01
1.188024603913052424e+01
1.188024507444777456e+01
1.188024661377027869e+01
1.188025061108260338e+01
1.188025694752181494e+01
1.188026542351896708e+01
1.188027574790094221e+01
1.188028752821647061e+01
1.188030026814451823e+01
1.188031337726475378e+01
1.188032619558160619e+01
1.188033803153341594e+01
1.188034820959406979e+01
1.188035612248782158e+01
1.188036128260087310e+01
1.188036336651160774e+01
1.188036224607802893e+01
1.188035800054978708e+01
1.188035090737524690e+01
1.188034141368455643e+01
1.188033009379987526e+01
1.188031759932646914e+01
1.188030460793110521e+01
1.188029177617401011e+01
1.188027970128599264e+01
1.188026889580124745e+01
1.188025977650957365e+01
1.188025266560981308e+01
1.188024779895362215e+01
1.188024533550492379e+01
1.188024536364727091e+01
1.188024790226828564e+01
1.188025289620948932e+01
1.188026020664965898e+01
1.188026959828142992e+01
1.188028072719634842e+01
1.188029313520030250e+01
1.188030625619895275e+01
1.188031943777025745e+01
1.188033197731294699e+01
1.188034316914957600e+01
1.188035235756508889e+01
1.188035899032372811e+01
1.188036266668595076e+01
1.188036317338677250e+01
1.188036050265621313e+01
1.188035484911775796e+01
1.188034658663124254e+01
1.188033622988170812e+01
1.188032438719320183e+01
1.188031171079765613e+01
1.188029884994146101e+01
1.188028641164491361e+01
1.188027493314994842e+01
1.188026486803917869e+01
1.188025658462875356e+01
1.188025037200472411e+01
1.188024644780537642e+01
1.188024496302109867e+01
1.188024600144497533e+01
1.188024957334045695e+01
1.188025560397650437e+01
1.188026391878173449e+01
1.188027422871296679e+01
1.188028612135835260e+01
1.188029906367419031e+01
1.188031242016599087e+01
1.188032548663328036e+01
1.188033753623911437e+01
1.188034787289809024e+01
1.188035588645853302e+01
1.188036110376947008e+01
1.188036322916225629e+01
1.188036216815348034e+01
1.188035803045458749e+01
1.188035111241583408e+01
1.188034186304832218e+01
1.188033083993756733e+01
1.188031866139723824e+01
1.188030596030647601e+01
1.188029334437089979e+01
1.188028136688519787e+01
1.188027051039464510e+01
1.188026118254836661e+01
1.188025372006618774e+01
1.188024839499474972e+01
1.188024541818695212e+01
1.188024493727654018e+01
1.188024702861953941e+01
1.188025168393894049e+01
1.188025879338625757e+01
1.188026812834143797e+01
1.188027932922384089e+01
1.188029190436998661e+01
1.188030524442669922e+01
1.188031865316116686e+01
1.188033139194366505e+01
1.188034273298337418e+01
1.188035201571512189e+01
1.188035870045868059e+01
1.188036241297365336e+01
1.188036297354642379e+01
1.188036040604528765e+01
1.188035492613658306e+01
1.188034691205247206e+01
1.188033686395461963e+01
1.188032535833575132e+01
1.188031300300529125e+01
1.188030039734440457e+01
1.188028810188813900e+01
1.188027661993829831e+01
1.188026639113666150e+01
1.188025779352360978e+01
1.188025114843109442e+01
1.188024672285148675e+01
1.188024472614151605e+01
1.188024530035611548e+01
1.188024850501374452e+01
1.188025429802777921e+01
1.188026251591017335e+01
1.188027285824779433e+01
1.188028488256564863e+01
1.188029801458755941e+01
1.188031157560408424e+01
1.188032482480631913e+01
1.188033701184368418e+01
1.188034743393479786e+01
1.188035549164459681e+01
1.188036073704865281e+01
1.188036290784108218e+01
1.188036194228528331e+01
1.188035797329769139e+01
1.188035130422479035e+01
1.188034237197764753e+01
1.188033170401327254e+01
1.188031987484541396e+01
1.188030746675142524e+01
1.188029503867131176e+01
1.188028310620523875e+01
1.188027213320207309e+01
1.188026253209511474e+01
1.188025466760487170e+01
1.188024885822252763e+01
1.188024537188869623e+01
1.188024441489823779e+01
1.188024611485495363e+01
1.188025049947346723e+01
1.188025747418499911e+01
1.188026680327228490e+01
1.188027810061767475e+01
1.188029083554519616e+01
1.188030435627469750e+01
1.188031792954566157e+01
1.188033079195183994e+01
1.188034220727735857e+01
1.188035152390361482e+01
1.188035822609357339e+01
1.188036197270211503e+01
1.188036261779154579e+01
1.188036021059871672e+01
1.188035497652897376e+01
1.188034728434904252e+01
1.188033760604929867e+01
1.188032647521562168e+01
1.188031444860432728e+01
1.188030207483710754e+01
1.188028987323054508e+01
1.188027832372696047e+01
1.188026786571681548e+01
1.188025890073279811e+01
1.188025179328203151e+01
1.188024686577616862e+01
1.188024438624151635e+01
1.188024454959178122e+01
1.188024745434457508e+01
1.188025307765635219e+01
1.188026125314278936e+01
1.188027165746471780e+01
1.188028381152875390e+01
1.188029709960234648e+01
1.188031080567902364e+01
1.188032416303165917e+01
1.188033641125785067e+01
1.188034685481788344e+01
1.188035491693137757e+01
1.188036018242562442e+01
1.188036242371006601e+01
1.188036160656062101e+01
1.188035787647610242e+01
1.188035153017939116e+01
1.188034297863113586e+01
1.188033270755778403e+01
1.188032124026502956e+01
1.188030910657869654e+01
1.188029682095673145e+01
1.188028487111534481e+01
1.188027371557142153e+01
1.188026378551708717e+01
1.188025548523830643e+01
1.188024918659468021e+01
1.188024521581852433e+01
1.188024383329465117e+01
1.188024520828419917e+01
1.188024939144721692e+01
1.188025628940784273e+01
1.188026564718202671e+01
1.188027704458006184e+01
1.188028991061316653e+01
1.188030355607570243e+01
1.188031722075328034e+01
1.188033012964707780e+01
1.188034155213527399e+01
1.188035085796283497e+01
1.188035756372769569e+01
1.188036136384070218e+01
1.188036214197936147e+01
1.188035996288470386e+01
1.188035504837801959e+01
1.188034774376565395e+01
1.188033848077903087e+01
1.188032774194837948e+01
1.188031603020151650e+01
1.188030384670093476e+01
1.188029167853674650e+01
1.188027999524481970e+01
1.188026925005876500e+01
1.188025988015098378e+01
1.188025230097372109e+01
1.188024689247183829e+01
1.188024397761726902e+01
1.188024379528514984e+01
1.188024647035776482e+01
1.188025198512512048e+01
1.188026015760654275e+01
1.188027063306524944e+01
1.188028289340107335e+01
1.188029628546109961e+01
1.188031006534199641e+01
1.188032345325201788e+01
1.188033569278117696e+01
1.188034610845879513e+01
1.188035415535171246e+01
1.188035945457744802e+01
1.188036181020050996e+01
1.188036120647561589e+01
1.188035778853990898e+01
1.188035183241621340e+01
1.188034371058356697e+01
1.188033385818347298e+01
1.188032274364302587e+01
1.188031084666038950e+01
1.188029864534637170e+01
1.188028661199385994e+01
1.188027521391165209e+01
1.188026491371947380e+01
1.188025616386584815e+01
1.188024939261126889e+01
1.188024498161994025e+01
1.188024323718781439e+01
1.188024435806061518e+01
1.188024840379142333e+01
1.188025526905280138e+01
1.188026467023946608e+01
1.188027614961186806e+01
1.188028909889361096e+01
1.188030280012081263e+01
1.188031647859394369e+01
1.188032936173664744e+01
1.188034073769393828e+01
1.188035000750017289e+01
1.188035672466503989e+01
1.188036061721074077e+01
1.188036159029306482e+01
1.188035971167616367e+01
1.188035518550800340e+01
1.188034832070457192e+01
1.188033949921180721e+01
1.188032914796864148e+01
1.188031771743427001e+01
1.188030566856100023e+01
1.188029346810653841e+01
1.188028158926163336e+01
1.188027051222347552e+01
1.188026071920219273e+01
1.188025268055300643e+01
1.188024683177677332e+01
1.188024354335528976e+01
1.188024308645845473e+01
1.188024559841214689e+01
1.188025105313840335e+01
1.188025924288577961e+01
1.188026977696249809e+01
1.188028210023639630e+01
1.188029553000792937e+01
1.188030930650352879e+01
1.188032265079932692e+01
1.188033482393454143e+01
1.188034518109927618e+01
1.188035321477540585e+01
1.188035858154508517e+01
1.188036110994578820e+01
1.188036079077739871e+01
1.188035775478732070e+01
1.188035224401815704e+01
1.188034458230151102e+01
1.188033514882183717e+01
1.188032435753965643e+01
1.188031264436897771e+01
1.188030046233483716e+01
1.188028828221383293e+01
1.188027659360168542e+01
1.188026590070971977e+01
1.188025670903585151e+01
1.188024950216677844e+01
1.188024471053051734e+01
1.188024267521334920e+01
1.188024361072384494e+01
1.188024757173635315e+01
1.188025443004822002e+01
1.188026386781729116e+01
1.188027539064628968e+01
1.188028835999103450e+01
1.188030204065347739e+01
1.188031565724530303e+01
1.188032845329533593e+01
1.188033974690702443e+01
1.188034897691005476e+01
1.188035573401105438e+01
1.188035977366480900e+01
1.188036101120196264e+01
1.188035950352217007e+01
1.188035542352312035e+01
1.188034903295848643e+01
1.188034065780722059e+01
1.188033066889948941e+01
1.188031946965230290e+01
1.188030749137922903e+01
1.188029519416880042e+01
1.188028306865286154e+01
1.188027163287817345e+01
1.188026141990703266e+01
1.188025295484606225e+01
1.188024672287759209e+01
1.188024313145460198e+01
1.188024247058125660e+01
1.188024487606946877e+01
1.188025030187740860e+01
1.188025850784174509e+01
1.188026906710185493e+01
1.188028139360064195e+01
1.188029478605005274e+01
1.188030848241143289e+01
1.188032171848200313e+01
1.188033378447794597e+01
1.188034407363718969e+01
1.188035211723384954e+01
1.188035760217703363e+01
1.188036037088335206e+01
1.188036040703399188e+01
1.188035781317212169e+01
1.188035278601672928e+01
1.188034559378638200e+01
1.188033655828079205e+01
1.188032604349858978e+01
1.188031445140311959e+01
1.188030222326762697e+01
1.188028984234172825e+01
1.188027783206267074e+01
1.188026674496770951e+01
1.188025714039588010e+01
1.188024955220654988e+01
1.188024444966941573e+01
1.188024219551766159e+01
1.188024300596027771e+01
1.188024691860584170e+01
1.188025377475373290e+01
1.188026322099203469e+01
1.188027473140457424e+01
1.188028764750546173e+01
1.188030123021894013e+01
1.188031471743786582e+01
1.188032738099946251e+01
1.188033857717459263e+01
1.188034778502911060e+01
1.188035462839653178e+01
1.188035888035391352e+01
1.188036045305296184e+01
1.188035937854214552e+01
1.188035578659175151e+01
1.188034988406742976e+01
1.188034193866212362e+01
1.188033226868086345e+01
1.188032123955513875e+01
1.188030926588477243e+01
1.188029681519045688e+01
1.188028440770579763e+01
1.188027260696579468e+01
1.188026199863847054e+01
1.188025315837858287e+01
1.188024661177787422e+01
1.188024279048502407e+01
1.188024198924718888e+01
1.188024432966773958e+01
1.188024973719032396e+01
1.188025793678601438e+01
1.188026846954564952e+01
1.188028072811337132e+01
1.188029400565972971e+01
1.188030755191451071e+01
1.188032063001705652e+01
1.188033256833172047e+01
1.188034280161244816e+01
1.188035089693803315e+01
1.188035656258453265e+01
1.188035964189159266e+01
1.188036009733452758e+01
1.188035799088322619e+01
1.188035346547081517e+01
1.188034673051023660e+01
1.188033805308352875e+01
1.188032775547705278e+01
1.188031621814676342e+01
1.188030388473538679e+01
1.188029126366126853e+01
1.188027892072169855e+01
1.188026745951049357e+01
1.188025748988566299e+01
1.188024958739127790e+01
1.188024424777760935e+01
1.188024184137558770e+01
1.188024257297639785e+01
1.188024645370683352e+01
1.188025329080364756e+01
1.188026269834367099e+01
1.188027412774972014e+01
1.188028691326764807e+01
1.188030032598733321e+01
1.188031363006691699e+01
1.188032613532643644e+01
1.188033724065720342e+01
1.188034646345972867e+01
1.188035345264270681e+01
1.188035798643429253e+01
1.188035995969718250e+01
1.188035936681497695e+01
1.188035628525577003e+01
1.188035086294731357e+01
1.188034331105380303e+01
1.188033390277531609e+01
1.188032297745456667e+01
1.188031094702765955e+01
1.188029829959978478e+01
1.188028559437055165e+01
1.188027344408121699e+01
1.188026248459623702e+01
1.188025333424991636e+01
1.188024654714023320e+01
1.188024256516976074e+01
1.188024167436962131e+01
1.188024397192276282e+01
1.188024935010448146e+01
1.188025750098227284e+01
1.188026794162065158e+01
1.188028005559690570e+01
1.188029314453768670e+01
1.188030648323595706e+01
1.188031937249368397e+01
1.188033118421421541e+01
1.188034139384496868e+01
1.188034959717407091e+01
1.188035551194308859e+01
1.188035896836453276e+01
1.188035989450303020e+01
1.188035830189378927e+01
1.188035427479153405e+01
1.188034796465877641e+01
1.188033959043473686e+01
1.188032944398737811e+01
1.188031789815570249e+01
1.188030541247654348e+01
1.188029253070268609e+01
1.188027986570077132e+01
1.188026807065621959e+01
1.188025779883401434e+01
1.188024965605942285e+01
1.188024415078894513e+01
1.188024164723138298e+01
1.188024232782720624e+01
1.188024617151158679e+01
1.188025295229959255e+01
1.188026225887866261e+01
1.188027353172980582e+01
1.188028611172386029e+01
1.188029929367048432e+01
1.188031237890503888e+01
1.188032472150931618e+01
1.188033576323479146e+01
1.188034505371492955e+01
1.188035225568241238e+01
1.188035713861300380e+01
1.188035956654485226e+01
1.188035948567770639e+01
1.188035691545586481e+01
1.188035194482971590e+01
1.188034473415368097e+01
1.188033552216590216e+01
1.188032463576735331e+01
1.188031249803880485e+01
1.188029962858291277e+01
1.188028663126170414e+01
1.188027416753218723e+01
1.188026291713896399e+01
1.188025353023338049e+01
1.188024657586811195e+01
1.188024249229519569e+01
1.188024154525381704e+01
1.188024380078446995e+01
1.188024911770045478e+01
1.188025716132714749e+01
1.188026743583562173e+01
1.188027932946317478e+01
1.188029216605524852e+01
1.188030525691927508e+01
1.188031794763614535e+01
1.188032965492536164e+01
1.188033988984587452e+01
1.188034826636854469e+01
1.188035449803292209e+01
1.188035838812557898e+01
1.188035981915753503e+01
1.188035874569178141e+01
1.188035519237697990e+01
1.188034925758135607e+01
1.188034112205370718e+01
1.188033106056929356e+01
1.188031945235142928e+01
1.188030678442770416e+01
1.188029364255548437e+01
1.188028068718156582e+01
1.188026861560352287e+01
1.188025811421367628e+01
1.188024980584139279e+01
1.188024419763209849e+01
1.188024163553317081e+01
1.188024227195324478e+01
1.188024605220596186e+01
1.188025272223211992e+01
1.188026185580147853e+01
1.188027289594744929e+01
1.188028520408515654e+01
1.188029811068522790e+01
1.188031096216339400e+01
1.188032315914641401e+01
1.188033418219890258e+01
1.188034360345177554e+01
1.188035108612017332e+01
1.188035637693968916e+01
1.188035929739651309e+01
1.188035973816693058e+01
1.188035765886051465e+01
1.188035309343897161e+01
1.188034616067624327e+01
1.188033707778192039e+01
1.188032617331817775e+01
1.188031389371871249e+01
1.188030079770407710e+01
1.188028753533293269e+01
1.188027481217753056e+01
1.188026334220947966e+01
1.188025379444337837e+01
1.188024673882337900e+01
1.188024259732749677e+01
1.188024160682377328e+01
1.188024379965433752e+01
1.188024900525842931e+01
1.188025687195520952e+01
1.188026690421338571e+01
1.188027850895206861e+01
1.188029104461890206e+01
1.188030386767675139e+01
1.188031637173854449e+01
1.188032801533238292e+01
1.188033833624183799e+01
1.188034695369373139e+01
1.188035356292934885e+01
1.188035792804369706e+01
1.188035987786832415e+01
1.188035930730328005e+01
1.188035618450863851e+01
1.188035056323830929e+01
1.188034259852833685e+01
1.188033256217625500e+01
1.188032085253045977e+01
1.188030799264583770e+01
1.188029461285767674e+01
1.188028141751369127e+01
1.188026913904251458e+01
1.188025848438093490e+01
1.188025007931549304e+01
1.188024441665033137e+01
1.188024181466109042e+01
1.188024239206471400e+01
1.188024606354594326e+01
1.188025255589878881e+01
1.188026144078881075e+01
1.188027217786875944e+01
1.188028416187707137e+01
1.188029676827705394e+01
1.188030939274857367e+01
1.188032148049045489e+01
1.188033254288941798e+01
1.188034216214755823e+01
1.188034998784329410e+01
1.188035573122198585e+01
1.188035916232500711e+01
1.188036011273706016e+01
1.188035848447527520e+01
1.188035426422210783e+01
1.188034754113724745e+01
1.188033852494242382e+01
1.188032755904978899e+01
1.188031512265386880e+01
1.188030181721310363e+01
1.188028833626591485e+01
1.188027542123880309e+01
1.188026380816568128e+01
1.188025417095193781e+01
1.188024706707069811e+01
1.188024289205574391e+01
1.188024184917318671e+01
1.188024393893918429e+01
1.188024896946917330e+01
1.188025658443438282e+01
1.188026630265163242e+01
1.188027756284977876e+01
1.188028976805643566e+01
1.188030232496358884e+01
1.188031467426483445e+01
1.188032630923863309e+01
1.188033678254795333e+01
1.188034570462277628e+01
1.188035273923320823e+01
1.188035760164694388e+01
1.188036006257262400e+01
1.188035995860943572e+01
1.188035720835004838e+01
1.188035183234066139e+01
1.188034397378943474e+01
1.188033391506485614e+01
1.188032208386469435e+01
1.188030904393597353e+01
1.188029546847559104e+01
1.188028209824143389e+01
1.188026968909502123e+01
1.188025895467431248e+01
1.188025051009891797e+01
1.188024482297509010e+01
1.188024217814793815e+01
1.188024266138156371e+01
1.188024616384179488e+01
1.188025240499920265e+01
1.188026096838291679e+01
1.188027134369384186e+01
1.188028296957493168e+01
1.188029527240504279e+01
1.188030769717859059e+01
1.188031972756723675e+01
1.188033089458957470e+01
1.188034077662360843e+01
1.188034899608463668e+01
1.188035521837946362e+01
1.188035915678869614e+01
1.188036058428086683e+01
1.188035935139803634e+01
1.188035540834900949e+01
1.188034882833263772e+01
1.188033982740181571e+01
1.188032877479487581e+01
1.188031618816464885e+01
1.188030271102542734e+01
1.188028907372653720e+01
1.188027604236725132e+01
1.188026436138217079e+01
1.188025469574828463e+01
1.188024757899875894e+01
1.188024337348767112e+01
1.188024224848315491e+01
1.188024417878962957e+01
1.188024896240679951e+01
1.188025625217182579e+01
1.188026559492874057e+01
1.188027647235981199e+01
1.188028833880487944e+01
1.188030065221254894e+01
1.188031289523294021e+01
1.188032458542538983e+01
1.188033527668579836e+01
1.188034455684389279e+01
1.188035204717534299e+01
1.188035740793700157e+01
1.188036035129534262e+01
1.188036066084754516e+01
1.188035821578793616e+01
1.188035301680803357e+01
1.188034520928813009e+01
1.188033509782336949e+01
1.188032314616766350e+01
1.188030995913977961e+01
1.188029624700348030e+01
1.188028277631465279e+01
1.188027031293920110e+01
1.188025956326447030e+01
1.188025111973490766e+01
1.188024541710477955e+01
1.188024270526824644e+01
1.188024304210860649e+01
1.188024630578637364e+01
1.188025222203276066e+01
1.188026040011555473e+01
1.188027037144962073e+01
1.188028162608610394e+01
1.188029364329585214e+01
1.188030591324564256e+01
1.188031794838775390e+01
1.188032928606434879e+01
1.188033948683166408e+01
1.188034813428936687e+01
1.188035484096308814e+01
1.188035926204972625e+01
1.188036111636686343e+01
1.188036021248318974e+01
1.188035647712449361e+01
1.188034998162267719e+01
1.188034096061788958e+01
1.188032981685631739e+01
1.188031710790967921e+01
1.188030351447878807e+01
1.188028979373648930e+01
1.188027672331093143e+01
1.188026504201184252e+01
1.188025539341113479e+01
1.188024827859222299e+01
1.188024402410641045e+01
1.188024276921776412e+01
1.188024447276176865e+01
1.188024893589687814e+01
1.188025583463819501e+01
1.188026475600428000e+01
1.188027523286988618e+01
1.188028677378268938e+01
1.188029888478630269e+01
1.188031108161923655e+01
1.188032289323703061e+01
1.188033386066417485e+01
1.188034353690267153e+01
1.188035149284560710e+01
1.188035733150292472e+01
1.188036071011443795e+01
1.188036136808205434e+01
1.188035915777482288e+01
1.188035407413384803e+01
1.188034627748438332e+01
1.188033610325929956e+01
1.188032405382019263e+01
1.188031077116261258e+01
1.188029699331245581e+01
1.188028349981726350e+01
1.188027105250383464e+01
1.188026033763149059e+01
1.188025191567008498e+01
1.188024618482813999e+01
1.188024336293990402e+01
1.188024348890859017e+01
1.188024644077136038e+01
1.188025196460472976e+01
1.188025970800163478e+01
1.188026925303122994e+01
1.188028014493746198e+01
1.188029191369422932e+01
1.188030408663329140e+01
1.188031619260653393e+01
1.188032776115941047e+01
1.188033832228679643e+01
1.188034741205916589e+01
1.188035458696312574e+01
1.188035944685990941e+01
1.188036166450239151e+01
1.188036101859244731e+01
1.188035742640893311e+01
1.188035097061988310e+01
1.188034191393760253e+01
1.188033069625798532e+01
1.188031791219574806e+01
1.188030427107612752e+01
1.188029054448166555e+01
1.188027750756210388e+01
1.188026588028837338e+01
1.188025627480543456e+01
1.188024915502336576e+01
1.188024481346597661e+01
1.188024336738720521e+01
1.188024477205868301e+01
1.188024884588491936e+01
1.188025530103947425e+01
1.188026377432420766e+01
1.188027385445053774e+01
1.188028510294464546e+01
1.188029706682567266e+01
1.188030928311595780e+01
1.188032127812319771e+01
1.188033256681971750e+01
1.188034265786862065e+01
1.188035106769424409e+01
1.188035734392096998e+01
1.188036109620266068e+01
1.188036203134256930e+01
1.188035998877955990e+01
1.188035497125034112e+01
1.188034716431921112e+01
1.188033693897702214e+01
1.188032483437496545e+01
1.188031152192678697e+01
1.188029775545724043e+01
1.188028431358766213e+01
1.188027194061604774e+01
1.188026129199638348e+01
1.188025289051852518e+01
1.188024709850363614e+01
1.188024410875701697e+01
1.188024395304561942e+01
1.188024652329786512e+01
1.188025159926069207e+01
1.188025887709707895e+01
1.188026799500634567e+01
1.188027855313898229e+01
1.188029012595844236e+01
1.188030226679805601e+01
1.188031450703290837e+01
1.188032635486819188e+01
1.188033729946503314e+01
1.188034682434733824e+01
1.188035443091686183e+01
1.188035967026900153e+01
1.188036218013933443e+01
1.188036172305039173e+01
1.188035822063679881e+01
1.188035177793381436e+01
1.188034269150099220e+01
1.188033143765456856e+01
1.188031864115783698e+01
1.188030502850882364e+01
1.188029137192524587e+01
1.188027843037032660e+01
1.188026689370889244e+01
1.188025733602533585e+01
1.188025018360794860e+01
1.188024570097462629e+01
1.188024399456942604e+01
1.188024502996169751e+01
1.188024865641720851e+01
1.188025463311601015e+01
1.188026265292468331e+01
1.188027236102975337e+01
1.188028336663860429e+01
1.188029524727926578e+01
1.188030754763813235e+01
1.188031977755295365e+01
1.188033141495598066e+01
1.188034191822516838e+01
1.188035074934215096e+01
1.188035740631803883e+01
1.188036146168284546e+01
1.188036260306041569e+01
1.188036067093514170e+01
1.188035568752958504e+01
1.188034787044196250e+01
1.188033762660215231e+01
1.188032552597934632e+01
1.188031225852969719e+01
1.188029858030102481e+01
1.188028525511707834e+01
1.188027299795262515e+01
1.188026242595165449e+01
1.188025402268930186e+01
1.188024811957587978e+01
1.188024489486600999e+01
1.188024438681468276e+01
1.188024651508635898e+01
1.188025110451471633e+01
1.188025790689525607e+01
1.188026661810167184e+01
1.188027688881357768e+01
1.188028832826049452e+01
1.188030050249873071e+01
1.188031293141471068e+01
1.188032509022488981e+01
1.188033642039058080e+01
1.188034635196680000e+01
1.188035433621686821e+01
1.188035988531262177e+01
1.188036261506859148e+01
1.188036228589693444e+01
1.188035883605562759e+01
1.188035240071601351e+01
1.188034331178745617e+01
1.188033207701275096e+01
1.188031934107051768e+01
1.188030583431263665e+01
1.188029231561075427e+01
1.188027951548012773e+01
1.188026808536278800e+01
1.188025855869121017e+01
1.188025132803914907e+01
1.188024663960216820e+01
1.188024460231465795e+01
1.188024520605124579e+01
1.188024834288541065e+01
1.188025382682393527e+01
1.188026140922974250e+01
1.188027078830552874e+01
1.188028161199683730e+01
1.188029347548182457e+01
1.188030591700063354e+01
1.188031841767615227e+01
1.188033041063173911e+01
1.188034130207127781e+01
1.188035050362421252e+01
1.188035747287674404e+01
1.188036175795839888e+01
1.188036304140094934e+01
1.188036117749564902e+01
1.188035621663799901e+01
1.188034841108396300e+01
1.188033819973587946e+01
1.188032617385853307e+01
1.188031302894979824e+01
1.188029950924266487e+01
1.188028635109168718e+01
1.188027423107909009e+01
1.188026372442812217e+01
1.188025527832446215e+01
1.188024920209139879e+01
1.188024567232114670e+01
1.188024474785400919e+01
1.188024638852439807e+01
1.188025047280768831e+01
1.188025681143392553e+01
1.188026515540585670e+01
1.188027519779836538e+01
1.188028657023952128e+01
1.188029883739194226e+01
1.188031149488440086e+01
1.188032397629920922e+01
1.188033567252779221e+01
1.188034596335934978e+01
1.188035425841856885e+01
1.188036004325817885e+01
1.188036292580785513e+01
1.188036267754070074e+01
1.188035926287943589e+01
1.188035285086433035e+01
1.188034380585727767e+01
1.188033265828470775e+01
1.188032006012318753e+01
1.188030673153791028e+01
1.188029340502687781e+01
1.188028077289382622e+01
1.188026944357104853e+01
1.188025991158071903e+01
1.188025254369006589e+01
1.188024758016175397e+01
1.188024514652854258e+01
1.188024526984335161e+01
1.188024789425323391e+01
1.188025289274866303e+01
1.188026007355039937e+01
1.188026918057386716e+01
1.188027988868983087e+01
1.188029179669429958e+01
1.188030442316767932e+01
1.188031721103191707e+01
1.188032954474093117e+01
1.188034078060806387e+01
1.188035028768560331e+01
1.188035749497716331e+01
1.188036194013266211e+01
1.188036331409110069e+01
1.188036149527545504e+01
1.188035656707210919e+01
1.188034881459983616e+01
1.188033870083732069e+01
1.188032682617952673e+01
1.188031387767893676e+01
1.188030057442231424e+01
1.188028761489358587e+01
1.188027563176656543e+01
1.188026515901060520e+01
1.188025661436809877e+01
1.188025029688179934e+01
1.188024639551646899e+01
1.188024500295494867e+01
1.188024612915235068e+01
1.188024971122381501e+01
1.188025561809479669e+01
1.188026364943888069e+01
1.188027352952279259e+01
1.188028489851296854e+01
1.188029730610545442e+01
1.188031021339065951e+01
1.188032300746321113e+01
1.188033502997700275e+01
1.188034561746767181e+01
1.188035414925943911e+01
1.188036009803263049e+01
1.188036307758016008e+01
1.188036288146897235e+01
1.188035950615413050e+01
1.188035315387502422e+01
1.188034421446100808e+01
1.188033322938055214e+01
1.188032084403357302e+01
1.188030775481426815e+01
1.188029465686173758e+01
1.188028219787297246e+01
1.188027094288059260e+01
1.188026135344582634e+01
1.188025378167345814e+01
1.188024847576754439e+01
1.188024559143882009e+01
1.188024520352456292e+01
1.188024731407168666e+01
1.188025185520771032e+01
1.188025868640818672e+01
1.188026758675374062e+01
1.188027824443519087e+01
1.188029024802319356e+01
1.188030308541895153e+01
1.188031615550269215e+01
1.188032879441026779e+01
1.188034031477392283e+01
1.188035005386111287e+01
1.188035742561076802e+01
1.188036197111506986e+01
1.188036340138267022e+01
1.188036162583986588e+01
1.188035676133058871e+01
1.188034911982167507e+01
1.188033917732451172e+01
1.188032752966507744e+01
1.188031484166418394e+01
1.188030179574457357e+01
1.188028904529545215e+01
1.188027717766138736e+01
1.188026669048625905e+01
1.188025798247807252e+01
1.188025135602299542e+01
1.188024702629127738e+01
1.188024513103527724e+01
1.188024573697265041e+01
1.188024884089837307e+01
1.188025436519196987e+01
1.188026214834476946e+01
1.188027193254192326e+01
1.188028335246569256e+01
1.188029593115251004e+01
1.188030908834154076e+01
1.188032216398391405e+01
1.188033445586082593e+01
1.188034526745815533e+01
1.188035396103784080e+01
1.188036001043281686e+01
1.188036304751182470e+01
1.188036289575634896e+01
1.188035958525646762e+01
1.188035334645871544e+01
1.188034458428937867e+01
1.188033383780231844e+01
1.188032173188473628e+01
1.188030892715854847e+01
1.188029607340080140e+01
1.188028377128206614e+01
1.188027254632968521e+01
1.188026283675279515e+01
1.188025499327742196e+01
1.188024928605956987e+01
1.188024591279514475e+01
1.188024500354964808e+01
1.188024662019247302e+01
1.188025075011312381e+01
1.188025729491456772e+01
1.188026605597067586e+01
1.188027672068150231e+01
1.188028885509904597e+01
1.188030190868571978e+01
1.188031523459590133e+01
1.188032812512502545e+01
1.188033985879511434e+01
1.188034975399846793e+01
1.188035722367183311e+01
1.188036182503361005e+01
1.188036329786965695e+01
1.188036158533562237e+01
1.188035683380782181e+01
1.188034937247837242e+01
1.188033967724851792e+01
1.188032832534404903e+01
1.188031594691655179e+01
1.188030317899097277e+01
1.188029062647972367e+01
1.188027883425555231e+01
1.188026827239030503e+01
1.188025933341262075e+01
1.188025233715847939e+01
1.188024753734346461e+01
1.188024512501927887e+01
1.188024522646863446e+01
1.188024789516157753e+01
1.188025309855532541e+01
1.188026070155049574e+01
1.188027045014071703e+01
1.188028196071066134e+01
1.188029472096689254e+01
1.188030810657060599e+01
1.188032141387734164e+01
1.188033390568707404e+01
1.188034486496942854e+01
1.188035365096280671e+01
1.188035975173145786e+01
1.188036282674640454e+01
1.188036273322891567e+01
1.188035953207963047e+01
1.188035347314953327e+01
1.188034496370805826e+01
1.188033452632613596e+01
1.188032275255089587e+01
1.188031025781389616e+01
1.188029764222487650e+01
1.188028546125468665e+01
1.188027420877812546e+01
1.188026431199386046e+01
1.188025613436479055e+01
1.188024998081598760e+01
1.188024610002467796e+01
1.188024468096520181e+01
1.188024584319946086e+01
1.188024962177413713e+01
1.188025594852902955e+01
1.188026463310776926e+01
1.188027534887126713e+01
1.188028762981859465e+01
1.188030088319809074e+01
1.188031441901568463e+01
1.188032749388942833e+01
1.188033936434073823e+01
1.188034934384452512e+01
1.188035685773533956e+01
1.188036148963145600e+01
1.188036301298530439e+01
1.188036140298115306e+01
1.188035682761311485e+01
1.188034962101209224e+01
1.188034024492623075e+01
1.188032924481067276e+01
1.188031720608949726e+01
1.188030471520176157e+01
1.188029232939324409e+01
1.188028055798207916e+01
1.188026985521694279e+01
1.188026062148213313e+01
1.188025320729456524e+01
1.188024791465264229e+01
1.188024499246462895e+01
1.188024462532873038e+01
1.188024691657418508e+01
1.188025186741016093e+01
1.188025935529007882e+01
1.188026911642113070e+01
1.188028073854880162e+01
1.188029366922963526e+01
1.188030724161606955e+01
1.188032071585185356e+01
1.188033333139233072e+01
1.188034436451353315e+01
1.188035318508198834e+01
1.188035930634061543e+01
1.188036242127150466e+01
1.188036242026973888e+01
1.188035938808214098e+01
1.188035358222505344e+01
1.188034539836054471e+01
1.188033532911148882e+01
1.188032392202850041e+01
1.188031174132201429e+01
1.188029933724853926e+01
1.188028722603658416e+01
1.188027588099218690e+01
1.188026573216653858e+01
1.188025716933360876e+01
1.188025054263487768e+01
1.188024615716010501e+01
1.188024426043057602e+01
1.188024502368920032e+01
1.188024851891928080e+01
1.188025469458242256e+01
1.188026335474020101e+01
1.188027414763135070e+01
1.188028656935121496e+01
1.188029998546242538e+01
1.188031366937468647e+01
1.188032685314134973e+01
1.188033878491842010e+01
1.188034878710139353e+01
1.188035630896991002e+01
1.188036096741757675e+01
1.188036257013130914e+01
1.188036111836389352e+01
1.188035679061601613e+01
1.188034991217145020e+01
1.188034091691652350e+01
1.188033030732177764e+01
1.188031861724947902e+01
1.188030638139578166e+01
1.188029411432298588e+01
1.188028230014942821e+01
1.188027139090051598e+01
1.188026180865549009e+01
1.188025394573038973e+01
1.188024815870656781e+01
1.188024475488336051e+01
1.188024397198236137e+01
1.188024595311122233e+01
1.188025071992526094e+01
1.188025814841096661e+01
1.188026795323829532e+01
1.188027968665743650e+01
1.188029275553642350e+01
1.188030645618719561e+01
1.188032002307677537e+01
1.188033268571216361e+01
1.188034372763860880e+01
1.188035254142563524e+01
1.188035867327780792e+01
1.188036185137739942e+01
1.188036199438220564e+01
1.188035920048086425e+01
1.188035372131043843e+01
1.188034592702849856e+01
1.188033626857846414e+01
1.188032524191386763e+01
1.188031335792403276e+01
1.188030112101572655e+01
1.188028901774636914e+01
1.188027751410134591e+01
1.188026705700482566e+01
1.188025807428348557e+01
1.188025096845534989e+01
1.188024610246331392e+01
1.188024377801841958e+01
1.188024420863386510e+01
1.188024749029373872e+01
1.188025357398038651e+01
1.188026224583464341e+01
1.188027312114813405e+01
1.188028565648939505e+01
1.188029918046845168e+01
1.188031293979989123e+01
1.188032615507773038e+01
1.188033808012228931e+01
1.188034805878212197e+01
1.188035557290891120e+01
1.188036027545810391e+01
1.188036200452303603e+01
1.188036077780322231e+01
1.188035677108317323e+01
1.188035028677382599e+01
1.188034171869166400e+01
1.188033151799116460e+01
1.188032016395921353e+01
1.188030814257536072e+01
1.188029593446127130e+01
1.188028401134734580e+01
1.188027283714891702e+01
1.188026286794920949e+01
1.188025454586908225e+01
1.188024828442951097e+01
1.188024444581533956e+01
1.188024331215811813e+01
1.188024505383211782e+01
1.188024969883903026e+01
1.188025710885611019e+01
1.188026696826958073e+01
1.188027879111861296e+01
1.188029194733228699e+01
1.188030570559043220e+01
1.188031928744421428e+01
1.188033192649362668e+01
1.188034292647649082e+01
1.188035171207007679e+01
1.188035786629068369e+01
1.188036114979830238e+01
1.188036150074469077e+01
1.188035901794283333e+01
1.188035393306155107e+01
1.188034657811187245e+01
1.188033735332902197e+01
1.188032669917194717e+01
1.188031507526656583e+01
1.188030294804948284e+01
1.188029078670410676e+01
1.188027906400982658e+01
1.188026825657563101e+01
1.188025883911095448e+01
1.188025126979191270e+01
1.188024596677909095e+01
1.188024327798264679e+01
1.188024344714623304e+01
1.188024658023383751e+01
1.188025261748923711e+01
1.188026131752172532e+01
1.188027225887013749e+01
1.188028486129845973e+01
1.188029842491915744e+01
1.188031218211219731e+01
1.188032535601134931e+01
1.188033721935237530e+01
1.188034714755234944e+01
1.188035465990634165e+01
1.188035944382551001e+01
1.188036135995726461e+01
1.188036043012028919e+01
1.188035681330167925e+01
1.188035077600931544e+01
1.188034266229622915e+01
1.188033286724812143e+01
1.188032181667898968e+01
1.188030995484268537e+01
1.188029774013133100e+01
1.188028564591135527e+01
1.188027416123001601e+01
1.188026378579963094e+01
1.188025501575878096e+01
1.188024831982268736e+01
1.188024410781908813e+01
1.188024269476427897e+01
1.188024426442887460e+01
1.188024883757177541e+01
1.188025625115185413e+01
1.188026615439007294e+01
1.188027802477216532e+01
1.188029120292867802e+01
1.188030494180843100e+01
1.188031846395028523e+01
1.188033102056641788e+01
1.188034194634696128e+01
1.188035070392026604e+01
1.188035691262360594e+01
1.188036035871339990e+01
1.188036098808197139e+01
1.188035888616945712e+01
1.188035425130827250e+01
1.188034736703659000e+01
1.188033857730072285e+01
1.188032826722880486e+01
1.188031685126886217e+01
1.188030476894964238e+01
1.188029248592266462e+01
1.188028049535383701e+01
1.188026931391895324e+01
1.188025946835687208e+01
1.188025147166768924e+01
1.188024579076087583e+01
1.188024280877376526e+01
1.188024278602637018e+01
1.188024582462938383e+01
1.188025184295373293e+01
1.188026056614543613e+01
1.188027153655410117e+01
1.188028414390443999e+01
1.188029767119093449e+01
1.188031135021263651e+01
1.188032442037375880e+01
1.188033618466486097e+01
1.188034605683261802e+01
1.188035359422788417e+01
1.188035851285190070e+01
1.188036068480885277e+01
1.188036012220460869e+01
1.188035695357823762e+01
1.188035139860869016e+01
1.188034374520225178e+01
1.188033433161893626e+01
1.188032353537090202e+01
1.188031176934594946e+01
1.188029948327887730e+01
1.188028716602971002e+01
1.188027534286901599e+01
1.188026456321549240e+01
1.188025537732396053e+01
1.188024830343616500e+01
1.188024378863995523e+01
1.188024216745791861e+01
1.188024362306280679e+01
1.188024815718988947e+01
1.188025557513473096e+01
1.188026549040282909e+01
1.188027734975833738e+01
1.188029047532623395e+01
1.188030411787209495e+01
1.188031751481016229e+01
1.188032994682177268e+01
1.188034078717073960e+01
1.188034953812967487e+01
1.188035585054048937e+01
1.188035952589248723e+01
1.188036050423668399e+01
1.188035884376888163e+01
1.188035469799488553e+01
1.188034829481810384e+01
1.188033992023671637e+01
1.188032990830161140e+01
1.188031863789538001e+01
1.188030653485781940e+01
1.188029407534171256e+01
1.188028178464333884e+01
1.188027022650301312e+01
1.188025998074064660e+01
1.188025161034270560e+01
1.188024562120835093e+01
1.188024241865324093e+01
1.188024226549736539e+01
1.188024524765282663e+01
1.188025125370720048e+01
1.188025997367027209e+01
1.188027091854678297e+01
1.188028345816099041e+01
1.188029687167223791e+01
1.188031040429018148e+01
1.188032332400509183e+01
1.188033497248497383e+01
1.188034480454885689e+01
1.188035241185846758e+01
1.188035752944689705e+01
1.188036002763055521e+01
1.188035989477806176e+01
1.188035721696474667e+01
1.188035215912297637e+01
1.188034495046846040e+01
1.188033587577336547e+01
1.188032527307755437e+01
1.188031353669126489e+01
1.188030112180900844e+01
1.188028854511486898e+01
1.188027637600223763e+01
1.188026521561907600e+01
1.188025566435976543e+01
1.188024828089124085e+01
1.188024353689131196e+01
1.188024177230428968e+01
1.188024315687891885e+01
1.188024766450793024e+01
1.188025506603038295e+01
1.188026494304497405e+01
1.188027672101024201e+01
1.188028971650106058e+01
1.188030319214187891e+01
1.188031641294065999e+01
1.188032869821287818e+01
1.188033946354985204e+01
1.188034824820565127e+01
1.188035472583753460e+01
1.188035870034838482e+01
1.188036009184467900e+01
1.188035891878023342e+01
1.188035528118377826e+01
1.188034934791178188e+01
1.188034134944120268e+01
1.188033157676502860e+01
1.188032038548865899e+01
1.188030820187192127e+01
1.188029552541199152e+01
1.188028292230886862e+01
1.188027100637567557e+01
1.188026040742972889e+01
1.188025173003553903e+01
1.188024550683601177e+01
1.188024215130086070e+01
1.188024191552650244e+01
1.188024485956431953e+01
