1.188024147592623336e+01
1.188041162976529108e+01
1.188066277545681615e+01
1.188088517303905078e+01
1.188078384311784852e+01
1.188053916776207686e+01
1.188028337970814974e+01
1.188030421310905460e+01
1.188053451305996155e+01
1.188080541802434276e+01
1.188086941923557127e+01
1.188066400258152733e+01
1.188039348007924900e+01
1.188024859805647715e+01
1.188041626105030879e+01
1.188067457025255180e+01
1.188088848090179006e+01
1.188077273572659287e+01
1.188053471140230322e+01
1.188027003422381966e+01
1.188032044150902955e+01
1.188053263418274064e+01
1.188082632291598628e+01
1.188085119329446648e+01
1.188066950128284383e+01
1.188036905585236269e+01
1.188026467509408590e+01
1.188041070990827031e+01
1.188069796294259106e+01
1.188087857393788838e+01
1.188077500264275876e+01
1.188051640475388737e+01
1.188027079393723007e+01
1.188032365265785728e+01
1.188054324754808810e+01
1.188083580412824425e+01
1.188084219005888187e+01
1.188066709362941076e+01
1.188035048111892777e+01
1.188027782836127244e+01
1.188040639193785886e+01
1.188072254604712974e+01
1.188086449263244582e+01
1.188078299401271742e+01
1.188049020869878447e+01
1.188028177588140899e+01
1.188031573281688047e+01
1.188056643575275473e+01
1.188083156796945872e+01
1.188084675236781784e+01
1.188065070442877236e+01
1.188034560202052425e+01
1.188027860795486745e+01
1.188041384163986791e+01
1.188073695236393412e+01
1.188085830752654815e+01
1.188078442664917134e+01
1.188046809356679390e+01
1.188029149467118728e+01
1.188030745376576469e+01
1.188059268204623997e+01
1.188082158400752952e+01
1.188085844943524805e+01
1.188062491548146582e+01
1.188035199895142213e+01
1.188026742452831463e+01
1.188043464898635193e+01
1.188073740182767857e+01
1.188086572865760715e+01
1.188077197753325187e+01
1.188045901579430286e+01
1.188028960752761343e+01
1.188031000873060705e+01
1.188061018150997938e+01
1.188081811142726529e+01
1.188086508153925891e+01
1.188060135963627850e+01
1.188035875269581787e+01
1.188025424305674882e+01
1.188046033383218258e+01
1.188073067371600011e+01
1.188088164486080878e+01
1.188074877416877406e+01
1.188046205391970744e+01
1.188027504391564015e+01
1.188032647286292054e+01
1.188061373028114609e+01
1.188082813774165203e+01
1.188085818635167890e+01
1.188058996702585368e+01
1.188035478456200877e+01
1.188025074685473115e+01
1.188047883539775817e+01
1.188072902682760557e+01
1.188089412848059290e+01
1.188072593231676599e+01
1.188046701960233165e+01
1.188025681025203539e+01
1.188034953147209194e+01
1.188060881780833000e+01
1.188084795200315469e+01
1.188083938496182235e+01
1.188059132637327409e+01
1.188033755749301434e+01
1.188026145154694113e+01
1.188048361077335890e+01
1.188074061727864716e+01
1.188089370560185465e+01
1.188071420310487802e+01
1.188046226568867425e+01
1.188024690402432171e+01
1.188036705250662450e+01
1.188060751475257959e+01
1.188086608373108888e+01
1.188081910400451235e+01
1.188059613472176146e+01
1.188031498057016222e+01
1.188028031800400797e+01
1.188047878072115004e+01
1.188076319345011100e+01
1.188088046359759709e+01
1.188071567441295961e+01
1.188044382366853924e+01
1.188025121473916101e+01
1.188037125860344290e+01
1.188061901987991753e+01
1.188087219240045123e+01
1.188080874925350550e+01
1.188059235266863567e+01
1.188029918428542686e+01
1.188029532726105941e+01
1.188047604415981162e+01
1.188078592016898938e+01
1.188086397896304902e+01
1.188072207084133858e+01
1.188041838144530260e+01
1.188026506889760192e+01
1.188036484388554292e+01
1.188064257750139596e+01
1.188086483014890149e+01
1.188081187365571978e+01
1.188057463599885999e+01
1.188029734432872075e+01
1.188029758953544146e+01
1.188048550171476592e+01
1.188079774986648474e+01
1.188085613507269400e+01
1.188072114375192534e+01
1.188039801829967068e+01
1.188027674217664043e+01
1.188035895848185142e+01
1.188066815555621858e+01
1.188085257658092786e+01
1.188082135696484265e+01
1.188054834474732679e+01
1.188030622186894902e+01
1.188028833509643967e+01
1.188050790721191774e+01
1.188079572376787674e+01
1.188086189324022612e+01
1.188070624984065304e+01
1.188039108826447432e+01
1.188027636959686717e+01
1.188036445150615883e+01
1.188068417039610480e+01
1.188084760824897401e+01
1.188082492876694118e+01
1.188052532224674351e+01
1.188031456373954953e+01
1.188027799679397134e+01
1.188053418617140444e+01
1.188078729484081641e+01
1.188087539914626944e+01
1.188068133412548377e+01
1.188039583438708569e+01
1.188026370080804028e+01
1.188038357681577395e+01
1.188068620164105482e+01
1.188085621648805912e+01
1.188081474398548210e+01
1.188051497414210189e+01
1.188031168018086348e+01
1.188027800843930848e+01
1.188055239778186589e+01
1.188078474449485888e+01
1.188088454969318342e+01
1.188065782164897044e+01
1.188040164409512300e+01
1.188024829319119391e+01
1.188040835612272872e+01
1.188068046492503704e+01
1.188087390476423977e+01
1.188079326736824548e+01
1.188051705010133574e+01
1.188029584371648184e+01
1.188029209166532851e+01
1.188055673271219348e+01
1.188079559557093745e+01
1.188088041528568972e+01
1.188064602570366191e+01
1.188039716468917106e+01
1.188024199308776652e+01
1.188042667490058157e+01
1.188067915769424410e+01
1.188088892480707415e+01
1.188077132898451538e+01
1.188052173851595938e+01
1.188027559005418254e+01
1.188031348513387897e+01
1.188055207888015019e+01
1.188081678049519851e+01
1.188086393907377669e+01
1.188064720439012412e+01
1.188037921534677466e+01
1.188024993540861907e+01
1.188043142870243862e+01
1.188069091750802642e+01
1.188089139818056239e+01
1.188075999073253364e+01
1.188051719532465000e+01
1.188026299951784637e+01
1.188033008541465918e+01
1.188055036354989191e+01
1.188083708830420449e+01
1.188084518858443595e+01
1.188065249629832820e+01
1.188035517770569527e+01
1.188026667715237750e+01
1.188042610820955680e+01
1.188071415493209848e+01
1.188088073045196857e+01
1.188076199783470699e+01
1.188049883064899959e+01
1.188026454425071243e+01
1.188033360556421769e+01
1.188056120611036093e+01
1.188084584354326623e+01
1.188083580288331120e+01
1.188064974551419795e+01
1.188033718323037391e+01
1.188028030936639290e+01
1.188042218955685136e+01
1.188073837030283109e+01
1.188086607154690633e+01
1.188076957499216491e+01
1.188047275553828008e+01
1.188027618045575373e+01
1.188032609038600818e+01
1.188058452165898871e+01
1.188084092413612147e+01
1.188083997007265857e+01
1.188063301816789163e+01
1.188033294455501299e+01
1.188028149165408109e+01
1.188043012724367387e+01
1.188075225618733910e+01
1.188085945699645585e+01
1.188077043975944491e+01
1.188045096779395671e+01
1.188028637319690617e+01
1.188031839142763424e+01
1.188061068411265175e+01
1.188083042290938174e+01
1.188085112129963150e+01
1.188060705638938686e+01
1.188033987653878576e+01
1.188027079492215776e+01
1.188045134421039428e+01
1.188075219838000862e+01
1.188086645128396590e+01
1.188075740017607451e+01
1.188044230418080893e+01
1.188028487194551452e+01
1.188032163997648105e+01
1.188062792898068665e+01
1.188082658531147473e+01
1.188085703616573596e+01
1.188058354024587260e+01
1.188034699182952636e+01
1.188025828202490608e+01
1.188047723571557590e+01
1.188074511112735721e+01
1.188088179456354254e+01
1.188073375171358492e+01
1.188044567552514508e+01
1.188027076604159049e+01
1.188033874716379401e+01
1.188063120979393439e+01
1.188083626464849729e+01
1.188084937095222848e+01
1.188057229606753396e+01
1.188034328547746377e+01
1.188025559322180769e+01
1.188049576154278419e+01
1.188074326087425447e+01
1.188089351731636967e+01
1.188071067644594159e+01
1.188045080765830264e+01
1.188025317658149760e+01
1.188036226054005695e+01
1.188062616045806408e+01
1.188085559290170679e+01
1.188082991957296741e+01
1.188057374524923127e+01
1.188032637782813339e+01
1.188026708563275591e+01
1.188050052527291278e+01
1.188075468281042646e+01
1.188089224974759794e+01
1.188069883936517357e+01
1.188044610759720499e+01
1.188024407749909095e+01
1.188038004857344099e+01
1.188062488041189191e+01
1.188087303717651011e+01
1.188080919303528304e+01
1.188057848242707237e+01
1.188030430791972947e+01
1.188028657146316291e+01
1.188049579936388156e+01
1.188077696224585189e+01
1.188087825394937269e+01
1.188070016397142759e+01
1.188042775962604480e+01
1.188024920775957582e+01
1.188038446735148845e+01
1.188063646245077365e+01
1.188087834477778770e+01
1.188079853013892162e+01
1.188057450193482723e+01
1.188028920259906229e+01
1.188030201234190386e+01
1.188049333208694414e+01
1.188079918208370067e+01
1.188086120743755103e+01
1.188070625723222484e+01
1.188040259510984598e+01
1.188026373665786828e+01
1.188037836771531275e+01
1.188065998431279979e+01
1.188087024141989545e+01
1.188080132492481233e+01
1.188055660555105497e+01
1.188028809735278202e+01
1.188030463705145046e+01
1.188050313446543704e+01
1.188081036481209374e+01
1.188085294690753635e+01
1.188070488318758677e+01
1.188038270976022837e+01
1.188027590090497654e+01
1.188037296891472572e+01
1.188068531391864369e+01
1.188085742263041844e+01
1.188081032589926345e+01
1.188053030821996714e+01
1.188029759004699137e+01
1.188029583544472523e+01
1.188052579279884569e+01
1.188080772109739769e+01
1.188085828267163535e+01
1.188068953549309548e+01
1.188037633002042526e+01
1.188027593761511724e+01
1.188037904799376143e+01
1.188070091879088963e+01
1.188085203931254874e+01
1.188081325393578602e+01
1.188050748966417203e+01
1.188030636957000219e+01
1.188028612824732377e+01
1.188055211622992680e+01
1.188079883272677328e+01
1.188087121741773089e+01
1.188066432316561283e+01
1.188038153204267644e+01
1.188026375678184721e+01
1.188039869288293993e+01
1.188070254101674905e+01
1.188086024198132229e+01
1.188080238966207247e+01
1.188049744268727004e+01
1.188030383041994931e+01
1.188028689567001095e+01
1.188057019550339533e+01
1.188079597681912425e+01
1.188087961796100345e+01
1.188064072714570862e+01
1.188038762711179785e+01
1.188024902121481396e+01
1.188042379454807751e+01
1.188069653577255380e+01
1.188087738147123673e+01
1.188078036827178252e+01
1.188049974901796979e+01
1.188028840413790377e+01
1.188030169754412135e+01
1.188057437418388851e+01
1.188080654764568322e+01
1.188087466702563155e+01
1.188062896456899686e+01
1.188038332778072181e+01
1.188024354285284900e+01
1.188044225004120413e+01
1.188069511751764651e+01
1.188089165845715733e+01
1.188075809441772890e+01
1.188050450369667033e+01
1.188026874801435184e+01
1.188032362959471655e+01
1.188056968820731818e+01
1.188082731766447431e+01
1.188085748178324508e+01
1.188063012712256494e+01
1.188036560881036507e+01
1.188025230140851818e+01
1.188044709593182979e+01
1.188070680931459933e+01
1.188089329149522477e+01
1.188074655219691600e+01
1.188049990793008703e+01
1.188025692769282315e+01
1.188034057995386128e+01
1.188056810276268926e+01
1.188084700470563249e+01
1.188083822182285942e+01
1.188063524405386495e+01
1.188034198794901641e+01
1.188026970106471225e+01
1.188044197715150752e+01
1.188072985686709515e+01
1.188088186074132580e+01
1.188074832450021923e+01
1.188048152183066009e+01
1.188025926913657848e+01
1.188034438880734811e+01
1.188057913837442747e+01
1.188085501331348404e+01
1.188082846810583426e+01
1.188063218396820098e+01
1.188032460200621543e+01
1.188028380465082279e+01
1.188043842799923766e+01
1.188075367036441321e+01
1.188086662409222072e+01
1.188075551216066650e+01
1.188045560519390875e+01
1.188027156825978814e+01
1.188033725924728756e+01
1.188060254290805418e+01
1.188084939353492686e+01
1.188083225297833501e+01
1.188061515518216815e+01
1.188032102878679730e+01
1.188028538328399186e+01
1.188044682104233729e+01
1.188076700405894925e+01
1.188085957963247452e+01
1.188075583599975360e+01
1.188043418123684347e+01
1.188028224259493548e+01
1.188033012032382629e+01
1.188062858275742961e+01
1.188083836020230066e+01
1.188084287091919578e+01
1.188058905902054718e+01
1.188032851786369370e+01
1.188027516806483241e+01
1.188046841217192728e+01
1.188076641046437132e+01
1.188086614503727390e+01
1.188074223620594694e+01
1.188042596546253193e+01
1.188028113602605629e+01
1.188033403938452892e+01
1.188064553586325012e+01
1.188083414253073222e+01
1.188084808335826992e+01
1.188056562077490774e+01
1.188033601571201459e+01
1.188026331759257737e+01
1.188049447360502953e+01
1.188075893777206815e+01
1.188088091296866011e+01
1.188071817540850539e+01
1.188042970094245199e+01
1.188026749789946557e+01
1.188035176323514719e+01
1.188064851432950242e+01
1.188084345815917686e+01
1.188083966649968737e+01
1.188055456113434794e+01
1.188033259341591652e+01
1.188026142702067389e+01
1.188051298774250064e+01
1.188075685756281885e+01
1.188089187448103878e+01
1.188069490010017404e+01
1.188043502956732489e+01
1.188025056201417584e+01
1.188037570294851264e+01
1.188064329572528521e+01
1.188086228295017754e+01
1.188081958662725590e+01
1.188055613383446385e+01
1.188031602904899486e+01
1.188027369437075897e+01
1.188051770611668800e+01
1.188076808246552929e+01
1.188088976542108277e+01
1.188068298707905690e+01
1.188043041492140972e+01
1.188024227666859645e+01
1.188039372958547446e+01
1.188064200578516072e+01
1.188087902391339945e+01
1.188079843736588259e+01
1.188056083289108855e+01
1.188029448981701819e+01
1.188029378417970072e+01
1.188051305231053689e+01
1.188079003541407452e+01
1.188087502251943839e+01
1.188068419485342275e+01
1.188041219461246989e+01
1.188024822940603897e+01
1.188039833438643100e+01
1.188065362955818038e+01
1.188088351788657704e+01
1.188078748830099229e+01
1.188055668884901017e+01
1.188028009682936492e+01
1.188030964073626095e+01
1.188051082152897386e+01
1.188081171954000581e+01
1.188085742273345247e+01
1.188069001441588668e+01
1.188038734190132573e+01
1.188026343302157706e+01
1.188039252455083528e+01
1.188067707863204170e+01
1.188087466445755780e+01
1.188078997368711853e+01
1.188053865022459732e+01
1.188027974420572264e+01
1.188031261329436283e+01
1.188052093330717796e+01
1.188082222923862119e+01
1.188084875370213211e+01
1.188068822500401112e+01
1.188036796685189955e+01
1.188027608729870899e+01
1.188038758612229451e+01
1.188070212285356142e+01
1.188086127370311118e+01
1.188079851228069117e+01
1.188051238556866274e+01
1.188028986692294886e+01
1.188030425113001876e+01
1.188054380655962028e+01
1.188081894527932469e+01
1.188085367360691258e+01
1.188067245820114337e+01
1.188036216687917346e+01
1.188027653352344082e+01
1.188039422210555607e+01
1.188071728287497564e+01
1.188085546841162810e+01
1.188080081876743321e+01
1.188048980895873363e+01
1.188029909791668004e+01
1.188029516063426350e+01
1.188057013575567922e+01
1.188080957711921037e+01
1.188086604344838015e+01
1.188064698602352287e+01
1.188036785136067053e+01
1.188026484206435995e+01
1.188041435436014126e+01
1.188071846425193456e+01
1.188086325692528789e+01
1.188078930067286443e+01
1.188048009865823218e+01
1.188029691816534239e+01
1.188029666638708193e+01
1.188058804522484024e+01
1.188080639508137182e+01
1.188087370243874474e+01
1.188062334335399228e+01
1.188037425736607844e+01
1.188025077909111715e+01
1.188043974454515705e+01
1.188071216078535031e+01
1.188087983853102436e+01
1.188076676297595746e+01
1.188048266828569410e+01
1.188028191845002901e+01
1.188031216598674966e+01
1.188059203273263975e+01
1.188081666332163877e+01
1.188086794703204063e+01
1.188061164923569279e+01
1.188037016504262589e+01
1.188024612006868175e+01
1.188045830335488517e+01
1.188071060144779523e+01
1.188089336524316941e+01
1.188074418307547475e+01
1.188048752137145314e+01
1.188026287574459339e+01
1.188033461338139674e+01
1.188058728154412158e+01
1.188083699516803549e+01
1.188085006812596944e+01
1.188061282848472189e+01
1.188035270515475617e+01
1.188025568879270644e+01
1.188046320994467031e+01
1.188072219309945510e+01
1.188089415421702100e+01
1.188073246512760939e+01
1.188048290682629116e+01
1.188025183891935299e+01
1.188035189033518080e+01
1.188058579231713452e+01
1.188085603949878255e+01
1.188083031569084724e+01
1.188061780273449131e+01
1.188032952986399771e+01
1.188027373750191451e+01
1.188045826302592722e+01
1.188074501715601627e+01
1.188088196027889865e+01
1.188073402895714992e+01
1.188046453538181169e+01
1.188025498675401082e+01
1.188035596595775445e+01
1.188059698487848159e+01
1.188086328263073987e+01
1.188082021028125368e+01
1.188061446761034112e+01
1.188031277923231421e+01
1.188028830286020465e+01
1.188045505268159374e+01
1.188076839572906174e+01
1.188086614780676875e+01
1.188074085311512107e+01
1.188043881412233205e+01
1.188026795545299663e+01
1.188034920136540151e+01
1.188062044015978103e+01
1.188085694718972718e+01
1.188082362749126020e+01
1.188059717446247099e+01
1.188030989495200629e+01
1.188029026948300348e+01
1.188046386761578432e+01
1.188078114665932716e+01
1.188085867502017656e+01
1.188074066421952679e+01
1.188041778961469852e+01
1.188027911703335349e+01
1.188034260083310656e+01
1.188064631887790945e+01
1.188084536873987318e+01
1.188083372654340941e+01
1.188057098263338496e+01
1.188031796159485864e+01
1.188028052859583106e+01
1.188048579668565985e+01
1.188077998999107088e+01
1.188086481155102092e+01
1.188072653567985171e+01
1.188041005454819299e+01
1.188027841193622436e+01
1.188034716576470728e+01
1.188066294339835949e+01
1.188084075777763360e+01
1.188083825321171361e+01
1.188054766063285328e+01
1.188032586142475644e+01
1.188026933239206429e+01
1.188051199066025276e+01
1.188077210681655949e+01
1.188087900377631279e+01
1.188070209642529207e+01
1.188041418423109441e+01
1.188026524963601993e+01
1.188036547836996526e+01
1.188066558553457597e+01
1.188084969482864039e+01
1.188082910491750965e+01
1.188053682170622061e+01
1.188032274383808584e+01
1.188026822886377865e+01
1.188053045660414142e+01
1.188076977134746670e+01
1.188088920577781238e+01
1.188067865545819934e+01
1.188041973850075195e+01
1.188024897463612994e+01
1.188038981456507770e+01
1.188066016570754435e+01
1.188086800061151216e+01
1.188080841980819891e+01
1.188053855163088102e+01
1.188030654495147687e+01
1.188028125637731058e+01
1.188053509542468689e+01
1.188078077202681015e+01
1.188088626054643981e+01
1.188066669935679975e+01
1.188041523989631898e+01
1.188024150751215657e+01
1.188040805007063661e+01
1.188065883346517637e+01
1.188088402438249425e+01
1.188078687235350905e+01
1.188054324559199415e+01
1.188028555832232236e+01
1.188030193283725744e+01
1.188053048124401556e+01
1.188080237013313578e+01
1.188087077931707292e+01
1.188066782105469343e+01
1.188039717986562671e+01
1.188024828354276607e+01
1.188041281295085660e+01
1.188067046433945784e+01
1.188088769419837298e+01
1.188077566071181579e+01
1.188053897281531768e+01
1.188027189722330590e+01
1.188031818725366406e+01
1.188052845377649192e+01
1.188082349120852399e+01
1.188085263688939897e+01
1.188067339723391491e+01
1.188037267196678037e+01
1.188026415976828964e+01
1.188040726639131428e+01
1.188069380421917387e+01
1.188087808376404197e+01
1.188077785849661261e+01
1.188052082928412290e+01
1.188027231328206845e+01
1.188032149123259273e+01
1.188053883918424170e+01
1.188083330339155275e+01
1.188084356949037002e+01
1.188067122484987159e+01
1.188035383852876947e+01
1.188027730107931745e+01
1.188040276089266456e+01
1.188071852685648544e+01
1.188086411631042161e+01
1.188078595622283906e+01
1.188049463581413434e+01
1.188028307903713277e+01
1.188031355330216599e+01
1.188056188916950973e+01
1.188082935816592922e+01
1.188084808206275866e+01
1.188065507436445323e+01
1.188034864653814360e+01
1.188027815499108009e+01
1.188040992344913604e+01
1.188073320798074661e+01
1.188085788406080567e+01
1.188078766492017024e+01
1.188047233879201237e+01
1.188029277346111101e+01
1.188030506329475067e+01
1.188058818526999083e+01
1.188081949148817884e+01
1.188085989524067543e+01
1.188062937974893885e+01
1.188035483875381715e+01
1.188026695226905005e+01
1.188043050973851145e+01
1.188073391757096786e+01
1.188086525184863440e+01
1.188077552018692806e+01
1.188046300027937363e+01
1.188029096621889025e+01
1.188030728812560533e+01
1.188060588741994295e+01
1.188081596438929388e+01
1.188086682313125486e+01
1.188060572785907354e+01
1.188036157995674280e+01
1.188025356035587166e+01
1.188045615359216711e+01
1.188072728711544102e+01
1.188088126851708815e+01
1.188075249607716088e+01
1.188046586564730234e+01
1.188027640754438607e+01
1.188032346276374263e+01
1.188060964885021775e+01
1.188082590937608352e+01
1.188086027731002403e+01
1.188059413774449524e+01
1.188035772021836323e+01
1.188024971616635383e+01
1.188047478140376967e+01
1.188072555760296467e+01
1.188089403983453707e+01
1.188072964088142136e+01
1.188047084875817738e+01
1.188025799217210654e+01
1.188034640058009828e+01
1.188060479944901715e+01
1.188084578150840898e+01
1.188084172205243405e+01
1.188059536692401963e+01
1.188034054671546613e+01
1.188026008689747570e+01
1.188047971644919443e+01
1.188073701799307536e+01
1.188089398314488498e+01
1.188071777670597307e+01
1.188046624865532586e+01
1.188024775009998102e+01
1.188036397903557706e+01
1.188060337288462343e+01
1.188086416299391423e+01
1.188082149601016901e+01
1.188060023114972630e+01
1.188031784429646720e+01
1.188027877375476749e+01
1.188047491073519879e+01
1.188075958601453941e+01
1.188088102797293111e+01
1.188071915960304636e+01
1.188044792730417498e+01
1.188025171195855734e+01
1.188036829792930682e+01
1.188061468645628516e+01
1.188087062368002300e+01
1.188081105705365204e+01
1.188059665556515654e+01
1.188030175417535261e+01
1.188029378928502844e+01
1.188047200774139966e+01
1.188078249780280871e+01
1.188086464366699069e+01
1.188072564743601767e+01
1.188042243758519056e+01
1.188026535485999347e+01
1.188036187612573968e+01
1.188063815448952099e+01
1.188086355917486259e+01
1.188081412305317563e+01
1.188057913538531452e+01
1.188029958068713121e+01
1.188029613356283853e+01
1.188048121037740756e+01
1.188079463667732938e+01
1.188085674618206866e+01
1.188072497515221038e+01
1.188040184733960913e+01
1.188027700731862524e+01
1.188035579083572379e+01
1.188066383390644987e+01
1.188085142447895137e+01
1.188082371939971793e+01
1.188055288675186638e+01
1.188030824372449779e+01
1.188028685785978666e+01
1.188050344051379525e+01
1.188079289097521496e+01
1.188086245589147438e+01
1.188071035043644130e+01
1.188039462492879395e+01
1.188027670845814576e+01
1.188036097551275461e+01
1.188068009348088871e+01
1.188084640889719523e+01
1.188082757873699791e+01
1.188052971937435842e+01
1.188031656329945207e+01
1.188027630579704663e+01
1.188052972910383254e+01
1.188078457362498419e+01
1.188087607411145363e+01
1.188068556761299632e+01
1.188039917792453082e+01
1.188026402799344794e+01
1.188037984753417753e+01
1.188068236582797077e+01
1.188085495441078976e+01
1.188081772097924826e+01
1.188051913728785536e+01
1.188031376938427108e+01
1.188027597614555653e+01
1.188054810991482491e+01
1.188078195897049838e+01
1.188088552042182044e+01
1.188066199626950059e+01
1.188040498599776029e+01
1.188024841911381024e+01
1.188040454902044907e+01
1.188067671339039144e+01
1.188087272759057811e+01
1.188079645557995079e+01
1.188052105804545100e+01
1.188029795644328956e+01
1.188028974709506969e+01
1.188055263461440703e+01
1.188079270965393341e+01
1.188088174644228445e+01
1.188065003077123372e+01
1.188040063301970761e+01
1.188024177257887892e+01
1.188042296241336260e+01
1.188067530704768338e+01
1.188088802230493890e+01
1.188077453606284095e+01
1.188052577979364344e+01
1.188027754254403057e+01
1.188031099099416110e+01
1.188054802726214376e+01
1.188081392604432196e+01
1.188086553772428822e+01
1.188065109792446705e+01
1.188038276478261857e+01
1.188024937059718056e+01
1.188042785423949077e+01
1.188068691104951746e+01
1.188089085949945378e+01
1.188076308697473316e+01
1.188052141290342867e+01
1.188026463101618013e+01
1.188032762363113370e+01
1.188054616965332322e+01
1.188083445830566909e+01
1.188084686529030698e+01
1.188065646177090251e+01
1.188035863351181476e+01
1.188026591523856013e+01
1.188042254328535030e+01
1.188071010606536504e+01
1.188088048718616285e+01
1.188076502046024707e+01
1.188050320153954331e+01
1.188026582990833191e+01
1.188033124081804459e+01
1.188055679269369413e+01
1.188084355014188809e+01
1.188083741162215290e+01
1.188065393950380333e+01
1.188034037170541168e+01
1.188027953853178786e+01
1.188041844216311915e+01
1.188073447176595998e+01
1.188086594033347865e+01
1.188077270031123867e+01
1.188047711740316537e+01
1.188027724980956457e+01
1.188032371015346733e+01
1.188057998107671764e+01
1.188083892431109057e+01
1.188084152733879861e+01
1.188063744139765454e+01
1.188033581455953680e+01
1.188028079625695810e+01
1.188042609988389842e+01
1.188074864089410454e+01
1.188085927816553422e+01
1.188077383643896745e+01
1.188045513713323409e+01
1.188028741771645613e+01
1.188031580267406540e+01
1.188060620518756494e+01
1.188082854207718952e+01
1.188085279404321781e+01
1.188061156229065318e+01
1.188034253840701737e+01
1.188027007958873860e+01
1.188044710586572705e+01
1.188074884876000326e+01
1.188086622068917464e+01
1.188076109367139033e+01
1.188044620496520309e+01
1.188028599416922759e+01
1.188031872559285063e+01
1.188062366257682001e+01
1.188082465269265953e+01
1.188085900324795752e+01
1.188058793902824384e+01
1.188034963766509833e+01
1.188025735513850023e+01
1.188047296763068061e+01
1.188074186358198503e+01
1.188088166742650920e+01
1.188073761437854792e+01
1.188044939791981314e+01
1.188027188905777543e+01
1.188033555088794557e+01
1.188062716316330736e+01
1.188083425549470284e+01
1.188085168302333372e+01
1.188057648880040951e+01
1.188034603464633676e+01
1.188025431918943298e+01
1.188049162932268032e+01
1.188073993587197918e+01
1.188089368033395310e+01
1.188071451587183880e+01
1.188045454203440343e+01
1.188025411293233979e+01
1.188035895259301356e+01
1.188062218273469384e+01
1.188085364815972333e+01
1.188083247062185599e+01
1.188057780143432218e+01
1.188032917333770833e+01
1.188026548169427166e+01
1.188049655983689767e+01
1.188075123499876895e+01
1.188089277851616465e+01
1.188070253612944782e+01
1.188044998890468662e+01
1.188024467481281832e+01
1.188037680592555212e+01
1.188062078550988332e+01
1.188087134853196503e+01
1.188081179165723178e+01
1.188058258853732063e+01
1.188030696952036536e+01
1.188028479377626567e+01
1.188049186397616452e+01
1.188077351563152284e+01
1.188087906617079348e+01
1.188070376675357664e+01
1.188043175233155502e+01
1.188024945625247497e+01
1.188038134310969340e+01
1.188063218443443780e+01
1.188087701173230215e+01
1.188080103906418827e+01
1.188057880726563376e+01
1.188029156345188397e+01
1.188030024590966249e+01
1.188048923622346642e+01
1.188079593006254697e+01
1.188086211608427689e+01
1.188070994652192702e+01
1.188040652946495257e+01
1.188026377592760063e+01
1.188037524047006599e+01
1.188065562758460203e+01
1.188086920670180824e+01
1.188080377204285476e+01
1.188056109751489586e+01
1.188029012090342817e+01
1.188030295556427340e+01
1.188049879176276136e+01
1.188080742896791087e+01
1.188085379956746479e+01
1.188070882124606875e+01
1.188038640733508622e+01
1.188027592085951412e+01
1.188036964585402622e+01
1.188068107000569107e+01
1.188085650655992964e+01
1.188081288358925924e+01
1.188053483096711815e+01
1.188029939744813035e+01
1.188029413396888678e+01
1.188052128555676568e+01
1.188080506969020433e+01
1.188085908654068490e+01
1.188069373392318973e+01
1.188037972849912194e+01
1.188027603095987494e+01
1.188037542275562153e+01
1.188069692885373208e+01
1.188085107696075227e+01
1.188081609575095321e+01
1.188051185650071240e+01
1.188030815280343333e+01
1.188028421399151924e+01
1.188054763041380646e+01
1.188079629590820652e+01
1.188087213449996149e+01
1.188066864332182604e+01
1.188038473285487484e+01
1.188026383628705673e+01
1.188039482351672405e+01
1.188069879859277655e+01
1.188085921992588290e+01
1.188080555219264056e+01
1.188050156721017103e+01
1.188030569976547568e+01
1.188028464311780397e+01
1.188056588883572928e+01
1.188079337960663651e+01
1.188088083100931769e+01
1.188064497767513394e+01
1.188039082179337136e+01
1.188024889667859973e+01
1.188041985786295207e+01
1.188069288283769254e+01
1.188087644889504269e+01
1.188078373306582414e+01
1.188050371219191703e+01
1.188029029144096782e+01
1.188029913887476319e+01
1.188057026459634180e+01
1.188080385602282796e+01
1.188087623778405444e+01
1.188063303717569319e+01
1.188038664288370860e+01
1.188024307097917998e+01
1.188043841701340675e+01
1.188069137131954633e+01
1.188089100473656501e+01
1.188076146913914855e+01
1.188050849434778122e+01
1.188027046854169200e+01
1.188032092917147153e+01
1.188056563107428509e+01
1.188082466538634030e+01
1.188085931445129795e+01
1.188063408198071969e+01
1.188036899675516622e+01
1.188025148755830074e+01
1.188044340756210815e+01
1.188070291524671163e+01
1.188089300293831663e+01
1.188074980919226320e+01
1.188050406765153610e+01
1.188025832234075096e+01
1.188033791862734390e+01
1.188056390971391707e+01
1.188084458472288318e+01
1.188084012661614075e+01
1.188063926516724322e+01
1.188034527264000850e+01
1.188026869433934074e+01
1.188043830349764463e+01
1.188072593057620097e+01
1.188088186595606466e+01
1.188075150310070072e+01
1.188048582515000007e+01
1.188026031625837398e+01
1.188034182908642755e+01
1.188057473428345290e+01
1.188085293511000806e+01
1.188083030070551160e+01
1.188063642668497266e+01
1.188032761110045499e+01
1.188028279251696162e+01
1.188043457719049023e+01
1.188074990494411054e+01
1.188086673905695001e+01
1.188075878946106911e+01
1.188045988801377817e+01
1.188027239946170255e+01
1.188033468702492002e+01
1.188059802270085186e+01
1.188084761108865095e+01
1.188083403195307142e+01
1.188061961753893137e+01
1.188032371421830646e+01
1.188028444814893625e+01
1.188044269769487826e+01
1.188076353003200758e+01
1.188085964604915290e+01
1.188075937960850048e+01
1.188043826106600065e+01
1.188028304895569320e+01
1.188032734243484612e+01
1.188062413601511658e+01
1.188083669801590148e+01
1.188084476427975922e+01
1.188059359230338075e+01
1.188033099212979593e+01
1.188027421282180285e+01
1.188046408812312471e+01
1.188076320734130320e+01
1.188086616081398361e+01
1.188074606873991179e+01
1.188042976912877613e+01
1.188028201832647035e+01
1.188033094078593699e+01
1.188064131139647017e+01
1.188083243089025309e+01
1.188085026912538744e+01
1.188057003581626958e+01
1.188033847081220529e+01
1.188026215019512932e+01
1.188049013124584263e+01
1.188075584084212544e+01
1.188088103469321233e+01
1.188072216673410253e+01
1.188043332080480141e+01
1.188026837731359997e+01
1.188034839073775473e+01
1.188064451663161591e+01
1.188084167437262195e+01
1.188084219241051187e+01
1.188055876157681823e+01
1.188033514712198979e+01
1.188025991383379854e+01
1.188050879100206458e+01
1.188075368808141974e+01
1.188089228828366117e+01
1.188069885803545489e+01
1.188043865614987560e+01
1.188025125031699325e+01
1.188037222826695860e+01
1.188063937266557879e+01
1.188086056966267101e+01
1.188082234391210434e+01
1.188056019135904151e+01
1.188031862224364232e+01
1.188027185583638712e+01
1.188051368336808800e+01
1.188076479715604350e+01
1.188089054400590960e+01
1.188068679444743481e+01
1.188043418172227206e+01
1.188024262326624836e+01
1.188039032840297082e+01
1.188063797180768155e+01
1.188087757257340371e+01
1.188080123446684944e+01
1.188056493436550731e+01
1.188029694111018308e+01
1.188029177823500682e+01
1.188050906542806473e+01
1.188078676032829684e+01
1.188087608065126588e+01
1.188068790247459283e+01
1.188041606374745385e+01
1.188024822774622713e+01
1.188039505749933511e+01
1.188064942082801778e+01
1.188088242522705329e+01
1.188079018984888791e+01
1.188056098225493251e+01
1.188028224090625784e+01
1.188030765147236245e+01
1.188050668026992795e+01
1.188080864821109550e+01
1.188085857289032887e+01
1.188069380341793213e+01
1.188039114208532787e+01
1.188026322469318075e+01
1.188038924904022764e+01
1.188067280193865116e+01
1.188087387019529473e+01
1.188079260966797435e+01
1.188054312040457283e+01
1.188028154767033584e+01
1.188031071232381031e+01
1.188051655342148116e+01
1.188081948070276539e+01
1.188084984503101182e+01
1.188069225648917637e+01
1.188037152085959924e+01
1.188027586164226967e+01
1.188038411920084769e+01
1.188069797026133756e+01
1.188086059737646316e+01
1.188080125597297254e+01
1.188051687473881834e+01
1.188029145305371337e+01
1.188030233187598306e+01
1.188053927304688528e+01
1.188081648481372454e+01
1.188085471536805926e+01
1.188067674101825233e+01
1.188036541538459900e+01
1.188027638137753250e+01
1.188039045950441874e+01
1.188071339329876430e+01
1.188085474632912053e+01
1.188080384275681212e+01
1.188049413126141118e+01
1.188030065843462957e+01
1.188029303004930348e+01
1.188056563551873168e+01
1.188080723386499571e+01
1.188086719883337850e+01
1.188065137922202474e+01
1.188037089798318213e+01
1.188026467439435230e+01
1.188041035708686266e+01
1.188071482836531700e+01
1.188086247771706105e+01
1.188079263867460966e+01
1.188048417043237670e+01
1.188029856166438769e+01
1.188029420097553412e+01
1.188058373409833557e+01
1.188080399499923168e+01
1.188087515347562473e+01
1.188062765602391302e+01
1.188037729365242967e+01
1.188025040512284392e+01
1.188043569071995798e+01
1.188070861937829825e+01
1.188087915288526197e+01
1.188077029391795847e+01
1.188048657269347785e+01
1.188028357477692865e+01
1.188030940106726163e+01
1.188058792597117375e+01
1.188081417445677346e+01
1.188086975255510502e+01
1.188061577551763470e+01
1.188037331601271873e+01
1.188024539838776761e+01
1.188045436245124087e+01
1.188070697244295104e+01
1.188089296211095203e+01
1.188074771467283952e+01
1.188049144749761865e+01
1.188026435923921298e+01
1.188033171495115248e+01
1.188058323319922138e+01
1.188083455312112058e+01
1.188085212948097791e+01
1.188061683072153230e+01
1.188035592101171112e+01
1.188025462798673715e+01
1.188045942051267545e+01
1.188071842397431510e+01
1.188089411706190290e+01
1.188073587182559621e+01
1.188048699487110582e+01
1.188025299214677588e+01
1.188034903812680909e+01
1.188058161444172534e+01
1.188085383714700072e+01
1.188083244277971318e+01
1.188062186542844323e+01
1.188033263319922028e+01
1.188027248856080398e+01
1.188045449368175710e+01
1.188074122575035041e+01
1.188088221472059303e+01
1.188073735221109395e+01
1.188046875743004271e+01
1.188025579127938514e+01
1.188035322026729013e+01
1.188059260445088228e+01
1.188086142678037760e+01
1.188082226053787771e+01
1.188061874486056624e+01
1.188031559908749024e+01
1.188028705249526062e+01
1.188045111172720425e+01
1.188076477545208576e+01
1.188086650919159837e+01
1.188074427076721662e+01
1.188044300436301093e+01
1.188026854494883899e+01
1.188034644652199923e+01
1.188061595463150333e+01
1.188085538880137015e+01
1.188082562156684929e+01
1.188060166165593756e+01
1.188031238635769604e+01
1.188028909811450617e+01
1.188045966177189605e+01
1.188077782561454221e+01
1.188085898646850325e+01
1.188074434279876179e+01
1.188042176659791593e+01
1.188027968215059182e+01
1.188033964357839167e+01
1.188064191854965657e+01
1.188084393142323769e+01
1.188083583346761252e+01
1.188057552895225655e+01
1.188032023921672042e+01
1.188027933740970887e+01
1.188048140060771551e+01
1.188077694474170976e+01
1.188086507302806361e+01
1.188073049499391765e+01
1.188041374799348837e+01
1.188027905166790532e+01
1.188034389311860117e+01
1.188065877499051481e+01
1.188083927292695563e+01
1.188084065013932289e+01
1.188055207756876541e+01
1.188032811712426629e+01
1.188026792895287187e+01
1.188050758785106176e+01
1.188076917155570023e+01
1.188087937318972109e+01
1.188070620388581489e+01
1.188041768870249371e+01
1.188026588327421784e+01
1.188036194018912894e+01
1.188066165074493519e+01
1.188084814180538196e+01
1.188083183669074394e+01
1.188054101551807307e+01
1.188032509376848189e+01
1.188026648149872777e+01
1.188052620927515513e+01
1.188076676815630783e+01
1.188088986866022623e+01
1.188068271914683471e+01
1.188042324464313282e+01
1.188024941323312866e+01
1.188038618403045277e+01
1.188065631115393117e+01
1.188086652370933116e+01
1.188081137491950479e+01
1.188054259619308795e+01
1.188030892790835402e+01
1.188027918871669186e+01
1.188053102936126670e+01
1.188077765969712729e+01
1.188088728671466221e+01
1.188067060439100686e+01
1.188041887973576394e+01
1.188024160226493642e+01
1.188040450153511784e+01
1.188065487415757460e+01
1.188088281477666719e+01
1.188078985912616936e+01
1.188054732813460035e+01
1.188028779182248762e+01
1.188029970457949958e+01
1.188052645694389042e+01
1.188079927671090097e+01
1.188087208060541045e+01
1.188067162040834290e+01
1.188040091320741709e+01
1.188024803113135341e+01
1.188040939485819969e+01
1.188066633853388154e+01
1.188088684584421983e+01
1.188077854572677516e+01
1.188054323998778017e+01
1.188027381749774847e+01
1.188031598153616031e+01
1.188052428131334537e+01
1.188082061032485903e+01
1.188085402531117829e+01
1.188067727263859830e+01
1.188037632603689531e+01
1.188026370376435992e+01
1.188040385432964108e+01
1.188068962104324200e+01
1.188087753335872421e+01
1.188078067384755521e+01
1.188052526339832227e+01
1.188027389010844637e+01
1.188031937755100742e+01
1.188053443641185147e+01
1.188083075151320323e+01
1.188084489579979852e+01
1.188067533622933780e+01
1.188035723733567117e+01
1.188027683021728720e+01
1.188039916213537950e+01
1.188071447887187837e+01
1.188086368263429193e+01
1.188078887604855538e+01
1.188049907719700471e+01
1.188028443782046928e+01
1.188031142345832158e+01
1.188055734374419714e+01
1.188082709756568534e+01
1.188084935759067307e+01
1.188065942784752238e+01
1.188035173377401499e+01
1.188027775820892451e+01
1.188040603581442944e+01
1.188072943182439722e+01
1.188085740470475393e+01
1.188079086081575575e+01
1.188047660245665682e+01
1.188029410562641708e+01
1.188030272402398424e+01
1.188058368499460826e+01
1.188081735031489572e+01
1.188086128432244237e+01
1.188063383211831869e+01
1.188035772023600778e+01
1.188026653875558125e+01
1.188042639715824578e+01
1.188073040102027633e+01
1.188086471749582529e+01
1.188077902301750832e+01
1.188046700534525435e+01
1.188029237864640208e+01
1.188030461795304049e+01
1.188060158620209705e+01
1.188081376958788304e+01
1.188086850704191200e+01
1.188061008868453250e+01
1.188036444721021923e+01
1.188025293880733457e+01
1.188045199546584385e+01
1.188072386978854844e+01
1.188088083131293082e+01
1.188075618217851748e+01
1.188046969748711490e+01
1.188027782811676936e+01
1.188032050012567709e+01
1.188060555922802131e+01
1.188082363104861905e+01
1.188086231198682086e+01
1.188059830364871772e+01
1.188036069670828709e+01
1.188024874705804024e+01
1.188047074565956862e+01
1.188072205813502613e+01
1.188089388827128978e+01
1.188073331805579613e+01
1.188047469668348555e+01
1.188025923434855713e+01
1.188034331308405989e+01
1.188060077416370497e+01
1.188084355705052353e+01
1.188084400600232726e+01
1.188059940243317314e+01
1.188034358046667194e+01
1.188025878203598218e+01
1.188047583914429062e+01
1.188073338593711092e+01
1.188089419784052225e+01
1.188072132154632854e+01
1.188047025145406188e+01
1.188024865813119035e+01
1.188036094525360831e+01
1.188059922444774053e+01
1.188086218517128145e+01
1.188082383885371662e+01
1.188060432123150889e+01
1.188032075663553755e+01
1.188027728600457777e+01
1.188047105905814149e+01
1.188075594135279367e+01
1.188088153155930726e+01
1.188072261570212618e+01
1.188045205465854437e+01
1.188025227062858136e+01
1.188036537590343222e+01
1.188061034394114479e+01
1.188086899660671492e+01
1.188081331802667862e+01
1.188060095305075770e+01
1.188030437555376295e+01
1.188029230456179342e+01
1.188046799020224142e+01
1.188077903421989667e+01
1.188086525088531964e+01
1.188072919334706334e+01
1.188042652201790439e+01
1.188026569990341841e+01
1.188035894863948272e+01
1.188063371782627264e+01
1.188086223078010484e+01
1.188081632489889827e+01
1.188058363304947207e+01
1.188030186925295340e+01
1.188029473026272420e+01
1.188047693579328268e+01
1.188079147983097172e+01
1.188085730161802722e+01
1.188072877630369639e+01
1.188040570847388189e+01
1.188027732892166632e+01
1.188035266457481498e+01
1.188065949407588562e+01
1.188085021750046266e+01
1.188082603212573751e+01
1.188055743171568324e+01
1.188031031631617296e+01
1.188028543548568017e+01
1.188049898631853551e+01
1.188079001445478156e+01
1.188086296157153754e+01
1.188071442385727927e+01
1.188039819540877318e+01
1.188027710379472701e+01
1.188035753955648310e+01
1.188067599507768790e+01
1.188084515588067092e+01
1.188083017860672896e+01
1.188053412382442531e+01
1.188031861160671987e+01
1.188027467156520878e+01
1.188052527987662366e+01
1.188078181054325100e+01
1.188087668921741269e+01
1.188068977829459172e+01
1.188040255453016059e+01
1.188026441450455550e+01
1.188037615475595921e+01
1.188067850771844647e+01
1.188085363676955986e+01
1.188082064995987253e+01
1.188052331014118046e+01
1.188031590791620928e+01
1.188027400034887648e+01
1.188054382610861204e+01
1.188077913227385984e+01
1.188088642985788645e+01
1.188066615259375958e+01
1.188040835946286400e+01
1.188024860717360376e+01
1.188040077403896788e+01
1.188067294095367821e+01
1.188087149121739472e+01
1.188079959944891328e+01
1.188052507538426639e+01
1.188030012194500884e+01
1.188028745653620888e+01
1.188054853938562516e+01
1.188078978019620280e+01
1.188088301714484629e+01
1.188065402019697814e+01
1.188040413387712491e+01
1.188024161518709398e+01
1.188041927820852983e+01
1.188067143589619867e+01
1.188088705806591605e+01
1.188077770305910263e+01
1.188052982917836786e+01
1.188027955148677606e+01
1.188030854711325546e+01
1.188054397974444854e+01
1.188081102381464405e+01
1.188086707860606595e+01
1.188065497559440509e+01
1.188038635056692094e+01
1.188024886766466359e+01
1.188042430686018847e+01
1.188068288152106788e+01
1.188089025856536018e+01
1.188076614567867928e+01
1.188052563963216279e+01
1.188026632119734138e+01
1.188032520857029262e+01
1.188054198027206887e+01
1.188083177699358473e+01
1.188084848792981418e+01
1.188066040998600670e+01
1.188036213000853181e+01
1.188026521231016908e+01
1.188041900684186736e+01
1.188070602957623834e+01
1.188088018322869743e+01
1.188076800508537545e+01
1.188050758543292140e+01
1.188026717429225521e+01
1.188032892191623624e+01
1.188055238139734548e+01
1.188084120362479545e+01
1.188083896842923792e+01
1.188065811698945318e+01
1.188034360418505386e+01
1.188027882369717858e+01
1.188041472402577448e+01
1.188073054133463380e+01
1.188086575139903367e+01
1.188077578581856386e+01
1.188048149694502165e+01
1.188027837592773572e+01
1.188032137761148199e+01
1.188057543813393835e+01
1.188083687183770820e+01
1.188084303172240475e+01
1.188064185159750608e+01
1.188033872975871930e+01
1.188028015651860692e+01
1.188042209995167298e+01
1.188074499084900459e+01
1.188085904317277652e+01
1.188077719340989979e+01
1.188045932824124762e+01
1.188028851666269681e+01
1.188031326304888324e+01
1.188060171926295183e+01
1.188082661082236768e+01
1.188085441143956622e+01
1.188061605976064605e+01
1.188034524434873340e+01
1.188026942238578698e+01
1.188044289095916461e+01
1.188074546395131037e+01
1.188086593237620470e+01
1.188076475014718980e+01
1.188045012957632096e+01
1.188028717108108445e+01
1.188031585942979973e+01
1.188061938561294184e+01
1.188082267062707587e+01
1.188086091415103773e+01
1.188059233385428470e+01
1.188035232582012313e+01
1.188025648868021555e+01
1.188046871839564034e+01
1.188073858246993098e+01
1.188088147934848138e+01
1.188074144413296906e+01
1.188045314363021987e+01
1.188027306988717058e+01
1.188033239971712973e+01
1.188062310494302309e+01
1.188083219477380048e+01
1.188085394048787080e+01
1.188058068013174129e+01
1.188034882690135241e+01
1.188025310584792926e+01
1.188048751210028442e+01
1.188073657784223691e+01
1.188089378049082789e+01
1.188071832683012197e+01
1.188045829835110112e+01
1.188025511030409120e+01
1.188035568560738398e+01
1.188061819470094171e+01
1.188085164792359905e+01
1.188083497033324498e+01
1.188058185599555650e+01
1.188033201557746743e+01
1.188026393648515722e+01
1.188049260814917218e+01
1.188074775167233987e+01
1.188089324468135999e+01
1.188070620708070635e+01
1.188045389318301126e+01
1.188024533467906174e+01
1.188037360049435875e+01
1.188061668066866261e+01
1.188086960139674630e+01
1.188081434298717731e+01
1.188058669172912829e+01
1.188030968185514169e+01
1.188028307142329609e+01
1.188048794359701077e+01
1.188077002908231350e+01
1.188087981799099779e+01
1.188070734344215396e+01
1.188043577189114330e+01
1.188024976662083176e+01
1.188037825497925581e+01
1.188062789394480845e+01
1.188087561910726286e+01
1.188080350309958710e+01
1.188058311063185357e+01
1.188029397776715967e+01
1.188029853149266302e+01
1.188048515590661225e+01
1.188079263420998366e+01
1.188086296772278772e+01
1.188071360817655631e+01
1.188041049521029180e+01
1.188026387458937805e+01
1.188037215089507903e+01
1.188065125380752818e+01
1.188086811347289640e+01
1.188080617362956026e+01
1.188056559125586631e+01
1.188029219848355744e+01
1.188030132541727291e+01
1.188049446241370433e+01
1.188080444699923888e+01
1.188085459712249836e+01
1.188071273217339652e+01
1.188039013999352811e+01
1.188027599749938723e+01
1.188036636150166281e+01
1.188067680456190800e+01
1.188085553461403521e+01
1.188081539367278339e+01
1.188053936018705947e+01
1.188030125730795028e+01
1.188029248593446852e+01
1.188051678734659689e+01
1.188080237219605095e+01
1.188085983410542212e+01
1.188069790840488871e+01
1.188038316367047820e+01
1.188027618090007209e+01
1.188037183476066261e+01
1.188069291417819606e+01
1.188085006003877453e+01
1.188081888967792210e+01
1.188051623411640456e+01
1.188030998642739888e+01
1.188028235497831986e+01
1.188054314896159624e+01
1.188079371493686409e+01
1.188087299248538997e+01
1.188067294396545392e+01
1.188038796954545617e+01
1.188026397514699184e+01
1.188039098773829139e+01
1.188069503068551391e+01
1.188085814149280317e+01
1.188080866907668387e+01
1.188050570483724400e+01
1.188030761999169016e+01
1.188028244538713629e+01
1.188056158279610308e+01
1.188079073900962612e+01
1.188088198366049042e+01
1.188064921319925915e+01
1.188039405079447697e+01
1.188024883419885924e+01
1.188041595032765585e+01
1.188068920585152455e+01
1.188087545639368514e+01
1.188078705599447993e+01
1.188050768813485192e+01
1.188029223299954751e+01
1.188029663238339850e+01
1.188056615445603548e+01
1.188080111871083488e+01
1.188087774916578887e+01
1.188063709742695906e+01
1.188038999321274325e+01
1.188024266197325041e+01
1.188043460928613904e+01
1.188068760150624747e+01
1.188089028868794195e+01
1.188076480630154386e+01
1.188051249646603047e+01
1.188027224690612016e+01
1.188031827708034349e+01
1.188056157461458007e+01
1.188082196324063489e+01
1.188086109056603945e+01
1.188063802428601257e+01
1.188037242371517976e+01
1.188025073516395835e+01
1.188043974325433538e+01
1.188069899501758009e+01
1.188089265172379605e+01
1.188075303121723181e+01
1.188050823987201099e+01
1.188025977689445689e+01
1.188033530204201860e+01
1.188055971774739561e+01
1.188084211145168467e+01
1.188084197863768310e+01
1.188064327236349449e+01
1.188034860062510845e+01
1.188026774606366054e+01
1.188043465525585063e+01
1.188072197358616755e+01
1.188088181021833734e+01
1.188075464633477019e+01
1.188049014484148636e+01
1.188026142316311073e+01
1.188033931314859970e+01
1.188057032884445618e+01
1.188085080198345622e+01
1.188083208274783331e+01
1.188064065627897925e+01
1.188033066667064297e+01
1.188028183576635755e+01
1.188043075251813718e+01
1.188074610462739855e+01
1.188086679613277141e+01
1.188076202965019768e+01
1.188046419186417602e+01
1.188027328837419283e+01
1.188033216035327833e+01
1.188059349662490760e+01
1.188084577431367705e+01
1.188083575951207571e+01
1.188062407032470880e+01
1.188032644717875286e+01
1.188028356795440921e+01
1.188043859856538198e+01
1.188076001837965734e+01
1.188085965623074536e+01
1.188076288629724964e+01
1.188044236593072078e+01
1.188028391060351652e+01
1.188032461144680063e+01
1.188061967878940095e+01
1.188083498381174685e+01
1.188084660385039015e+01
1.188059812065161225e+01
1.188033351271621996e+01
1.188027331489822380e+01
1.188045978420841209e+01
1.188075996624669983e+01
1.188086611889767141e+01
1.188074986717320236e+01
1.188043359979759472e+01
1.188028295607425910e+01
1.188032788804593842e+01
1.188063707296178428e+01
1.188083066829541679e+01
1.188085240039264079e+01
1.188057445036506543e+01
1.188034097040893045e+01
1.188026104230734070e+01
1.188048580440408131e+01
1.188075270762129598e+01
1.188088109559704186e+01
1.188072612815580165e+01
1.188043696711013908e+01
1.188026931521456042e+01
1.188034506084376929e+01
1.188064050397770544e+01
1.188083983759370454e+01
1.188084466556284902e+01
1.188056296404531764e+01
1.188033774601240822e+01
1.188025846025706400e+01
1.188050460594637592e+01
1.188075048290906999e+01
1.188089263948191743e+01
1.188070279052959322e+01
1.188044230776321442e+01
1.188025200020794969e+01
1.188036879197111340e+01
1.188063543594844162e+01
1.188085879953401403e+01
1.188082505183294657e+01
1.188056425068573319e+01
1.188032126420965540e+01
1.188027007478299346e+01
1.188050967104328848e+01
1.188076147371466185e+01
1.188089126043049326e+01
1.188069057904712444e+01
1.188043797454522554e+01
1.188024303281563299e+01
1.188038696182999132e+01
1.188063392456392897e+01
1.188087606152348918e+01
1.188080398631168677e+01
1.188056903635223449e+01
1.188029944509471569e+01
1.188028982627129615e+01
1.188050509020540169e+01
1.188078344273236375e+01
1.188087707896877809e+01
1.188069158709072681e+01
1.188041996277668133e+01
1.188024828818751288e+01
1.188039181405764921e+01
1.188064519629389792e+01
1.188088127194979471e+01
1.188079284860468121e+01
1.188056527713820998e+01
1.188028444025198738e+01
1.188030571280239300e+01
1.188050255118251819e+01
1.188080553057396571e+01
1.188085966671361682e+01
1.188069756792000931e+01
1.188039497665607414e+01
1.188026307586780028e+01
1.188038600847125004e+01
1.188066850485733106e+01
1.188087301652363870e+01
1.188079520229503849e+01
1.188054759584847808e+01
1.188028340681444739e+01
1.188030886118051654e+01
1.188051218345534643e+01
1.188081668371838440e+01
1.188085088201824746e+01
1.188069626404050183e+01
1.188037511283351755e+01
1.188027569269661932e+01
1.188038068819050075e+01
1.188069379285265903e+01
1.188085986436788666e+01
1.188080395431553349e+01
1.188052137387617790e+01
1.188029309319014004e+01
1.188030046446294463e+01
1.188053474506788376e+01
1.188081397605084177e+01
1.188085570168596128e+01
1.188068100318571041e+01
1.188036870334629569e+01
1.188027628574842964e+01
1.188038673123879718e+01
1.188070947580547099e+01
1.188085396896391011e+01
1.188080682121931986e+01
1.188049846777392915e+01
1.188030227080911594e+01
1.188029095300806581e+01
1.188056113614834075e+01
1.188080484432326145e+01
1.188086829607793327e+01
