1.188024147592622803e+01
1.188033005963059630e+01
1.188036975914487137e+01
1.188025982174557882e+01
1.188028100631820294e+01
1.188037799813760742e+01
1.188030328048481543e+01
1.188024938295199107e+01
1.188035327422316279e+01
1.188034767583923745e+01
1.188024822205528608e+01
1.188031075147129378e+01
1.188037360594355540e+01
1.188027485990729204e+01
1.188026907533160781e+01
1.188037177219165130e+01
1.188031822435835139e+01
1.188024512071787875e+01
1.188034133337534115e+01
1.188036070314514880e+01
1.188025211785071988e+01
1.188029353103911134e+01
1.188038021652203646e+01
1.188029030778087858e+01
1.188025286564348271e+01
1.188036355441572312e+01
1.188034004477740346e+01
1.188024289673786882e+01
1.188031970518533065e+01
1.188037331066122881e+01
1.188026778084674540e+01
1.188027385179413464e+01
1.188037442513946296e+01
1.188031154754070151e+01
1.188024798525498049e+01
1.188034671336037995e+01
1.188035303711721724e+01
1.188025082834102442e+01
1.188030370278636560e+01
1.188037591681292682e+01
1.188028077607495092e+01
1.188026247771379751e+01
1.188036945296106595e+01
1.188032708579092223e+01
1.188024252023688376e+01
1.188033297922715725e+01
1.188036798265919813e+01
1.188025732686931946e+01
1.188028330209445471e+01
1.188037981671042331e+01
1.188030081755013434e+01
1.188024829531845405e+01
1.188035552341583667e+01
1.188034819170762901e+01
1.188024647536468947e+01
1.188031048656309707e+01
1.188037474440979402e+01
1.188027525290504549e+01
1.188026843546572131e+01
1.188037093496421548e+01
1.188031865537381648e+01
1.188024655299733823e+01
1.188034073544900160e+01
1.188035873852594548e+01
1.188025322425687413e+01
1.188029577049184837e+01
1.188037840435436365e+01
1.188028816470202642e+01
1.188025537217142613e+01
1.188036523417799017e+01
1.188033706096984332e+01
1.188024192761449349e+01
1.188032281049800076e+01
1.188037352024745985e+01
1.188026493601106282e+01
1.188027423766671653e+01
1.188037672134684364e+01
1.188031089041689192e+01
1.188024634194411711e+01
1.188034726061311730e+01
1.188035413959335074e+01
1.188025070649292658e+01
1.188030285060500901e+01
1.188037546338525097e+01
1.188028175367212214e+01
1.188026344223393771e+01
1.188036801031092082e+01
1.188032586817541691e+01
1.188024462167603446e+01
1.188033408065277641e+01
1.188036523709945769e+01
1.188025670537626155e+01
1.188028647113120329e+01
1.188037971666385850e+01
1.188029758228781141e+01
1.188024915977142371e+01
1.188035844305421840e+01
1.188034673254382412e+01
1.188024415796703792e+01
1.188031221152011163e+01
1.188037635857103957e+01
1.188027364513023976e+01
1.188026740999169739e+01
1.188037210937310739e+01
1.188031938499288742e+01
1.188024596062007276e+01
1.188033992544114170e+01
1.188035881455967946e+01
1.188025445296011817e+01
1.188029595265957461e+01
1.188037656498848271e+01
1.188028809284585918e+01
1.188025780465256709e+01
1.188036483563172929e+01
1.188033425743541649e+01
1.188024303330594478e+01
1.188032562768561640e+01
1.188037167030264207e+01
1.188026248550927022e+01
1.188027665620404782e+01
1.188037852238756464e+01
1.188030823602751518e+01
1.188024528748653630e+01
1.188034976519243990e+01
1.188035456650086630e+01
1.188024866801655755e+01
1.188030275535591507e+01
1.188037688836121220e+01
1.188028189467408779e+01
1.188026256379852263e+01
1.188036748515013130e+01
1.188032645963751222e+01
1.188024572102113652e+01
1.188033340858889808e+01
1.188036358249726554e+01
1.188025781594208752e+01
1.188028845804635480e+01
1.188037793474514103e+01
1.188029561978086512e+01
1.188025164505816456e+01
1.188036000415958071e+01
1.188034372360275981e+01
1.188024327680349046e+01
1.188031540770159111e+01
1.188037646861064900e+01
1.188027064857029735e+01
1.188026794671203312e+01
1.188037459053365197e+01
1.188031850138510492e+01
1.188024414076410373e+01
1.188034077585892945e+01
1.188036004272779245e+01
1.188025397400738647e+01
1.188029505541621589e+01
1.188037648316619510e+01
1.188028902721155866e+01
1.188025842680788458e+01
1.188036350762546611e+01
1.188033331867678122e+01
1.188024498473331469e+01
1.188032652780965925e+01
1.188036906637493573e+01
1.188026199824625095e+01
1.188027972953189959e+01
1.188037832367444757e+01
1.188030503113710701e+01
1.188024625736657747e+01
1.188035271493714440e+01
1.188035295565637384e+01
1.188024628758839363e+01
1.188030470215254120e+01
1.188037855704446244e+01
1.188027999436196858e+01
1.188026153439704125e+01
1.188036899962165904e+01
1.188032711329714353e+01
1.188024478071897860e+01
1.188033276155149487e+01
1.188036397064069227e+01
1.188025881203473588e+01
1.188028839785024360e+01
1.188037636122008323e+01
1.188029570703026394e+01
1.188025382240411609e+01
1.188035951869468576e+01
1.188034112692130861e+01
1.188024442923407165e+01
1.188031808567491687e+01
1.188037456948696224e+01
1.188026827454852530e+01
1.188027045640418855e+01
1.188037635034542561e+01
1.188031569013071298e+01
1.188024313347025718e+01
1.188034350325899169e+01
1.188036037488970109e+01
1.188025167019824480e+01
1.188029513122195091e+01
1.188037817619378345e+01
1.188028891431888923e+01
1.188025732117903921e+01
1.188036330133350305e+01
1.188033406288373328e+01
1.188024573694365493e+01
1.188032579043906800e+01
1.188036774317828126e+01
1.188026309835277772e+01
1.188028143818962334e+01
1.188037659542471403e+01
1.188030327465713754e+01
1.188024868879972473e+01
1.188035413707337185e+01
1.188034996100994434e+01
1.188024550594286843e+01
1.188030794736894435e+01
1.188037856593324193e+01
1.188027688525652614e+01
1.188026221519993619e+01
1.188037163333661006e+01
1.188032601448081493e+01
1.188024280804282995e+01
1.188033390424296343e+01
1.188036530853144868e+01
1.188025798211800677e+01
1.188028746718180528e+01
1.188037665205471782e+01
1.188029658603896443e+01
1.188025409421380019e+01
1.188035832261593505e+01
1.188034047904645085e+01
1.188024620519085417e+01
1.188031877300823957e+01
1.188037214121140295e+01
1.188026792764938655e+01
1.188027339382472825e+01
1.188037605570042210e+01
1.188031255757288918e+01
1.188024419609400617e+01
1.188034644444916665e+01
1.188035863329490027e+01
1.188024925797961728e+01
1.188029727463003482e+01
1.188037987746966273e+01
1.188028674605109458e+01
1.188025630139017075e+01
1.188036513630078339e+01
1.188033463201563933e+01
1.188024446086155983e+01
1.188032531477876930e+01
1.188036843838977674e+01
1.188026384893666787e+01
1.188028113650226736e+01
1.188037530813430820e+01
1.188030351969851850e+01
1.188025058273615464e+01
1.188035357124991798e+01
1.188034760496915077e+01
1.188024668984816579e+01
1.188031045120404094e+01
1.188037664259337589e+01
1.188027461876751545e+01
1.188026478319152091e+01
1.188037332879343921e+01
1.188032308306373075e+01
1.188024186128125059e+01
1.188033681893262816e+01
1.188036554137312173e+01
1.188025544292948332e+01
1.188028771325572031e+01
1.188037859116703387e+01
1.188029622060426505e+01
1.188025277571538041e+01
1.188035843789235457e+01
1.188034136634342808e+01
1.188024660055524251e+01
1.188031797996043437e+01
1.188037116649628011e+01
1.188026900286880405e+01
1.188027480215713716e+01
1.188037440379548215e+01
1.188031102983615028e+01
1.188024654178728312e+01
1.188034770918717697e+01
1.188035569218639509e+01
1.188024858603787770e+01
1.188030052638105261e+01
1.188037978498537584e+01
1.188028356509299854e+01
1.188025711759369507e+01
1.188036788812572553e+01
1.188033333207810394e+01
1.188024236113726495e+01
1.188032673506775083e+01
1.188036986856224075e+01
1.188026267872223762e+01
1.188028018450041934e+01
1.188037596787961725e+01
1.188030433195393343e+01
1.188025050073112787e+01
1.188035252262997332e+01
1.188034725624866361e+01
1.188024826721408544e+01
1.188031091702523412e+01
1.188037442164135271e+01
1.188027441650990923e+01
1.188026754633258086e+01
1.188037294225627605e+01
1.188032006381742534e+01
1.188024300268490308e+01
1.188033971303372915e+01
1.188036369173665818e+01
1.188025303058682880e+01
1.188029002542340251e+01
1.188038030264512734e+01
1.188029381249133998e+01
1.188025177900566476e+01
1.188036056960596376e+01
1.188034184342558142e+01
1.188024500518984539e+01
1.188031768189602211e+01
1.188037215977921512e+01
1.188026949822096690e+01
1.188027426294141975e+01
1.188037341939953073e+01
1.188031142935183126e+01
1.188024812776634676e+01
1.188034707057760642e+01
1.188035360738144242e+01
1.188024978575161050e+01
1.188030282349257050e+01
1.188037786272832896e+01
1.188028143572041095e+01
1.188025971022343974e+01
1.188036949699280242e+01
1.188033031882868507e+01
1.188024148746097630e+01
1.188032979900995123e+01
1.188036999879927791e+01
1.188025993723038809e+01
1.188028059786935486e+01
1.188037812786871683e+01
1.188030371856874901e+01
1.188024898646817640e+01
1.188035295804169422e+01
1.188034827513663494e+01
1.188024830062276394e+01
1.188031007861291499e+01
1.188037380796879106e+01
1.188027545279304853e+01
1.188026863618992834e+01
1.188037138832311612e+01
1.188031878452296830e+01
1.188024523191074344e+01
1.188034080405783399e+01
1.188036084269177906e+01
1.188025247702936760e+01
1.188029324111730034e+01
1.188038010996064209e+01
1.188029060134064885e+01
1.188025272010630040e+01
1.188036340350816289e+01
1.188034035910436970e+01
1.188024280590182258e+01
1.188031936149214296e+01
1.188037366353774615e+01
1.188026800277669359e+01
1.188027330201204634e+01
1.188037443955461647e+01
1.188031216431571302e+01
1.188024769302970007e+01
1.188034618301089118e+01
1.188035356223601724e+01
1.188025114403444782e+01
1.188030306194113273e+01
1.188037587801271400e+01
1.188028138049211968e+01
1.188026226304606503e+01
1.188036902383672455e+01
1.188032745234165510e+01
1.188024269259366150e+01
1.188033260813670822e+01
1.188036806531054523e+01
1.188025755642211223e+01
1.188028304867553686e+01
1.188037982700743456e+01
1.188030110190034883e+01
1.188024802604451935e+01
1.188035535885852312e+01
1.188034865379216143e+01
1.188024640662748510e+01
1.188030996210306434e+01
1.188037508647397900e+01
1.188027568647588339e+01
1.188026786645360744e+01
1.188037071955059965e+01
1.188031933323840050e+01
1.188024648941147099e+01
1.188034010113492478e+01
1.188035905614073862e+01
1.188025367670734234e+01
1.188029530167779590e+01
1.188037821406996386e+01
1.188028863680876057e+01
1.188025530336520319e+01
1.188036490474568829e+01
1.188033730346853289e+01
1.188024201686445203e+01
1.188032253464317911e+01
1.188037368924098658e+01
1.188026509475533565e+01
1.188027387753596109e+01
1.188037679228564869e+01
1.188031131076255065e+01
1.188024600268469300e+01
1.188034693300887668e+01
1.188035469950213852e+01
1.188025081503732494e+01
1.188030218904112800e+01
1.188037563328172830e+01
1.188028236434407070e+01
1.188026302041198967e+01
1.188036758816958027e+01
1.188032643793558485e+01
1.188024477619513242e+01
1.188033351144123806e+01
1.188036534561682167e+01
1.188025712831825231e+01
1.188028618620591281e+01
1.188037953667854296e+01
1.188029790262111796e+01
1.188024907984130785e+01
1.188035823770113630e+01
1.188034700427643564e+01
1.188024413660832046e+01
1.188031187931830956e+01
1.188037664410810379e+01
1.188027388509405391e+01
1.188026690916755790e+01
1.188037208695854829e+01
1.188031998134954925e+01
1.188024570756675224e+01
1.188033938612164597e+01
1.188035931509149101e+01
1.188025479829323316e+01
1.188029530981393123e+01
1.188037649137810092e+01
1.188028872909804257e+01
1.188025761263300417e+01
1.188036435138703517e+01
1.188033462713396915e+01
1.188024326980143996e+01
1.188032522207060460e+01
1.188037169724603004e+01
1.188026277669775688e+01
1.188027643498153196e+01
1.188037845670723058e+01
1.188030851961058687e+01
1.188024509130586281e+01
1.188034957173448092e+01
1.188035497459042134e+01
1.188024864697396943e+01
1.188030225573481147e+01
1.188037718045620039e+01
1.188028233327766614e+01
1.188026203012881687e+01
1.188036724367105457e+01
1.188032712868487550e+01
1.188024568896994637e+01
1.188033275346095508e+01
1.188036388042719693e+01
1.188025831216031492e+01
1.188028798352246973e+01
1.188037769207199723e+01
1.188029612843616256e+01
1.188025161983756561e+01
1.188035961174616695e+01
1.188034394628350476e+01
1.188024344259732423e+01
1.188031512016023861e+01
1.188037656475015424e+01
1.188027084854753568e+01
1.188026763958479570e+01
1.188037460172780690e+01
1.188031889851782275e+01
1.188024386315903413e+01
1.188034044110420062e+01
1.188036055596171536e+01
1.188025411110448992e+01
1.188029441374413508e+01
1.188037661873399387e+01
1.188028964774060725e+01
1.188025802778843953e+01
1.188036305268800952e+01
1.188033389061695466e+01
1.188024518057697243e+01
1.188032592612229976e+01
1.188036914245331310e+01
1.188026247942730151e+01
1.188027945329582202e+01
1.188037807263495083e+01
1.188030537410089593e+01
1.188024624405341179e+01
1.188035245777973792e+01
1.188035318128586404e+01
1.188024633601600932e+01
1.188030438574569203e+01
1.188037877150083865e+01
1.188028024924498283e+01
1.188026108906439049e+01
1.188036894067310101e+01
1.188032768146923068e+01
1.188024457011725055e+01
1.188033222027645763e+01
1.188036444008971948e+01
1.188025918252370516e+01
1.188028776135457676e+01
1.188037625374501793e+01
1.188029636684383306e+01
1.188025365554239876e+01
1.188035898563866866e+01
1.188034149495047487e+01
1.188024472676830712e+01
1.188031765081408864e+01
1.188037454040630259e+01
1.188026862358914570e+01
1.188027027021569104e+01
1.188037620953204154e+01
1.188031596929643463e+01
1.188024301294901264e+01
1.188034328338630097e+01
1.188036072365971130e+01
1.188025169714203599e+01
1.188029466295395231e+01
1.188037841451637355e+01
1.188028935223781346e+01
1.188025682978535613e+01
1.188036303693688645e+01
1.188033471442640199e+01
1.188024573684355190e+01
1.188032512300354249e+01
1.188036801754190286e+01
1.188026363189267443e+01
1.188028096414050516e+01
1.188037630352255469e+01
1.188030381322837314e+01
1.188024870747555717e+01
1.188035368680138149e+01
1.188035016100582730e+01
1.188024574610703787e+01
1.188030765184366899e+01
1.188037858798113966e+01
1.188027712390470647e+01
1.188026196506439192e+01
1.188037158460657672e+01
1.188032638323423740e+01
1.188024259572672570e+01
1.188033356669930285e+01
1.188036576840408998e+01
1.188025814597277652e+01
1.188028685374620430e+01
1.188037675154296302e+01
1.188029720836439473e+01
1.188025372317817485e+01
1.188035784078549284e+01
1.188034104572859739e+01
1.188024643982369533e+01
1.188031814668031672e+01
1.188037218385630567e+01
1.188026846079104537e+01
1.188027312986580952e+01
1.188037573690036375e+01
1.188031291872161788e+01
1.188024424953805358e+01
1.188034613880888912e+01
1.188035880991832549e+01
1.188024937559128169e+01
1.188029697810819840e+01
1.188038001802890520e+01
1.188028701255298003e+01
1.188025591736358777e+01
1.188036504158218420e+01
1.188033516459854333e+01
1.188024429544302407e+01
1.188032477859379199e+01
1.188036887066406955e+01
1.188026423976551982e+01
1.188028051462113233e+01
1.188037516818332229e+01
1.188030419449945185e+01
1.188025044321486057e+01
1.188035299631907549e+01
1.188034796653014169e+01
1.188024704453416014e+01
1.188030999276253930e+01
1.188037655789656277e+01
1.188027502111660283e+01
1.188026463442027136e+01
1.188037311467653012e+01
1.188032335422186136e+01
1.188024181799462120e+01
1.188033657546886701e+01
1.188036582627527693e+01
1.188025551753508680e+01
1.188028728244540666e+01
1.188037877260541286e+01
1.188029665212885888e+01
1.188025233298783867e+01
1.188035815402777118e+01
1.188034199191837104e+01
1.188024663240209300e+01
1.188031730888304516e+01
1.188037141372360672e+01
1.188026956680329604e+01
1.188027433475759231e+01
1.188037406645714888e+01
1.188031159130274084e+01
1.188024660410779987e+01
1.188034720693359425e+01
1.188035586691784218e+01
1.188024889742668222e+01
1.188030022668363550e+01
1.188037973267487857e+01
1.188028383934519638e+01
1.188025692768862029e+01
1.188036778006961036e+01
1.188033366766270404e+01
1.188024221690039184e+01
1.188032639912715105e+01
1.188037026907460358e+01
1.188026286719453495e+01
1.188027960728540933e+01
1.188037603000713460e+01
1.188030494798659298e+01
1.188025016249316401e+01
1.188035202016160596e+01
1.188034781030874498e+01
1.188024853759765698e+01
1.188031027420623964e+01
1.188037443028835938e+01
1.188027499466312342e+01
1.188026729808637860e+01
1.188037255986782270e+01
1.188032043846069641e+01
1.188024312215757483e+01
1.188033936287040859e+01
1.188036381709254385e+01
1.188025321587464234e+01
1.188028975261111242e+01
1.188038036745472859e+01
1.188029408716901081e+01
1.188025146130275544e+01
1.188036044033843552e+01
1.188034233347435986e+01
1.188024488710453141e+01
1.188031715778546626e+01
1.188037254926754294e+01
1.188026990430380359e+01
1.188027366374825711e+01
1.188037324878808754e+01
1.188031211037578316e+01
1.188024801741043035e+01
1.188034646124605942e+01
1.188035395775868608e+01
1.188025019296678231e+01
1.188030234744620550e+01
1.188037772353999344e+01
1.188028188613451341e+01
1.188025960076986998e+01
1.188036921236315457e+01
1.188033057849289520e+01
1.188024152197172434e+01
1.188032953508208500e+01
1.188037021612252886e+01
1.188026005855976308e+01
1.188028021012997471e+01
1.188037825004307813e+01
1.188030413807366159e+01
1.188024859817133105e+01
1.188035265841373089e+01
1.188034886661338518e+01
1.188024836399283046e+01
1.188030941260850781e+01
1.188037402484798122e+01
1.188027603980192559e+01
1.188026818152335018e+01
1.188037100992677786e+01
1.188031936156979995e+01
1.188024533706441943e+01
1.188034025637512592e+01
1.188036098989941181e+01
1.188025285556814303e+01
1.188029294112094192e+01
1.188037998399762074e+01
1.188029090766242035e+01
1.188025259287950419e+01
1.188036323749658330e+01
1.188034065717035404e+01
1.188024273165152955e+01
1.188031903151831514e+01
1.188037399945766204e+01
1.188026821341136952e+01
1.188027276853705949e+01
1.188037446352427828e+01
1.188031276604228914e+01
1.188024739197505575e+01
1.188034566643207945e+01
1.188035409647872598e+01
1.188025144666437782e+01
1.188030241098870832e+01
1.188037585253706752e+01
1.188028199612886482e+01
1.188026203374939094e+01
1.188036858285412833e+01
1.188032783560592165e+01
1.188024287650961419e+01
1.188033221799751971e+01
1.188036813780572665e+01
1.188025780699064349e+01
1.188028280308395956e+01
1.188037981520523445e+01
1.188030138121187385e+01
1.188024777881814664e+01
1.188035519670411411e+01
1.188034909491410396e+01
1.188024633741736125e+01
1.188030945689776985e+01
1.188037542811660785e+01
1.188027610252340338e+01
1.188026729772814960e+01
1.188037052049799414e+01
1.188032001164264528e+01
1.188024640966274070e+01
1.188033946531841423e+01
1.188035939076549141e+01
1.188025413115361673e+01
1.188029481423295053e+01
1.188037802221565720e+01
1.188028912941475213e+01
1.188025523462442301e+01
1.188036455331805108e+01
1.188033754829904964e+01
1.188024212871553331e+01
1.188032225364345429e+01
1.188037383616098630e+01
1.188026526126713733e+01
1.188027353791444085e+01
1.188037685358011508e+01
1.188031171278229792e+01
1.188024567388279173e+01
1.188034662152670684e+01
1.188035524918715780e+01
1.188025090909437154e+01
1.188030153676243472e+01
1.188037581700027623e+01
1.188028296680677087e+01
1.188026258439063021e+01
1.188036717362389361e+01
1.188032702304977839e+01
1.188024492281996380e+01
1.188033292546983155e+01
1.188036546339098010e+01
1.188025756905891761e+01
1.188028588979593358e+01
1.188037933873014929e+01
1.188029823705442212e+01
1.188024901691918345e+01
1.188035801586203277e+01
1.188034726096997851e+01
1.188024413334164464e+01
1.188031155958909402e+01
1.188037691104033122e+01
1.188027411515466802e+01
1.188026642638851627e+01
1.188037207246527771e+01
1.188032056093667421e+01
1.188024544759821666e+01
1.188033886214861390e+01
1.188035982258209700e+01
1.188025512924278360e+01
1.188029465918590155e+01
1.188037643209869110e+01
1.188028937420972220e+01
1.188025740527967677e+01
1.188036385756008784e+01
1.188033501402736647e+01
1.188024351574161486e+01
1.188032479703052502e+01
1.188037171597368058e+01
1.188026308929445030e+01
1.188027621976522674e+01
1.188037836843436246e+01
1.188030879995960554e+01
1.188024491778779002e+01
1.188034937877505470e+01
1.188035536103062562e+01
1.188024862755355748e+01
1.188030177602123594e+01
1.188037746980897680e+01
1.188028275386712451e+01
1.188026149925822317e+01
1.188036701877151557e+01
1.188032779566094455e+01
1.188024564086729917e+01
1.188033209941570334e+01
1.188036419493889539e+01
1.188025880793220068e+01
1.188028749103300008e+01
1.188037745005409995e+01
1.188029665680990199e+01
1.188025159268277520e+01
1.188035919810918628e+01
1.188034417312817048e+01
1.188024363031858321e+01
1.188031482570480613e+01
1.188037663936633415e+01
1.188027105811464068e+01
1.188026735249468402e+01
1.188037460131321232e+01
1.188031927782002306e+01
1.188024359814949982e+01
1.188034012182836285e+01
1.188036105669787545e+01
1.188025423461273533e+01
1.188029378367091837e+01
1.188037676691400790e+01
1.188029025783307091e+01
1.188025761607678987e+01
1.188036260737063365e+01
1.188033447618649951e+01
1.188024536677629506e+01
1.188032530949581123e+01
1.188036922925985195e+01
1.188026297661516040e+01
1.188027916431932418e+01
1.188037780530537901e+01
1.188030573231423404e+01
1.188024624622183900e+01
1.188035218297287265e+01
1.188035339329814200e+01
1.188024640380411689e+01
1.188030408039735519e+01
1.188037896594665632e+01
1.188028049575056677e+01
1.188026066328144914e+01
1.188036888790585266e+01
1.188032823136608407e+01
1.188024435460634187e+01
1.188033169572729619e+01
1.188036491424208130e+01
1.188025953749332508e+01
1.188028711950044780e+01
1.188037616142243280e+01
1.188029703304501616e+01
1.188025347284191113e+01
1.188035844539710695e+01
1.188034188042973049e+01
1.188024503151328126e+01
1.188031719640869888e+01
1.188037450515515836e+01
1.188026899414674808e+01
1.188027008813429930e+01
1.188037604593207952e+01
1.188031624707665479e+01
1.188024291540595634e+01
1.188034306209781654e+01
1.188036105037835277e+01
1.188025172778635863e+01
1.188029421498613480e+01
1.188037864780748620e+01
1.188028977188536039e+01
1.188025634367008188e+01
1.188036278912494126e+01
1.188033536131226775e+01
1.188024572100916032e+01
1.188032445922113034e+01
1.188036830784622921e+01
1.188026416255252293e+01
1.188028047302296386e+01
1.188037601448820801e+01
1.188030437048072763e+01
1.188024872224740136e+01
1.188035321635568842e+01
1.188035036693926116e+01
1.188024600723585777e+01
1.188030734772809005e+01
1.188037858934093194e+01
1.188027737383917604e+01
1.188026173422783849e+01
1.188037152245356864e+01
1.188032673488924473e+01
1.188024239798284398e+01
1.188033324378667110e+01
1.188036621366400425e+01
1.188025829731534699e+01
1.188028625407585537e+01
1.188037686227016465e+01
1.188029781815892427e+01
1.188025334112032638e+01
1.188035737047550100e+01
1.188034162414144923e+01
1.188024666318857747e+01
1.188031750742502624e+01
1.188037223855821800e+01
1.188026900794179497e+01
1.188027285208098505e+01
1.188037540369440492e+01
1.188031329606586084e+01
1.188024431673464498e+01
1.188034581459028516e+01
1.188035897452666312e+01
1.188024951357620651e+01
1.188029669108248676e+01
1.188038013743420507e+01
1.188028727231714754e+01
1.188025555413694789e+01
1.188036495122004688e+01
1.188033567763651632e+01
1.188024412718831435e+01
1.188032426029937660e+01
1.188036930532391011e+01
1.188026461413797996e+01
1.188027988987420791e+01
1.188037504401167688e+01
1.188030487313579364e+01
1.188025028755486368e+01
1.188035241668897513e+01
1.188034834556851749e+01
1.188024740410721058e+01
1.188030951491419351e+01
1.188037646915148748e+01
1.188027544480699937e+01
1.188026448780530409e+01
1.188037287788082530e+01
1.188032362586131718e+01
1.188024179769755229e+01
1.188033632869121803e+01
1.188036608901521163e+01
1.188025559787507746e+01
1.188028687206124800e+01
1.188037894678424600e+01
1.188029706536310393e+01
1.188025189795323655e+01
1.188035788653854752e+01
1.188034261030895955e+01
1.188024664903390004e+01
1.188031664398239862e+01
1.188037167604630540e+01
1.188027012546290173e+01
1.188027385140617298e+01
1.188037373415860642e+01
1.188031217017145380e+01
1.188024666060983314e+01
1.188034668581907383e+01
1.188035604927842570e+01
1.188024922854215326e+01
1.188029991683560382e+01
1.188037966078478647e+01
1.188028412643059895e+01
1.188025675608819753e+01
1.188036765695163233e+01
1.188033398710867417e+01
1.188024208902405476e+01
1.188032607677504338e+01
1.188037065304660622e+01
1.188026304439681446e+01
1.188027904582644823e+01
1.188037610185347859e+01
1.188030554955374818e+01
1.188024981504501554e+01
1.188035153096637053e+01
1.188034837405108490e+01
1.188024879523583976e+01
1.188030962063625751e+01
1.188037445216270171e+01
1.188027558464872868e+01
1.188026703511224191e+01
1.188037216514288197e+01
1.188032083002989836e+01
1.188024325347517340e+01
1.188033899344691768e+01
1.188036393219341136e+01
1.188025342227864023e+01
1.188028948760559800e+01
1.188038041024565672e+01
1.188029435684088675e+01
1.188025116537786019e+01
1.188036031354109134e+01
1.188034280296236034e+01
1.188024476829698628e+01
1.188031665249946478e+01
1.188037293879015976e+01
1.188027029320430650e+01
1.188027306421965257e+01
1.188037309438056077e+01
1.188031279263474360e+01
1.188024789082372479e+01
1.188034584975933505e+01
1.188035432541369296e+01
1.188025060268595645e+01
1.188030185238471148e+01
1.188037758247417486e+01
1.188028235743317218e+01
1.188025949149678340e+01
1.188036890546239199e+01
1.188033084049764376e+01
1.188024157917888601e+01
1.188032926598467398e+01
1.188037041146611195e+01
1.188026018758526803e+01
1.188027984267314885e+01
1.188037836282051352e+01
1.188030453950923793e+01
1.188024821988596003e+01
1.188035237473876649e+01
1.188034944846823393e+01
1.188024841286326705e+01
1.188030875522605534e+01
1.188037425578372819e+01
1.188027661920975042e+01
1.188026771222579470e+01
1.188037063867450982e+01
1.188031995451581579e+01
1.188024543456469040e+01
1.188033969138862567e+01
1.188036114632369156e+01
1.188025325233801510e+01
1.188029262955059906e+01
1.188037983982113666e+01
1.188029122819340699e+01
1.188025248272046497e+01
1.188036305498251011e+01
1.188034094027261567e+01
1.188024267533692679e+01
1.188031871390872318e+01
1.188037431712318437e+01
1.188026841416867896e+01
1.188027225260684894e+01
1.188037449556414771e+01
1.188031335155352153e+01
1.188024708364208770e+01
1.188034516470934676e+01
1.188035463823123905e+01
1.188025173523569045e+01
1.188030175159824964e+01
1.188037584128673174e+01
1.188028262127110324e+01
1.188026178901669816e+01
1.188036813176170980e+01
1.188032823630227242e+01
1.188024307021062675e+01
1.188033180817203238e+01
1.188036820193942589e+01
1.188025807913825815e+01
1.188028256350619394e+01
1.188037978081062995e+01
1.188030165731833776e+01
1.188024755406151556e+01
1.188035503509690649e+01
1.188034951472794276e+01
1.188024626961282770e+01
1.188030897120699692e+01
1.188037576743837320e+01
1.188027650088381471e+01
1.188026673120365828e+01
1.188037033786612895e+01
1.188032068866583657e+01
1.188024631379948381e+01
1.188033882991641299e+01
1.188035974224530555e+01
1.188025458569214621e+01
1.188029430841214129e+01
1.188037783067460751e+01
1.188028964217476791e+01
1.188025516409007842e+01
1.188036418032057995e+01
1.188033779729606820e+01
1.188024226266952965e+01
1.188032196568672916e+01
1.188037396157522352e+01
1.188026543733774787e+01
1.188027321816319848e+01
1.188037690345976038e+01
1.188031209719217074e+01
1.188024535728438913e+01
1.188034632536621693e+01
1.188035578693408034e+01
1.188025098955524328e+01
1.188030089544168177e+01
1.188037601355596529e+01
1.188028355943989034e+01
1.188026213524636709e+01
1.188036676823281113e+01
1.188032762235653372e+01
1.188024506005889513e+01
1.188033232397465611e+01
1.188036559184503105e+01
1.188025802629848826e+01
1.188028558054424089e+01
1.188037912417276054e+01
1.188029858688329199e+01
1.188024896960259369e+01
1.188035777629813161e+01
1.188034750407400963e+01
1.188024414935059880e+01
1.188031125083389306e+01
1.188037715824145835e+01
1.188027433686370493e+01
1.188026596271660118e+01
1.188037206428535697e+01
1.188032112276653862e+01
1.188024518237922500e+01
1.188033835442460173e+01
1.188036033531313329e+01
1.188025544500083441e+01
1.188029400253999057e+01
1.188037638785856309e+01
1.188029002637998666e+01
1.188025718198398195e+01
1.188036335597765714e+01
1.188033541862929532e+01
1.188024376928273540e+01
1.188032435213866655e+01
1.188037172834066624e+01
1.188026342364704391e+01
1.188027600869105882e+01
1.188037825729450780e+01
1.188030907894840382e+01
1.188024476713463251e+01
1.188034918442887644e+01
1.188035572569514997e+01
1.188024861165275148e+01
1.188030131625771801e+01
1.188037775451180877e+01
1.188028315649348166e+01
1.188026097309921170e+01
1.188036681029852737e+01
1.188032845865694753e+01
1.188024557697294270e+01
1.188033144834805910e+01
1.188036452566627865e+01
1.188025930138650210e+01
1.188028698104450775e+01
1.188037721053180285e+01
1.188029720434435887e+01
1.188025156178832020e+01
1.188035876388683931e+01
1.188034440590713814e+01
1.188024383925745830e+01
1.188031452259789766e+01
1.188037669323567513e+01
1.188027127897834845e+01
1.188026708459879544e+01
1.188037458761297138e+01
1.188031964020531106e+01
1.188024334737968424e+01
1.188033981704079700e+01
1.188036154333133787e+01
1.188025434560592863e+01
1.188029316675253533e+01
1.188037692654593869e+01
1.188029085599294987e+01
1.188025719291832871e+01
1.188036217309983478e+01
1.188033507406071898e+01
1.188024554198089078e+01
1.188032467932440639e+01
1.188036932806714674e+01
1.188026348835702883e+01
1.188027886140523748e+01
1.188037752318718354e+01
1.188030610690401012e+01
1.188024626232870062e+01
1.188035188945418597e+01
1.188035359327552243e+01
1.188024649195371651e+01
1.188030378448533320e+01
1.188037913944278046e+01
1.188028073554396791e+01
1.188026025791995011e+01
1.188036883960879919e+01
1.188032876219257972e+01
1.188024413594377293e+01
1.188033118861176440e+01
1.188036539129676150e+01
1.188025987633312219e+01
1.188028647412536465e+01
1.188037608475956830e+01
1.188029770376920524e+01
1.188025327389966179e+01
1.188035789985127977e+01
1.188034228366205269e+01
1.188024534158009260e+01
1.188031672224777857e+01
1.188037446562403510e+01
1.188026938634917684e+01
1.188026990827059848e+01
1.188037585949349939e+01
1.188031652536007776e+01
1.188024284082046655e+01
1.188034283750394771e+01
1.188036135514086844e+01
1.188025176402247141e+01
1.188029378714238327e+01
1.188037887417578098e+01
1.188029017352750216e+01
1.188025586471936634e+01
1.188036255753342019e+01
1.188033600166867743e+01
1.188024568990846852e+01
1.188032380094083251e+01
1.188036861351896611e+01
1.188026468851704820e+01
1.188027996550863996e+01
1.188037573009566117e+01
1.188030494565205331e+01
1.188024873138681592e+01
1.188035272657798025e+01
1.188035058049291415e+01
1.188024628841793806e+01
1.188030703338287886e+01
1.188037857098725958e+01
1.188027763665896153e+01
1.188026152165449290e+01
1.188037144531701195e+01
1.188032707054548531e+01
1.188024221633140165e+01
1.188033293433648119e+01
1.188036664283697164e+01
1.188025843738896725e+01
1.188028566958967502e+01
1.188037698291500099e+01
1.188029841407001008e+01
1.188025294943886934e+01
1.188035691296209073e+01
1.188034221281410296e+01
1.188024687409312108e+01
1.188031685677632154e+01
1.188037230642338749e+01
1.188026956751530960e+01
1.188027255944805738e+01
1.188037505771092128e+01
1.188031369054930053e+01
1.188024439602098248e+01
1.188034547092151882e+01
1.188035912881352374e+01
1.188024967273913290e+01
1.188029641182875729e+01
1.188038023494665474e+01
1.188028752710060942e+01
1.188025521237944560e+01
1.188036486342212328e+01
1.188033617053814872e+01
1.188024395792541199e+01
1.188032376039882898e+01
1.188036974050830707e+01
1.188026497164903361e+01
1.188027926414886259e+01
1.188037493591929206e+01
1.188030555370294117e+01
1.188025011556334576e+01
1.188035183427117580e+01
1.188034874217342285e+01
1.188024776665800530e+01
1.188030901766570047e+01
1.188037637825894777e+01
1.188027588974562931e+01
1.188026434145732502e+01
1.188037261857709659e+01
1.188032389986012127e+01
1.188024180014659414e+01
1.188033607673126113e+01
1.188036632990901431e+01
1.188025568580926361e+01
1.188028648170999801e+01
1.188037911185345763e+01
1.188029746078532689e+01
1.188025147244698410e+01
1.188035763485315854e+01
1.188034321970250673e+01
1.188024665112122946e+01
1.188031598703822844e+01
1.188037195269327562e+01
1.188027067711118434e+01
1.188027335297047848e+01
1.188037340858501167e+01
1.188031276548634274e+01
1.188024670966416707e+01
1.188034614687694912e+01
1.188035624084111497e+01
1.188024957828406869e+01
1.188029959531752944e+01
1.188037957047448856e+01
1.188028442781890881e+01
1.188025660157759411e+01
1.188036751734882834e+01
1.188033429168739552e+01
1.188024197888382716e+01
1.188032576667967355e+01
1.188037101915460347e+01
1.188026321172625011e+01
1.188027850138662345e+01
1.188037618195269118e+01
1.188030613546380110e+01
1.188024945992107106e+01
1.188035105615391096e+01
1.188034894587728729e+01
1.188024903910906183e+01
1.188030895796910258e+01
1.188037448819070718e+01
1.188027618476788483e+01
1.188026675657553355e+01
1.188037175981489568e+01
1.188032123927360573e+01
1.188024339487781411e+01
1.188033860409324305e+01
1.188036403882119174e+01
1.188025365039646708e+01
1.188028922860400627e+01
1.188038043048954506e+01
1.188029462333239472e+01
1.188025089168803561e+01
1.188036018736394617e+01
1.188034325151043546e+01
1.188024465064213686e+01
1.188031616632965637e+01
1.188037332644972288e+01
1.188027066472850457e+01
1.188027246626901956e+01
1.188037295626572920e+01
1.188031347420817951e+01
1.188024774802562256e+01
1.188034523803484710e+01
1.188035471022138445e+01
1.188025101300415898e+01
1.188030133853150261e+01
1.188037744141690943e+01
1.188028284930439504e+01
1.188025938054026653e+01
1.188036857668133806e+01
1.188033110668492220e+01
1.188024165861951076e+01
1.188032898989577646e+01
1.188037058536310120e+01
1.188026032611024085e+01
1.188027949489298685e+01
1.188037846441685375e+01
1.188030492356073253e+01
1.188024785337267453e+01
1.188035210624464177e+01
1.188035001897182497e+01
1.188024844809914704e+01
1.188030810815347138e+01
1.188037449981586313e+01
1.188027718938077371e+01
1.188026722934946022e+01
1.188037027614144492e+01
1.188032056222420962e+01
1.188024552290223035e+01
1.188033911030907674e+01
1.188036131340760093e+01
1.188025366606516364e+01
1.188029230502669620e+01
1.188037967875934164e+01
1.188029156425430877e+01
1.188025238825176011e+01
1.188036285469993913e+01
1.188034120983745012e+01
1.188024263817009896e+01
1.188031840718563181e+01
1.188037461537930994e+01
1.188026860658204420e+01
1.188027175531164659e+01
1.188037453408200506e+01
1.188031391983445850e+01
1.188024676968170823e+01
1.188034467877162648e+01
1.188035518578781868e+01
1.188025200891430622e+01
1.188030108552224640e+01
1.188037584499684307e+01
1.188028325412961017e+01
1.188026152821096026e+01
1.188036767237498736e+01
1.188032865497506307e+01
1.188024327186339590e+01
1.188033137820050911e+01
1.188036825955774844e+01
1.188025837324762790e+01
1.188028232808507312e+01
1.188037972351314586e+01
1.188030193208908614e+01
1.188024735201284798e+01
1.188035487215365649e+01
1.188034991307264221e+01
1.188024620511140661e+01
1.188030850510609326e+01
1.188037610252983711e+01
1.188027688157731099e+01
1.188026616879537301e+01
1.188037017153129504e+01
1.188032136239575820e+01
1.188024620205283632e+01
1.188033819682792114e+01
1.188036011024308358e+01
1.188025503844670538e+01
1.188029378465175334e+01
1.188037764129356333e+01
1.188029017456283931e+01
1.188025508994826573e+01
1.188036378635833934e+01
1.188033805224082684e+01
1.188024241805045200e+01
1.188032166902218201e+01
1.188037406622678027e+01
1.188026562468959746e+01
1.188027291747129510e+01
1.188037694023030433e+01
1.188031246487607895e+01
1.188024505455197044e+01
1.188034604356387369e+01
1.188035631111941193e+01
1.188025105746904408e+01
1.188030026665331818e+01
1.188037622181144926e+01
1.188028414072900851e+01
1.188026167420250268e+01
1.188036637344170821e+01
1.188032823455316489e+01
1.188024518654140493e+01
1.188033170832750507e+01
1.188036573227367398e+01
1.188025849860698280e+01
1.188028525722900142e+01
1.188037889448507656e+01
1.188029895326192609e+01
1.188024893637029500e+01
1.188035751791754890e+01
1.188034773515061104e+01
1.188024418566711660e+01
1.188031095144842553e+01
1.188037738474109339e+01
1.188027455187112125e+01
1.188026551905423034e+01
1.188037206072045926e+01
1.188032166601450434e+01
1.188024491365650803e+01
1.188033786368566957e+01
1.188036085149296817e+01
1.188025574492930048e+01
1.188029334170512819e+01
1.188037635919273427e+01
1.188029068375232633e+01
1.188025694231400387e+01
1.188036284851350288e+01
1.188033584127360953e+01
1.188024402854252592e+01
1.188032388715093468e+01
1.188037173623235709e+01
1.188026377991849714e+01
1.188027579987268290e+01
1.188037812319932485e+01
1.188030935846501635e+01
1.188024463936212172e+01
1.188034898680459506e+01
1.188035606864396243e+01
1.188024860116669146e+01
1.188030087630149367e+01
1.188037803266789183e+01
1.188028354139157372e+01
1.188026045354441962e+01
1.188036661791704773e+01
1.188032911579314188e+01
1.188024549772680416e+01
1.188033080211463499e+01
1.188036487206494485e+01
1.188025979069953486e+01
1.188028645419999485e+01
1.188037697528883641e+01
1.188029777030728340e+01
1.188025152541405127e+01
1.188035830988967234e+01
1.188034464631721931e+01
1.188024406853441306e+01
1.188031420918342107e+01
1.188037672730122551e+01
1.188027151275679927e+01
1.188026683489163915e+01
1.188037455904563267e+01
1.188031998674522072e+01
1.188024311239161257e+01
1.188033952559839435e+01
1.188036201436590744e+01
1.188025444530435415e+01
1.188029256442958292e+01
1.188037709632937577e+01
1.188029144084638133e+01
1.188025675969200634e+01
1.188036175117315274e+01
1.188033568278792274e+01
1.188024570497609744e+01
1.188032403712273855e+01
1.188036944000543293e+01
1.188026401308606772e+01
1.188027854350498735e+01
1.188037722788945594e+01
1.188030649884289147e+01
1.188024629072967642e+01
1.188035157632052119e+01
1.188035378289473876e+01
1.188024660130242793e+01
1.188030349630012594e+01
1.188037929121695946e+01
1.188028097037010333e+01
1.188025987368188297e+01
1.188036879399927770e+01
1.188032927332580968e+01
1.188024391594999152e+01
1.188033069946314768e+01
1.188036586939879236e+01
1.188026019860925508e+01
1.188028582711162251e+01
1.188037602408481952e+01
1.188029837711627579e+01
1.188025305849371094e+01
1.188035735090892331e+01
1.188034270476728160e+01
1.188024565506228925e+01
1.188031622830530409e+01
1.188037442371240537e+01
1.188026980013804668e+01
1.188026972873453957e+01
1.188037565035108223e+01
1.188031680602789564e+01
1.188024278898530106e+01
1.188034260773067352e+01
1.188036163822806301e+01
1.188025180771791689e+01
1.188029337906283800e+01
1.188037909176190610e+01
1.188029055761150588e+01
1.188025539477884784e+01
1.188036234161964444e+01
1.188033663367222914e+01
1.188024564418480189e+01
1.188032314995346894e+01
1.188036893381558023e+01
1.188026520803813213e+01
1.188027944243830625e+01
1.188037545204292655e+01
1.188030553781413801e+01
1.188024873324986430e+01
1.188035221847280987e+01
1.188035080325687431e+01
1.188024658858248195e+01
1.188030670726882221e+01
1.188037853405023370e+01
1.188027791385600906e+01
1.188026132615761199e+01
1.188037135174984904e+01
1.188032739144827765e+01
1.188024205217304363e+01
1.188033263704043740e+01
1.188036705457415287e+01
1.188025856756997101e+01
1.188028510157544737e+01
1.188037711203011604e+01
1.188029899488200947e+01
1.188025254965111266e+01
1.188035646937865408e+01
1.188034281016443927e+01
1.188024707149357440e+01
1.188031619637199299e+01
1.188037238840367316e+01
1.188027013782873453e+01
1.188027225110471008e+01
1.188037470066770140e+01
1.188031410295066870e+01
1.188024448565199087e+01
1.188034510710000724e+01
1.188035927454757257e+01
1.188024985371198916e+01
1.188029613855525568e+01
1.188038031000298744e+01
1.188028777872017372e+01
1.188025489258259171e+01
1.188036477634457277e+01
1.188033664289119962e+01
1.188024378952518667e+01
1.188032327921514764e+01
1.188037017432242237e+01
1.188026531207493264e+01
1.188027863935701589e+01
1.188037484402387456e+01
1.188030623428120158e+01
1.188024992723062745e+01
1.188035125098292966e+01
1.188034915624993992e+01
1.188024813028073368e+01
1.188030850120857451e+01
1.188037628710736193e+01
1.188027635565424589e+01
1.188026419350792295e+01
1.188037233712110030e+01
1.188032417806718399e+01
1.188024182491426117e+01
1.188033581775766656e+01
1.188036654945503834e+01
1.188025578315253306e+01
1.188028611081870167e+01
1.188037926601580097e+01
1.188029783905022541e+01
1.188025105824367245e+01
1.188035739822756298e+01
1.188034381835536735e+01
1.188024663950302440e+01
1.188031533975289733e+01
1.188037224272932946e+01
1.188027122009756553e+01
1.188027284047791987e+01
1.188037309132726094e+01
1.188031337613589677e+01
1.188024674974402473e+01
1.188034559129188494e+01
1.188035644306863148e+01
1.188024994540522883e+01
1.188029926072743692e+01
1.188037946304564407e+01
1.188028474485578911e+01
1.188025646280485326e+01
1.188036735996826998e+01
1.188033458280161803e+01
1.188024188771980505e+01
1.188032546738433481e+01
1.188037136621545997e+01
1.188026337069790905e+01
1.188027797508368799e+01
1.188037626872855057e+01
1.188030670467521333e+01
1.188024909875798585e+01
1.188035059667902793e+01
1.188034952409479317e+01
1.188024926835739237e+01
1.188030828794459026e+01
1.188037453913425345e+01
1.188027679324377850e+01
1.188026646181067036e+01
1.188037134568740605e+01
1.188032166676708101e+01
1.188024354454325326e+01
1.188033819431636573e+01
1.188036413881247988e+01
1.188025390064591491e+01
1.188028897375653692e+01
1.188038042784000581e+01
1.188029488850795801e+01
1.188025064050710533e+01
1.188036005992624666e+01
1.188034367892327836e+01
1.188024453603709674e+01
1.188031569938376819e+01
1.188037371033565925e+01
1.188027101886613757e+01
1.188027187181372746e+01
1.188037283434901603e+01
1.188031415318108941e+01
1.188024758921853419e+01
1.188034462797502755e+01
1.188035511187398718e+01
1.188025142204075912e+01
1.188030080629227925e+01
1.188037730222089650e+01
1.188028336125453954e+01
1.188025926607837590e+01
1.188036822659141301e+01
1.188033137884648127e+01
1.188024175965176354e+01
1.188032870505152516e+01
1.188037073852299308e+01
1.188026047587234402e+01
1.188027916601049760e+01
1.188037855312101243e+01
1.188030529108250022e+01
1.188024750031159726e+01
1.188035185199481347e+01
1.188035057648283654e+01
1.188024847072484924e+01
1.188030747298295609e+01
1.188037475583021596e+01
1.188027774878273668e+01
1.188026673409510892e+01
1.188036992379144863e+01
1.188032118341492627e+01
1.188024560068663504e+01
1.188033851448514611e+01
1.188036149246786799e+01
1.188025409534311905e+01
1.188029196630277973e+01
1.188037950226757822e+01
1.188029191702654508e+01
1.188025230797457077e+01
1.188036263552764105e+01
1.188034146740632480e+01
1.188024262121352592e+01
1.188031810976293379e+01
1.188037489322488938e+01
1.188026879228587518e+01
1.188027127758394208e+01
1.188037457739263658e+01
1.188031447003157659e+01
1.188024645182943928e+01
1.188034420938277869e+01
1.188035573736680561e+01
1.188025226703485870e+01
1.188030041458039143e+01
1.188037586423010872e+01
1.188028389285667785e+01
1.188026125087116114e+01
1.188036720655947143e+01
1.188032909198934028e+01
1.188024347959289884e+01
1.188033092780536215e+01
1.188036831254040493e+01
1.188025868951707942e+01
1.188028209493779563e+01
1.188037964318808548e+01
1.188030220741104515e+01
1.188024717272406683e+01
1.188035470598170740e+01
1.188035028997322051e+01
1.188024614581158822e+01
1.188030805848526938e+01
1.188037643148933142e+01
1.188027724480791569e+01
1.188026561240174495e+01
1.188037002118749719e+01
1.188032203094627093e+01
1.188024607483458261e+01
1.188033756791651463e+01
1.188036049424263929e+01
1.188025548758576910e+01
1.188029324356564587e+01
1.188037745586554195e+01
1.188029072587723434e+01
1.188025501044747578e+01
1.188036337221013738e+01
1.188033831484399450e+01
1.188024259401106342e+01
1.188032136197727340e+01
1.188037415102682459e+01
1.188026582495956873e+01
1.188027263486362273e+01
1.188037696228996509e+01
1.188031281687745278e+01
1.188024476724872081e+01
1.188034577500203071e+01
1.188035682022571926e+01
1.188025111403305978e+01
1.188029965185887349e+01
1.188037644048745634e+01
1.188028470927953251e+01
1.188026120261788421e+01
1.188036599056913190e+01
1.188032885820781459e+01
1.188024530103078114e+01
1.188033108002306193e+01
1.188036588583110387e+01
1.188025898443775397e+01
1.188028491877521553e+01
1.188037865125624215e+01
1.188029933719199782e+01
1.188024891559700258e+01
1.188035723978586589e+01
1.188034795585918779e+01
1.188024424316144234e+01
1.188031065973816958e+01
1.188037758973405822e+01
1.188027476190941023e+01
1.188026509613565374e+01
1.188037205999788171e+01
1.188032219002676548e+01
1.188024464324254659e+01
1.188033739049457616e+01
1.188036136927324904e+01
1.188025602856586360e+01
1.188029267855786486e+01
1.188037634645799123e+01
1.188029134443177526e+01
1.188025668601846974e+01
1.188036233707084222e+01
1.188033628211119819e+01
1.188024429161798246e+01
1.188032340200813053e+01
1.188037174154638898e+01
1.188026415808547043e+01
1.188027559141975331e+01
1.188037796624741205e+01
1.188030964039338144e+01
1.188024453429923355e+01
1.188034878402303818e+01
1.188035639012277045e+01
1.188024859797011779e+01
1.188030045582583938e+01
1.188037830240922332e+01
1.188028390897788356e+01
1.188025994244901362e+01
1.188036644111306472e+01
1.188032976523613904e+01
1.188024540374493476e+01
1.188033016251667995e+01
1.188036523341721740e+01
1.188026027411203600e+01
1.188028591131291201e+01
1.188037674603564398e+01
1.188029835379884247e+01
1.188025148190161850e+01
1.188035783709282889e+01
1.188034489596538812e+01
1.188024431710863738e+01
1.188031388390261966e+01
1.188037674266343657e+01
1.188027176096387194e+01
1.188026660221481912e+01
1.188037451414052015e+01
1.188032031865889770e+01
1.188024289461040262e+01
1.188033924621639770e+01
1.188036246842828092e+01
1.188025453506341123e+01
1.188029197801384207e+01
1.188037727483579786e+01
1.188029201115429778e+01
1.188025631789765768e+01
1.188036134274728184e+01
1.188033630080284908e+01
1.188024585469419314e+01
1.188032338451190384e+01
1.188036956605207450e+01
1.188026454913612717e+01
1.188027820972847337e+01
1.188037692111360855e+01
1.188030690893994290e+01
1.188024632969513661e+01
1.188035124283665311e+01
1.188035396391069298e+01
1.188024673251634233e+01
1.188030321406148815e+01
1.188037942067128760e+01
1.188028120203681226e+01
1.188025951109277401e+01
1.188036874923999875e+01
1.188032976432098309e+01
1.188024369649132339e+01
1.188033022863529986e+01
1.188036634665644975e+01
1.188026050406854317e+01
1.188028518036895420e+01
1.188037597954472169e+01
1.188029905116806972e+01
1.188025282658515458e+01
1.188035680048647436e+01
1.188034314368104560e+01
1.188024597005379057e+01
1.188031571474038195e+01
1.188037438131058821e+01
1.188027023526932169e+01
1.188026954765366305e+01
1.188037541882516024e+01
1.188031709093553268e+01
1.188024275950860442e+01
1.188034237093770784e+01
1.188036190010360826e+01
1.188025186069859274e+01
1.188029299020733021e+01
1.188037929875615717e+01
1.188029092476173254e+01
1.188025493563637092e+01
1.188036214066751839e+01
1.188033725556570808e+01
1.188024558465093605e+01
1.188032250797520639e+01
1.188036926782613634e+01
1.188026571945090559e+01
1.188027890481411042e+01
1.188037518193628550e+01
1.188030614588140921e+01
1.188024872629257267e+01
1.188035169319810080e+01
1.188035103671346526e+01
1.188024690650955684e+01
1.188030636796166917e+01
1.188037847980452710e+01
1.188027820680071756e+01
1.188026114641105835e+01
1.188037124043258430e+01
1.188032769897661822e+01
1.188024190677536396e+01
1.188033235046300717e+01
1.188036744766493413e+01
1.188025868935488205e+01
1.188028455117776971e+01
1.188037724805555406e+01
1.188029955952743322e+01
1.188025214337907798e+01
1.188035604070540252e+01
1.188034341451364995e+01
1.188024725450438090e+01
1.188031552793849599e+01
1.188037248528770640e+01
1.188027071711840321e+01
1.188027192635663276e+01
1.188037433435561141e+01
1.188031453387641179e+01
1.188024458381712023e+01
1.188034472259922403e+01
1.188035941355537695e+01
1.188025005694771608e+01
1.188029586942001892e+01
1.188038036222101113e+01
1.188028802903492398e+01
1.188025459505548831e+01
1.188036468810957658e+01
1.188033709446655450e+01
1.188024362388380872e+01
1.188032281688794356e+01
1.188037060485519447e+01
1.188026563537528979e+01
1.188027801741747957e+01
1.188037476825984839e+01
1.188030691295348795e+01
1.188024972273026769e+01
1.188035066872948065e+01
1.188034958751999781e+01
1.188024849309089248e+01
1.188030796591729299e+01
1.188037619755489693e+01
1.188027684207209766e+01
1.188026404212751785e+01
1.188037203405012043e+01
1.188032446228440442e+01
1.188024187139319210e+01
1.188033554999392294e+01
1.188036674832910577e+01
1.188025589165728846e+01
1.188028575864025882e+01
1.188037940754399990e+01
1.188029820098270939e+01
1.188025065704034233e+01
1.188035717575210093e+01
1.188034440460911689e+01
1.188024661517887992e+01
1.188031470373572418e+01
1.188037254506375007e+01
1.188027175287249193e+01
1.188027231510625192e+01
1.188037278386731188e+01
1.188031400086334877e+01
1.188024677943932872e+01
1.188034502038873086e+01
1.188035665729965196e+01
1.188025032852340068e+01
1.188029891179427189e+01
1.188037933992963602e+01
1.188028507874979134e+01
1.188025633829400540e+01
1.188036718365961697e+01
1.188033486197188537e+01
1.188024181662461665e+01
1.188032517732134430e+01
1.188037169319786379e+01
1.188026352293037924e+01
1.188027746787953376e+01
1.188037636050927404e+01
1.188030725630621021e+01
1.188024873327964670e+01
1.188035015333289302e+01
1.188035010693246107e+01
1.188024948228843947e+01
1.188030761237251021e+01
1.188037460558376246e+01
1.188027740823821077e+01
1.188026615032732636e+01
1.188037092461702571e+01
1.188032211290687812e+01
1.188024370060431778e+01
1.188033776380490103e+01
1.188036423404079578e+01
1.188025417326086419e+01
1.188028872118440304e+01
1.188038040213596247e+01
1.188029515425294491e+01
1.188025041192301501e+01
1.188035992933451546e+01
1.188034408519131802e+01
1.188024442638316280e+01
1.188031525158456603e+01
1.188037408854209609e+01
1.188027135579075733e+01
1.188027128275736288e+01
1.188037272835333269e+01
1.188031482766162306e+01
1.188024741478601243e+01
