1.188024147592622448e+01
1.188028498129967403e+01
1.188039565452391777e+01
1.188052351894488545e+01
1.188061184494421596e+01
1.188062298980722886e+01
1.188055439856184314e+01
1.188043781884366190e+01
1.188032391702270374e+01
1.188025995759155506e+01
1.188027082363806919e+01
1.188035044697016929e+01
1.188046544805606430e+01
1.188056892655757402e+01
1.188061855184349724e+01
1.188059307921216856e+01
1.188050147078486241e+01
1.188038054134811539e+01
1.188028126315680133e+01
1.188024755747819228e+01
1.188029640965779699e+01
1.188040859542838668e+01
1.188053545005097789e+01
1.188062027128433940e+01
1.188062439401473647e+01
1.188054562798315139e+01
1.188041957006151428e+01
1.188030280410412054e+01
1.188024672094530665e+01
1.188027435332634241e+01
1.188037135341957651e+01
1.188049417739252256e+01
1.188059023208188947e+01
1.188062045426684676e+01
1.188057425806055889e+01
1.188047220364289913e+01
1.188035660520490033e+01
1.188027448542199060e+01
1.188025956941740979e+01
1.188031893948613060e+01
1.188042949309673446e+01
1.188054596711689825e+01
1.188061854395175487e+01
1.188061419634910720e+01
1.188053228197958155e+01
1.188040688047792415e+01
1.188029303991912755e+01
1.188024209594510161e+01
1.188027774576247353e+01
1.188038431271370676e+01
1.188051383110897774e+01
1.188060842924503113e+01
1.188062694155977539e+01
1.188056312942964787e+01
1.188044689375547236e+01
1.188032948245507114e+01
1.188026039790406685e+01
1.188026680460809459e+01
1.188034395746822014e+01
1.188045874274408931e+01
1.188056395716395386e+01
1.188061690797331948e+01
1.188059571080490429e+01
1.188050809945322150e+01
1.188038910308057616e+01
1.188028814202860772e+01
1.188024912615792417e+01
1.188029109545193229e+01
1.188039829475837017e+01
1.188052502631449947e+01
1.188061508856968196e+01
1.188062733473955390e+01
1.188055529425663437e+01
1.188043101219726516e+01
1.188031028941629685e+01
1.188024683254563563e+01
1.188026765460894651e+01
1.188036162229702875e+01
1.188048608089680691e+01
1.188058692915304171e+01
1.188062247314202047e+01
1.188058001674330022e+01
1.188047922895718322e+01
1.188036261826801443e+01
1.188027778672184098e+01
1.188025904243075104e+01
1.188031432197592174e+01
1.188042184628107911e+01
1.188053798343540102e+01
1.188061385927999147e+01
1.188061564473731657e+01
1.188054005000470781e+01
1.188041774303851383e+01
1.188030168329493286e+01
1.188024391434868043e+01
1.188027152324667490e+01
1.188037312490541986e+01
1.188050336477593127e+01
1.188060385795819229e+01
1.188063014924777860e+01
1.188057195163837321e+01
1.188045670854995706e+01
1.188033582948358458e+01
1.188026112049802485e+01
1.188026250960049524e+01
1.188033700801199188e+01
1.188045185560503292e+01
1.188055921393101677e+01
1.188061559331397987e+01
1.188059835045834944e+01
1.188051425701967290e+01
1.188039703537202385e+01
1.188029478976898190e+01
1.188025118132681968e+01
1.188028677085596208e+01
1.188038881137548231e+01
1.188051462385698365e+01
1.188060903452947414e+01
1.188062905057747365e+01
1.188056420938160151e+01
1.188044267135577492e+01
1.188031879384566913e+01
1.188024805539396667e+01
1.188026142774625526e+01
1.188035150381529093e+01
1.188047711465212508e+01
1.188058293987198155e+01
1.188062440890236893e+01
1.188058618921382426e+01
1.188048670554320374e+01
1.188036870857165184e+01
1.188028080207392989e+01
1.188025824456449797e+01
1.188030982838396632e+01
1.188041473766614686e+01
1.188053052265565945e+01
1.188060917082590606e+01
1.188061640317956780e+01
1.188054683481565910e+01
1.188042803981822004e+01
1.188031064807077364e+01
1.188024681062195853e+01
1.188026643651568470e+01
1.188036235823618192e+01
1.188049232876334038e+01
1.188059812049013431e+01
1.188063239381005154e+01
1.188058061670333387e+01
1.188046717378126793e+01
1.188034309529678367e+01
1.188026237052642742e+01
1.188025809048784609e+01
1.188032954203177383e+01
1.188044456868818521e+01
1.188055450506147359e+01
1.188061460028153071e+01
1.188060118097216211e+01
1.188052016977779779e+01
1.188040441361458832e+01
1.188030106692822940e+01
1.188025347354084005e+01
1.188028327617380775e+01
1.188038021246916109e+01
1.188050448600264097e+01
1.188060234522190939e+01
1.188062958195910035e+01
1.188057218313783991e+01
1.188045427629015194e+01
1.188032816958165228e+01
1.188025048189998500e+01
1.188025592663196051e+01
1.188034121259783937e+01
1.188046729241140653e+01
1.188057806914802939e+01
1.188062602447182492e+01
1.188059268399138269e+01
1.188049475610068129e+01
1.188037510951064490e+01
1.188028367571835453e+01
1.188025711605767398e+01
1.188030524090186901e+01
1.188040797268140913e+01
1.188052358047285750e+01
1.188060467029390566e+01
1.188061671304305200e+01
1.188055272753123148e+01
1.188043763211386405e+01
1.188031967129170141e+01
1.188025059818528639e+01
1.188026252911689618e+01
1.188035225214852986e+01
1.188048097479182275e+01
1.188059128895609895e+01
1.188063350994852918e+01
1.188058885915453367e+01
1.188047812735117503e+01
1.188035134434007567e+01
1.188026438187291767e+01
1.188025375531718986e+01
1.188032158210549127e+01
1.188043670347795810e+01
1.188054960408891958e+01
1.188061384403516030e+01
1.188060432488143192e+01
1.188052607062567922e+01
1.188041138248655493e+01
1.188030690756069774e+01
1.188025577530573962e+01
1.188028040100271276e+01
1.188037248373465005e+01
1.188049480974832939e+01
1.188059528038671786e+01
1.188062904784622908e+01
1.188057909288569292e+01
1.188046556012565702e+01
1.188033820683309827e+01
1.188025412339780829e+01
1.188025137298438239e+01
1.188033100233583639e+01
1.188045670845214552e+01
1.188057217957103440e+01
1.188062706943005686e+01
1.188059933964347259e+01
1.188050343004586473e+01
1.188038203869050768e+01
1.188028660625035648e+01
1.188025567553252237e+01
1.188030038419118917e+01
1.188040132552862715e+01
1.188051707487420572e+01
1.188060048758262255e+01
1.188061681790747137e+01
1.188055788736540386e+01
1.188044645731641680e+01
1.188032851538861934e+01
1.188025504400264687e+01
1.188025976161147135e+01
1.188034299586439069e+01
1.188046957393956049e+01
1.188058351139862090e+01
1.188063340368528387e+01
1.188059642191409182e+01
1.188048934918934485e+01
1.188036055994104601e+01
1.188026735159440150e+01
1.188024974808920220e+01
1.188031322888818409e+01
1.188042814176236917e+01
1.188054427512922473e+01
1.188061317119628413e+01
1.188060783144159593e+01
1.188053217250289606e+01
1.188041813907214461e+01
1.188031232480438248e+01
1.188025790404971893e+01
1.188027790794184568e+01
1.188036553248156046e+01
1.188048572770588152e+01
1.188058809782583225e+01
1.188062763253977039e+01
1.188058489519566230e+01
1.188047628507070996e+01
1.188034865396100415e+01
1.188025890843102239e+01
1.188024793384976263e+01
1.188032114219400448e+01
1.188044552944624499e+01
1.188056520748685863e+01
1.188062730607990147e+01
1.188060593984609881e+01
1.188051269690202538e+01
1.188038967278570368e+01
1.188028982529333888e+01
1.188025401832038774e+01
1.188029514465710434e+01
1.188039456528930948e+01
1.188051085591878753e+01
1.188059667854537693e+01
1.188061693776435668e+01
1.188056252297716142e+01
1.188045453376511063e+01
1.188033699038495961e+01
1.188025989268638050e+01
1.188025801664007197e+01
1.188033471059106994e+01
1.188045839143119942e+01
1.188057499719932508e+01
1.188063206249268866e+01
1.188060308127123932e+01
1.188050058152760435e+01
1.188037064456638703e+01
1.188027141799458164e+01
1.188024632453013396e+01
1.188030465230914601e+01
1.188041883981495062e+01
1.188053829952348472e+01
1.188061237560451211e+01
1.188061167112269523e+01
1.188053864429212148e+01
1.188042491008939727e+01
1.188031740859756447e+01
1.188025974017426378e+01
1.188027555891568809e+01
1.188035919912065808e+01
1.188047729632399196e+01
1.188058102844940933e+01
1.188062556569420991e+01
1.188058962929866347e+01
1.188048626445018385e+01
1.188035924145358102e+01
1.188026468983997219e+01
1.188024570446763484e+01
1.188031189146503941e+01
1.188043397919166466e+01
1.188055717107863885e+01
1.188062653471669172e+01
1.188061223396521271e+01
1.188052244792955214e+01
1.188039812687903840e+01
1.188029357223433458e+01
1.188025230720133685e+01
1.188028948300778431e+01
1.188038748256981236e+01
1.188050472282515280e+01
1.188059322010556329e+01
1.188061724616370185e+01
1.188056686852677934e+01
1.188046195725988241e+01
1.188034497134793988e+01
1.188026489240322370e+01
1.188025711232574366e+01
1.188032743843076311e+01
1.188044766206171055e+01
1.188056599648388634e+01
1.188062955670409337e+01
1.188060866894571355e+01
1.188051155277859472e+01
1.188038142845008949e+01
1.188027664487403356e+01
1.188024372615365287e+01
1.188029607601624349e+01
1.188040883454418228e+01
1.188053150089546683e+01
1.188061121977273160e+01
1.188061573798440840e+01
1.188054559173814617e+01
1.188043192570442130e+01
1.188032231550117146e+01
1.188026123862574224e+01
1.188027314112470378e+01
1.188035327592776724e+01
1.188046949167063460e+01
1.188057425430418945e+01
1.188062309790949378e+01
1.188059341172423089e+01
1.188049537993858173e+01
1.188036970731769415e+01
1.188027125973749953e+01
1.188024469855426268e+01
1.188030347484803961e+01
1.188042231791866676e+01
1.188054816966718263e+01
1.188062461530341452e+01
1.188061796131199799e+01
1.188053250558255414e+01
1.188040744053267339e+01
1.188029806767332275e+01
1.188025075628126004e+01
1.188028343909254403e+01
1.188037991362760337e+01
1.188049844675784428e+01
1.188059001323798647e+01
1.188061785247660396e+01
1.188057115722159196e+01
1.188046888930099065e+01
1.188035240950602400e+01
1.188026981988950226e+01
1.188025682250150794e+01
1.188032113940278656e+01
1.188043756851851462e+01
1.188055677583234271e+01
1.188062603202670608e+01
1.188061308882035760e+01
1.188052200279995851e+01
1.188039268542559768e+01
1.188028301374940199e+01
1.188024215525769378e+01
1.188028775649991431e+01
1.188039824124702726e+01
1.188052376572533930e+01
1.188060946005367668e+01
1.188061985963986444e+01
1.188055304524108635e+01
1.188043939292599305e+01
1.188032725137563794e+01
1.188026243306292784e+01
1.188027048984581313e+01
1.188034753107042540e+01
1.188046221342912112e+01
1.188056789155857551e+01
1.188062047464405069e+01
1.188059642257091753e+01
1.188050359213216467e+01
1.188037982147288574e+01
1.188027837054544555e+01
1.188024484722284946e+01
1.188029606080946010e+01
1.188041081821212330e+01
1.188053837454922679e+01
1.188062148301728449e+01
1.188062287685132823e+01
1.188054263970934166e+01
1.188041757198613979e+01
1.188030348856705487e+01
1.188024960936002117e+01
1.188027712881028641e+01
1.188037175930727329e+01
1.188049179694007584e+01
1.188058689366954468e+01
1.188061879081566374e+01
1.188057559533973873e+01
1.188047553810003976e+01
1.188035933587750748e+01
1.188027450215766834e+01
1.188025690141327928e+01
1.188031569714298641e+01
1.188042822469639859e+01
1.188054759278995220e+01
1.188062169413305469e+01
1.188061632633979769e+01
1.188053170724627527e+01
1.188040415415287043e+01
1.188029042486092735e+01
1.188024175360296297e+01
1.188027995874416298e+01
1.188038724349752862e+01
1.188051505706863864e+01
1.188060687296943030e+01
1.188062381388620103e+01
1.188056095552822278e+01
1.188044747161299952e+01
1.188033244848745973e+01
1.188026343226294657e+01
1.188026750584274183e+01
1.188034173519225867e+01
1.188045529697462221e+01
1.188056198001120123e+01
1.188061791120198940e+01
1.188059888496426098e+01
1.188051094311564171e+01
1.188038940693742518e+01
1.188028575967901546e+01
1.188024600672195596e+01
1.188028974534661586e+01
1.188039973975588559e+01
1.188052801262355374e+01
1.188061715577623367e+01
1.188062677584039584e+01
1.188055258887882815e+01
1.188042840087939567e+01
1.188030994793232509e+01
1.188024911477746848e+01
1.188027073355224061e+01
1.188036299687987452e+01
1.188048456721451274e+01
1.188058364946926737e+01
1.188062001652296296e+01
1.188058033953090309e+01
1.188048213437960499e+01
1.188036585681393831e+01
1.188027883294086706e+01
1.188025711005908036e+01
1.188031093282171469e+01
1.188041966574429509e+01
1.188053867158860299e+01
1.188061678722906223e+01
1.188061844930383337e+01
1.188054049870514994e+01
1.188041556254569642e+01
1.188029870672464305e+01
1.188024258725943483e+01
1.188027293064214795e+01
1.188037607641224724e+01
1.188050541997383291e+01
1.188060327984942610e+01
1.188062735053128804e+01
1.188056919738362893e+01
1.188045625573670527e+01
1.188033813938474026e+01
1.188026440896465452e+01
1.188026416585060474e+01
1.188033568750414126e+01
1.188044853247996890e+01
1.188055648016587362e+01
1.188061557123383949e+01
1.188060104011941398e+01
1.188051755045514568e+01
1.188039835588939930e+01
1.188029317525594308e+01
1.188024797411056355e+01
1.188028454307225523e+01
1.188038930520715120e+01
1.188051734472971788e+01
1.188061173285742100e+01
1.188062951477311202e+01
1.188056208483668286e+01
1.188043973894082050e+01
1.188031748141346355e+01
1.188024949924183638e+01
1.188026448316650274e+01
1.188035368379643941e+01
1.188047660001358707e+01
1.188058004396779133e+01
1.188062141049520370e+01
1.188058547967503920e+01
1.188048890471950791e+01
1.188037214161439259e+01
1.188028278247893965e+01
1.188025724128929639e+01
1.188030662581445185e+01
1.188041184605249079e+01
1.188053018228053759e+01
1.188061156907342664e+01
1.188061959979504145e+01
1.188054828242483651e+01
1.188042665303811418e+01
1.188030763297964754e+01
1.188024463943461662e+01
1.188026687867201403e+01
1.188036500499925907e+01
1.188049497823369904e+01
1.188059856696217054e+01
1.188063021645815454e+01
1.188057758090002025e+01
1.188046576183849012e+01
1.188034453043326977e+01
1.188026558199951310e+01
1.188026052536015698e+01
1.188032923845649336e+01
1.188044168910927922e+01
1.188055127829185587e+01
1.188061355068891878e+01
1.188060312087076653e+01
1.188052359301189931e+01
1.188040663901507266e+01
1.188030040028844603e+01
1.188025050902437485e+01
1.188028038681594012e+01
1.188037967950127793e+01
1.188050664099175258e+01
1.188060538488783280e+01
1.188063102622673739e+01
1.188057087786988930e+01
1.188045134732477770e+01
1.188032604216348886e+01
1.188025094345515242e+01
1.188025863391923309e+01
1.188034395327235160e+01
1.188046780497941768e+01
1.188057584174378611e+01
1.188062279095950835e+01
1.188059102883912210e+01
1.188049604550698390e+01
1.188037840323340077e+01
1.188028639978388235e+01
1.188025714112894704e+01
1.188030253880938503e+01
1.188040464566464571e+01
1.188052222520710721e+01
1.188060628514650219e+01
1.188061997813650272e+01
1.188055504480177405e+01
1.188043720636817113e+01
1.188031694452660680e+01
1.188024781213944081e+01
1.188026194737697061e+01
1.188035429958586420e+01
1.188048392310513179e+01
1.188059269875394541e+01
1.188063218152342770e+01
1.188058586909765424e+01
1.188047592571291489e+01
1.188035177804816378e+01
1.188026719327554659e+01
1.188025671362374602e+01
1.188032230662967770e+01
1.188043454166741597e+01
1.188054619919870802e+01
1.188061186861061813e+01
1.188060532656925439e+01
1.188052929002224545e+01
1.188041430701617429e+01
1.188030727311677914e+01
1.188025335899283519e+01
1.188027713595517909e+01
1.188037095468988902e+01
1.188049615554279370e+01
1.188059833653036179e+01
1.188063132576914249e+01
1.188057876071589547e+01
1.188046295875505720e+01
1.188033550447238262e+01
1.188025356232244434e+01
1.188025344342715783e+01
1.188033400240676585e+01
1.188045817020570993e+01
1.188057083491240107e+01
1.188062393169309416e+01
1.188059692108685894e+01
1.188050370038996917e+01
1.188038487398173970e+01
1.188028980705038862e+01
1.188025672434319802e+01
1.188029844446722372e+01
1.188039788468154434e+01
1.188051482231848510e+01
1.188060114454914995e+01
1.188061982080004242e+01
1.188056085345175994e+01
1.188044706172344256e+01
1.188032637454563911e+01
1.188025193648297773e+01
1.188025820497860252e+01
1.188034421054944012e+01
1.188047249543347661e+01
1.188058572264626989e+01
1.188063306259758001e+01
1.188059380025204703e+01
1.188048660738630957e+01
1.188035997032292101e+01
1.188026948184023013e+01
1.188025292137530542e+01
1.188031488828220006e+01
1.188042689668503193e+01
1.188054102568031567e+01
1.188061046558643241e+01
1.188060780193152866e+01
1.188053487581591661e+01
1.188042148383013696e+01
1.188031370228965322e+01
1.188025628548940915e+01
1.188027459263428653e+01
1.188036314201618282e+01
1.188048610293824403e+01
1.188059084394241971e+01
1.188063050997696024e+01
1.188058558860742409e+01
1.188047430229998902e+01
1.188034567553088472e+01
1.188025739206458731e+01
1.188024914495471229e+01
1.188032407411945890e+01
1.188044776507265787e+01
1.188056486676679491e+01
1.188062458509840269e+01
1.188060301717574951e+01
1.188051194361821672e+01
1.188039177886526687e+01
1.188029318651322441e+01
1.188025598294705532e+01
1.188029415061223482e+01
1.188039134424920817e+01
1.188050791631113690e+01
1.188059629985942145e+01
1.188061937485139730e+01
1.188056584858861697e+01
1.188045613131068912e+01
1.188033567386839806e+01
1.188025679034563886e+01
1.188025563689317998e+01
1.188033494472693974e+01
1.188046096315053468e+01
1.188057776495948836e+01
1.188063274306803407e+01
1.188060111290865173e+01
1.188049760363472096e+01
1.188036911606228152e+01
1.188027265775248331e+01
1.188024938228951832e+01
1.188030705886459337e+01
1.188041861494031082e+01
1.188053552277281355e+01
1.188060921002617221e+01
1.188061062183119532e+01
1.188054057309363110e+01
1.188042835197699354e+01
1.188031967456858595e+01
1.188025908801624020e+01
1.188027252406046586e+01
1.188035617231015451e+01
1.188047663842531065e+01
1.188058316950935023e+01
1.188062874575164329e+01
1.188059129323036700e+01
1.188048512847535676e+01
1.188035631383806567e+01
1.188026238572488680e+01
1.188024592370523536e+01
1.188031443458559622e+01
1.188043673466038719e+01
1.188055785001930076e+01
1.188062450797762892e+01
1.188060911751296800e+01
1.188052077087458791e+01
1.188039930960627544e+01
1.188029676080850017e+01
1.188025498704158878e+01
1.188028952126384929e+01
1.188038479187964924e+01
1.188050137789330662e+01
1.188059183273787411e+01
1.188061887178553810e+01
1.188057022650564498e+01
1.188046440774996171e+01
1.188034463430117782e+01
1.188026212132041159e+01
1.188025414803057167e+01
1.188032664585338338e+01
1.188044959636320819e+01
1.188056901863924608e+01
1.188063118549137265e+01
1.188060757128585010e+01
1.188050866664736560e+01
1.188037914230278780e+01
1.188027687870316385e+01
1.188024634978336813e+01
1.188029896662744100e+01
1.188040962792010902e+01
1.188052946429401047e+01
1.188060791178736686e+01
1.188061378331561713e+01
1.188054656777281615e+01
1.188043513138834051e+01
1.188032525520741522e+01
1.188026162391156149e+01
1.188027068830805533e+01
1.188034990491762066e+01
1.188046784397065103e+01
1.188057555643827001e+01
1.188062625225137303e+01
1.188059588887225893e+01
1.188049523239557814e+01
1.188036715218068728e+01
1.188026841754277996e+01
1.188024389772314393e+01
1.188030534818815909e+01
1.188042528661317832e+01
1.188054977751978925e+01
1.188062348738757379e+01
1.188061498114632286e+01
1.188053009828714224e+01
1.188040760230911630e+01
1.188030076866334639e+01
1.188025387794811394e+01
1.188028449146311338e+01
1.188037800825791024e+01
1.188049502070895258e+01
1.188058774658510686e+01
1.188061850350355364e+01
1.188057421701511096e+01
1.188047196326840371e+01
1.188035310780214893e+01
1.188026767231363756e+01
1.188025357370261759e+01
1.188031938114014530e+01
1.188043864232210467e+01
1.188055972435635077e+01
1.188062843580864580e+01
1.188061298856747960e+01
1.188051952697118452e+01
1.188038990037284925e+01
1.188028223209230028e+01
1.188024407131670124e+01
1.188029081911372842e+01
1.188039994658269549e+01
1.188052265873333546e+01
1.188060634202012267e+01
1.188061720544385658e+01
1.188055298810677129e+01
1.188044205397280173e+01
1.188033058024546129e+01
1.188026382212735399e+01
1.188026886067681254e+01
1.188034414436660136e+01
1.188045972151167007e+01
1.188056820561009985e+01
1.188062327761298498e+01
1.188059946982988357e+01
1.188050447278668464e+01
1.188037792281591010e+01
1.188027529559803597e+01
1.188024310566186159e+01
1.188029705230422017e+01
1.188041367199619103e+01
1.188054072432862895e+01
1.188062136375975975e+01
1.188062034908282705e+01
1.188053976945901624e+01
1.188041672123258152e+01
1.188030543841068365e+01
1.188025285416385834e+01
1.188027907463198396e+01
1.188037081245832738e+01
1.188048862257261185e+01
1.188058396697614327e+01
1.188061840276366610e+01
1.188057805747504858e+01
1.188047894047506148e+01
1.188036101979681369e+01
1.188027320709398538e+01
1.188025369792512365e+01
1.188031313562159852e+01
1.188042830255965931e+01
1.188055014715587632e+01
1.188062461859191465e+01
1.188061724558814980e+01
1.188052991858122631e+01
1.188040117958705011e+01
1.188028872461559970e+01
1.188024276276268587e+01
1.188028286381426923e+01
1.188038966176010902e+01
1.188051497151849745e+01
1.188060425743899096e+01
1.188062073687599529e+01
1.188055989016464409e+01
1.188044933680806459e+01
1.188033584130431031e+01
1.188026568985085341e+01
1.188026685773286850e+01
1.188033866301435992e+01
1.188045219431251454e+01
1.188056125677806030e+01
1.188062007312196222e+01
1.188060219917814031e+01
1.188051278487469986e+01
1.188038838242731643e+01
1.188028278115262282e+01
1.188024350292437248e+01
1.188028973439180369e+01
1.188040216208694844e+01
1.188053084113678892e+01
1.188061804862122273e+01
1.188062496982473881e+01
1.188054956964453446e+01
1.188042665034414114e+01
1.188031096226321814e+01
1.188025215128368117e+01
1.188027336201083450e+01
1.188036308273999531e+01
1.188048195084777170e+01
1.188058034994967826e+01
1.188061862984450201e+01
1.188058196636689701e+01
1.188048553545451647e+01
1.188036837531355872e+01
1.188027853327388605e+01
1.188025427699066405e+01
1.188030781512679468e+01
1.188041871437647146e+01
1.188054055111033058e+01
1.188061992396409394e+01
1.188062030273272107e+01
1.188053960379634511e+01
1.188041272695106798e+01
1.188029628049105746e+01
1.188024258561292967e+01
1.188027536469355283e+01
1.188037893646263043e+01
1.188050634107901971e+01
1.188060142661436380e+01
1.188062417049713204e+01
1.188056725094095256e+01
1.188045715702886973e+01
1.188034126421058900e+01
1.188026731142112880e+01
1.188026455661337266e+01
1.188033322714756324e+01
1.188044511656254087e+01
1.188055477582988040e+01
1.188061686760570979e+01
1.188060429013662578e+01
1.188052018560036416e+01
1.188039833456993222e+01
1.188029061242832007e+01
1.188024496668406549e+01
1.188028351378220826e+01
1.188039102325088336e+01
1.188052034001433022e+01
1.188061353478117255e+01
1.188062862466627223e+01
1.188055924562132049e+01
1.188043729336254017e+01
1.188031747430319029e+01
1.188025201768721928e+01
1.188026751442910367e+01
1.188035477076383017e+01
1.188047478920558220e+01
1.188057669755219159e+01
1.188061916653759909e+01
1.188058611931061748e+01
1.188049197491942799e+01
1.188037525712963394e+01
1.188028352061441240e+01
1.188025506558192212e+01
1.188030325773669382e+01
1.188040993856064809e+01
1.188053117441713447e+01
1.188061458783773539e+01
1.188062220351328158e+01
1.188054839571918997e+01
1.188042427079524188e+01
1.188030474840840611e+01
1.188024362964045189e+01
1.188026857671310665e+01
1.188036799111809039e+01
1.188049678695548117e+01
1.188059765547768265e+01
1.188062726378186440e+01
1.188057496952655789e+01
1.188046563120490973e+01
1.188034708357119840e+01
1.188026883953723001e+01
1.188026190783336133e+01
1.188032762354321115e+01
1.188043829045341582e+01
1.188054874934831773e+01
1.188061384460034375e+01
1.188060598222887698e+01
1.188052677031957316e+01
1.188040764758461165e+01
1.188029853024355731e+01
1.188024730922441030e+01
1.188027843026991093e+01
1.188038049218493697e+01
1.188050947422283699e+01
1.188060789776244519e+01
1.188063115011089010e+01
1.188056852937564578e+01
1.188044848201179882e+01
1.188032503470125611e+01
1.188025268836217485e+01
1.188026174722038419e+01
1.188034590795813195e+01
1.188046696272590808e+01
1.188057277930691491e+01
1.188061991795762218e+01
1.188059062997853310e+01
1.188049849000105063e+01
1.188038181582352770e+01
1.188028811307737342e+01
1.188025584252910605e+01
1.188029925255593255e+01
1.188040195475075045e+01
1.188052220721061580e+01
1.188060886779774883e+01
1.188062306922845934e+01
1.188055617593231617e+01
1.188043554601708074e+01
1.188031391624307886e+01
1.188024590308186212e+01
1.188026272079698842e+01
1.188035708331120155e+01
1.188048640926203703e+01
1.188059280916425031e+01
1.188062976309351271e+01
1.188058287603355190e+01
1.188047480138725120e+01
1.188035351607108403e+01
1.188027047938268055e+01
1.188025894058139542e+01
1.188032168348143358e+01
1.188043148904626278e+01
1.188054308710849938e+01
1.188061112438744615e+01
1.188060751499872936e+01
1.188053270107008430e+01
1.188041626626287872e+01
1.188030630292926304e+01
1.188025029802637889e+01
1.188027444096014662e+01
1.188037075385978092e+01
1.188049851428669967e+01
1.188060128840754537e+01
1.188063245488792319e+01
1.188057716344483339e+01
1.188045999139403719e+01
1.188033362189597320e+01
1.188025435962668119e+01
1.188025630958725110e+01
1.188033660367254107e+01
1.188045835844395626e+01
1.188056835753975271e+01
1.188062072200343522e+01
1.188059553768273702e+01
1.188050528969349884e+01
1.188038825248032992e+01
1.188029233358273373e+01
1.188025643355202021e+01
1.188029556371756001e+01
1.188039466518631571e+01
1.188051377411884957e+01
1.188060301728221368e+01
1.188062308525415389e+01
1.188056290545855020e+01
1.188044631858817723e+01
1.188032353173720779e+01
1.188024933150547113e+01
1.188025796180821914e+01
1.188034648392036807e+01
1.188047537984243363e+01
1.188058682762518536e+01
1.188063142963341967e+01
1.188059074731840781e+01
1.188048462914198211e+01
1.188036073554234484e+01
1.188027246700873008e+01
1.188025576020857343e+01
1.188031530165073590e+01
1.188042448247519545e+01
1.188053763247909345e+01
1.188060875247159842e+01
1.188060910220310618e+01
1.188053818753503066e+01
1.188042421594868969e+01
1.188031374817623131e+01
1.188025368024002759e+01
1.188027142590519425e+01
1.188036192436117489e+01
1.188048772267782205e+01
1.188059391768729256e+01
1.188063252950868076e+01
1.188058492558388402e+01
1.188047156079769096e+01
1.188034313348717852e+01
1.188025716760426320e+01
1.188025146023623257e+01
1.188032703558847913e+01
1.188044893905887633e+01
1.188056321391138148e+01
1.188062136566688665e+01
1.188060080263335117e+01
1.188051253693592635e+01
1.188039479569052048e+01
1.188029628094258072e+01
1.188025672882368156e+01
1.188029195686888784e+01
1.188038790671205902e+01
1.188050592323889987e+01
1.188059726069460709e+01
1.188062248060641402e+01
1.188056862756708831e+01
1.188045640710832274e+01
1.188033332684395482e+01
1.188025376548530510e+01
1.188025439198243483e+01
1.188033645180482978e+01
1.188046392632346127e+01
1.188057973316654881e+01
1.188063206439541375e+01
1.188059832800170135e+01
1.188049499793062225e+01
1.188036885265228904e+01
1.188027504401518719e+01
1.188025253821244220e+01
1.188030844813121512e+01
1.188041706454183633e+01
1.188053217993580546e+01
1.188060669551270365e+01
1.188061090918700202e+01
1.188054346283000307e+01
1.188043159838414020e+01
1.188032074987176046e+01
1.188025720877448776e+01
1.188026920200582559e+01
1.188035404049796995e+01
1.188047732944251322e+01
1.188058603558228654e+01
1.188063144710330299e+01
1.188059165032531794e+01
1.188048291786309996e+01
1.188035339554349079e+01
1.188026117296378814e+01
1.188024744156820489e+01
1.188031743349204916e+01
1.188043874846413317e+01
1.188055717421640445e+01
1.188062160678909152e+01
1.188060630913355631e+01
1.188052032990151474e+01
1.188040167529655555e+01
1.188030011904468708e+01
1.188025669383880611e+01
1.188028822511312832e+01
1.188038146991723210e+01
1.188049862269790680e+01
1.188059177178849168e+01
1.188062150319593968e+01
1.188057346184428908e+01
1.188046569937691821e+01
1.188034304323333146e+01
1.188025899613779401e+01
1.188025202181018258e+01
1.188032720939271236e+01
1.188045231088562304e+01
1.188057162913590048e+01
1.188063152939278844e+01
1.188060535487427671e+01
1.188050572332854493e+01
1.188037790145602735e+01
1.188027843114003090e+01
1.188024949555225973e+01
1.188030117249376438e+01
1.188040907664346690e+01
1.188052649807029582e+01
1.188060484510658199e+01
1.188061303562454007e+01
1.188054875691581991e+01
1.188043857942832560e+01
1.188032726844373421e+01
1.188026066725182872e+01
1.188026754364610937e+01
1.188034705749374531e+01
1.188046751099791720e+01
1.188057790643214062e+01
1.188062935536992804e+01
1.188059724510244308e+01
1.188049380383224651e+01
1.188036417908174691e+01
1.188026635369518580e+01
1.188024445501613968e+01
1.188030805795599676e+01
1.188042790878046873e+01
1.188055012858431070e+01
1.188062119927453786e+01
1.188061187630129112e+01
1.188052869035157144e+01
1.188040909586571559e+01
1.188030405909650966e+01
1.188025637275510249e+01
1.188028421158528936e+01
1.188037512339104929e+01
1.188049176534346429e+01
1.188058665725871066e+01
1.188062039357625288e+01
1.188057758998917635e+01
1.188047416223426112e+01
1.188035245650534222e+01
1.188026477664520897e+01
1.188025077954852016e+01
1.188031892156267411e+01
1.188044080589615348e+01
1.188056269011006449e+01
1.188062976268316007e+01
1.188061158246947357e+01
1.188051656988505478e+01
1.188038783419528066e+01
1.188028280368877532e+01
1.188024688070981583e+01
1.188029359989347000e+01
1.188040042634385607e+01
1.188052035573690013e+01
1.188060302915234168e+01
1.188061550512952458e+01
1.188055427065801339e+01
1.188044536971406195e+01
1.188033334368647331e+01
1.188026389138039818e+01
1.188026620769101882e+01
1.188034085527158190e+01
1.188045837411356054e+01
1.188056978333026592e+01
1.188062646063183969e+01
1.188060169901405416e+01
1.188050399758750508e+01
1.188037522180948713e+01
1.188027260671582575e+01
1.188024264020042153e+01
1.188029917583732420e+01
1.188041660950113965e+01
1.188054204472130593e+01
1.188061991925236960e+01
1.188061727528460665e+01
1.188053756002540240e+01
1.188041721292477604e+01
1.188030833652394413e+01
1.188025588398291887e+01
1.188027982640579161e+01
1.188036864039246332e+01
1.188048518135826370e+01
1.188058194701633141e+01
1.188061935999397178e+01
1.188058123489073559e+01
1.188048184342732050e+01
1.188036139690787962e+01
1.188027084727810667e+01
1.188025051951562894e+01
1.188031168004527949e+01
1.188042966866790273e+01
1.188055314490106795e+01
1.188062678533838223e+01
1.188061680733564174e+01
1.188052727290505928e+01
1.188039852471151825e+01
1.188028827163796031e+01
1.188024494449404855e+01
1.188028591974456027e+01
1.188039109867149001e+01
1.188051354848605001e+01
1.188060102989348366e+01
1.188061826255326103e+01
1.188056015336086801e+01
1.188045220024714688e+01
1.188033908958737683e+01
1.188026678481159948e+01
1.188026495996663989e+01
1.188033525284634173e+01
1.188044994671245291e+01
1.188056188402517677e+01
1.188062300594833864e+01
1.188060508301896512e+01
1.188051333624397010e+01
1.188038625284410088e+01
1.188027975803574066e+01
1.188024206032289420e+01
1.188029103482855042e+01
1.188040509009736745e+01
1.188053297274609577e+01
1.188061758938261647e+01
1.188062225141594297e+01
1.188054680516157369e+01
1.188042611460364562e+01
1.188031318484135745e+01
1.188025540834867044e+01
1.188027505650184956e+01
1.188036182487829251e+01
1.188047865772245615e+01
1.188057759207829633e+01
1.188061855721738169e+01
1.188058463542446042e+01
1.188048886500416934e+01
1.188036976471427586e+01
1.188027696121674026e+01
1.188025103826245754e+01
1.188030549516847323e+01
1.188041911764332959e+01
1.188054325439095216e+01
1.188062269948362726e+01
1.188062088846374209e+01
1.188053756308039155e+01
1.188040977984689661e+01
1.188029486670109236e+01
1.188024391406124636e+01
1.188027836809273197e+01
1.188038115918444149e+01
1.188050592227344104e+01
1.188059860704650461e+01
1.188062117912329718e+01
1.188056648607354049e+01
1.188045929569455517e+01
1.188034468138891953e+01
1.188026932815416359e+01
1.188026360029253325e+01
1.188033002934414206e+01
1.188044217658813650e+01
1.188055437051723118e+01
1.188061924581846185e+01
1.188060754132606789e+01
1.188052173020648894e+01
1.188039701798598635e+01
1.188028758018703357e+01
1.188024269557420176e+01
1.188028383951341382e+01
1.188039361790756310e+01
1.188052304127868553e+01
1.188061409854731743e+01
1.188062654931874285e+01
1.188055622850143855e+01
1.188043581062515130e+01
1.188031880934289575e+01
1.188025517076474458e+01
1.188026996759136189e+01
1.188035453393876750e+01
1.188047196258363059e+01
1.188057347037235267e+01
1.188061807106809908e+01
1.188058801986987234e+01
1.188049540866769149e+01
1.188037753879129710e+01
1.188028290858157021e+01
1.188025209675119420e+01
1.188030029607951477e+01
1.188040931224528585e+01
1.188053328658236651e+01
1.188061767770032162e+01
1.188062376154453936e+01
1.188054719172297524e+01
1.188042135741735628e+01
1.188030253778736522e+01
1.188024396890132195e+01
1.188027120524487046e+01
1.188037074878539912e+01
1.188049739169373176e+01
1.188059552377365868e+01
1.188062406491930467e+01
1.188057327219410020e+01
1.188046684842746359e+01
1.188035033594758438e+01
1.188027158040584652e+01
1.188026198349152018e+01
1.188032494932748229e+01
1.188043493843705711e+01
1.188054733420380771e+01
1.188061542024304984e+01
1.188060927488119489e+01
1.188052917095976113e+01
1.188040730320498461e+01
1.188029581483801778e+01
1.188024444538212343e+01
1.188027773139111254e+01
1.188038246338951431e+01
1.188051244547619412e+01
1.188060941458012465e+01
1.188062993859582406e+01
1.188056558750777114e+01
1.188044622965179897e+01
1.188032536362304370e+01
1.188025541700531029e+01
1.188026469836544585e+01
1.188034669425429435e+01
1.188046487191700606e+01
1.188056940008753415e+01
1.188061790997398859e+01
1.188059158089020784e+01
1.188050169453418548e+01
1.188038477734963294e+01
1.188028853642506100e+01
1.188025344595696353e+01
1.188029593962217234e+01
1.188040033840580278e+01
1.188052349131583796e+01
1.188061194515964658e+01
1.188062544527829090e+01
1.188055595427674760e+01
1.188043298881094145e+01
1.188031115526231751e+01
1.188024522151415852e+01
1.188026469065696489e+01
1.188036007109150560e+01
1.188048795070461949e+01
1.188059157277383449e+01
1.188062668757845586e+01
1.188058043605932923e+01
1.188047499623364267e+01
1.188035628728462356e+01
1.188027367260177058e+01
1.188026003440275069e+01
1.188031978953150514e+01
1.188042804873225577e+01
1.188054078798691116e+01
1.188061173078196298e+01
1.188061051889086883e+01
1.188053573049569778e+01
1.188041695422813149e+01
1.188030419809210514e+01
1.188024713926537679e+01
1.188027277510685842e+01
1.188037187498019698e+01
1.188050142853662194e+01
1.188060358850027853e+01
1.188063223747257879e+01
1.188057461704721085e+01
1.188045722500583246e+01
1.188033293161778658e+01
1.188025638780299253e+01
1.188025944749701246e+01
1.188033831102376858e+01
1.188045719547577761e+01
1.188056515947625513e+01
1.188061800424648240e+01
1.188059545469038270e+01
1.188050795566113038e+01
1.188039161052235748e+01
1.188029376293569328e+01
1.188025485301161233e+01
1.188029222700498622e+01
1.188039220136803209e+01
1.188051407697819606e+01
1.188060575663067020e+01
1.188062603882191581e+01
1.188056370978740262e+01
1.188044440395658086e+01
1.188032052335861621e+01
1.188024770505699124e+01
1.188025905745153388e+01
1.188034937376479760e+01
1.188047767482290240e+01
1.188058659958886487e+01
1.188062879558767371e+01
1.188058782944699132e+01
1.188048380609182075e+01
1.188036275994261359e+01
1.188027579408164947e+01
1.188025775564804221e+01
1.188031436396013696e+01
1.188042128701939859e+01
1.188053466619355447e+01
1.188060832084784835e+01
1.188061151701270646e+01
1.188054155215182206e+01
1.188042589039265451e+01
1.188031248587904720e+01
1.188025055501523575e+01
1.188026895258989413e+01
1.188036205590295324e+01
1.188049025874147802e+01
1.188059674982727998e+01
1.188063333178729408e+01
1.188058305446141105e+01
1.188046858791043192e+01
1.188034151716137465e+01
1.188025829294765856e+01
1.188025445460750085e+01
1.188032946872384343e+01
1.188044879903895890e+01
1.188056051125242796e+01
1.188061821313722177e+01
1.188059970634941998e+01
1.188051441127790220e+01
1.188039822524102540e+01
1.188029858463537103e+01
1.188025612513741969e+01
1.188028892643600720e+01
1.188038482674994256e+01
1.188050519132357863e+01
1.188059937094151941e+01
1.188062571056998351e+01
1.188057039420369243e+01
1.188045535631550642e+01
1.188033039917281997e+01
1.188025136942679794e+01
1.188025448913143300e+01
1.188033892558999582e+01
1.188046671482660521e+01
1.188058052041106194e+01
1.188063014401417128e+01
1.188059524524476629e+01
1.188049326560438423e+01
1.188036994316906991e+01
1.188027817248818252e+01
1.188025522763274644e+01
1.188030854461547392e+01
1.188041442138586667e+01
1.188052883250989922e+01
1.188060526197718225e+01
1.188061249511627793e+01
1.188054683366796205e+01
1.188043411128338001e+01
1.188032047700535188e+01
1.188025444205106673e+01
1.188026616593922924e+01
1.188035314519759744e+01
1.188047920434918581e+01
1.188058909368924709e+01
1.188063318707967753e+01
1.188059066473968706e+01
1.188048006674810608e+01
1.188035104212408477e+01
1.188026128826919248e+01
1.188024997684665074e+01
1.188032032391749304e+01
1.188043962044685564e+01
1.188055522907769124e+01
1.188061833908058418e+01
1.188060432256471977e+01
1.188052124175293756e+01
1.188040484377903816e+01
1.188030307585456136e+01
1.188025712904202003e+01
1.188028579913982696e+01
1.188037807002989865e+01
1.188049690822172266e+01
1.188059302555251229e+01
1.188062467960494395e+01
1.188057602587190864e+01
1.188046564562979412e+01
1.188034051608100938e+01
1.188025608622488249e+01
1.188025110102335802e+01
1.188032899136845977e+01
1.188045528291457664e+01
1.188057333228455725e+01
1.188063052010370058e+01
1.188060243695608165e+01
1.188050328274013268e+01
1.188037796888459496e+01
1.188028104933182405e+01
1.188025260088674884e+01
1.188030227580637721e+01
1.188040723526764175e+01
1.188052309539141937e+01
1.188060254728620535e+01
1.188061363741222465e+01
1.188055180431407365e+01
1.188044169522976645e+01
1.188032803178597341e+01
1.188025854727233899e+01
1.188026424885671339e+01
1.188034520498371549e+01
1.188046850867497639e+01
1.188058086136103952e+01
1.188063185223277607e+01
1.188059726336214794e+01
1.188049139037559421e+01
1.188036135315019060e+01
1.188026545817533552e+01
1.188024626324330768e+01
1.188031109102512772e+01
1.188042967778350345e+01
1.188054912324015433e+01
1.188061814791763560e+01
1.188060921230714051e+01
1.188052856802248947e+01
1.188041169819730669e+01
1.188030738033753053e+01
1.188025780404898413e+01
1.188028262576892757e+01
1.188037173363444055e+01
1.188048922168907140e+01
1.188058691367874431e+01
1.188062319203484307e+01
1.188058070235219965e+01
1.188047513632011309e+01
1.188035060912079111e+01
1.188026166197907330e+01
1.188024892863490578e+01
1.188031980693390999e+01
1.188044363296925887e+01
1.188056511458147568e+01
1.188062976599213449e+01
1.188060914225897946e+01
1.188051369363804710e+01
1.188038689589560093e+01
1.188028465358729591e+01
1.188025008139251248e+01
1.188029558080785186e+01
1.188039955251944946e+01
1.188051722958289957e+01
1.188060009272124873e+01
1.188061506730845451e+01
1.188055669873292430e+01
1.188044878951397010e+01
1.188033508462249799e+01
1.188026264062708037e+01
1.188026298539076286e+01
1.188033821548793334e+01
1.188045836762705498e+01
1.188057231648920009e+01
1.188062945414955429e+01
1.188060273440428993e+01
1.188050229327378027e+01
1.188037223602474057e+01
1.188027080577484185e+01
1.188024352935586236e+01
1.188030202245981215e+01
1.188041906907830558e+01
1.188054206258678747e+01
1.188061739329121558e+01
1.188061421519991967e+01
1.188053643757666222e+01
1.188041900356387970e+01
1.188031169554144384e+01
1.188025816791625644e+01
1.188027923029078359e+01
1.188036558986303604e+01
1.188048204797024709e+01
1.188058116602730863e+01
1.188062149493479325e+01
1.188058458868290046e+01
1.188048376965757846e+01
1.188036043985776580e+01
1.188026785800847129e+01
1.188024792438961441e+01
1.188031155670179473e+01
1.188043203697443673e+01
1.188055602177183623e+01
1.188062779592747731e+01
1.188061510849001934e+01
1.188052427748802131e+01
1.188039670201668763e+01
1.188028917620653324e+01
1.188024791011985037e+01
1.188028856049150406e+01
1.188039125790003681e+01
1.188051100158987161e+01
1.188059774606314889e+01
1.188061683470941254e+01
1.188056173049373321e+01
1.188045559305921550e+01
1.188034164933457504e+01
1.188026653784276299e+01
1.188026213384801544e+01
1.188033207862747354e+01
1.188044891180933327e+01
1.188056371954520785e+01
1.188062618412039306e+01
1.188060704180777094e+01
1.188051254023648085e+01
1.188038343594826962e+01
1.188027725169390436e+01
1.188024193491465041e+01
1.188029338491016951e+01
1.188040796385920572e+01
1.188053399014468603e+01
1.188061584283375716e+01
1.188061911679005256e+01
1.188054481824967645e+01
1.188042693301765595e+01
1.188031625098316013e+01
1.188025831491980888e+01
1.188027549890471235e+01
1.188035940712342864e+01
1.188047523572373620e+01
1.188057583878785906e+01
1.188061981072619844e+01
1.188058789833166173e+01
1.188049156826410879e+01
1.188036981844436468e+01
1.188027441459794531e+01
1.188024796321829868e+01
1.188030435606942170e+01
1.188042075981153189e+01
1.188054626852876616e+01
1.188062460591190472e+01
1.188062011764039028e+01
1.188053477693077475e+01
1.188040728478583397e+01
1.188029474847012423e+01
1.188024633859185464e+01
1.188028138429830882e+01
1.188038231079922546e+01
1.188050419636197041e+01
1.188059530299099720e+01
1.188061891079530064e+01
1.188056706827499376e+01
1.188046233333254698e+01
1.188034781655666983e+01
1.188027011821432843e+01
1.188026145310590387e+01
1.188032662997800770e+01
1.188044019497698578e+01
1.188055530301156537e+01
1.188062227756876332e+01
1.188061023234737235e+01
1.188052194832910580e+01
1.188039468154016731e+01
1.188028464164238507e+01
1.188024156701006717e+01
1.188028543391368430e+01
1.188039658769045737e+01
1.188052493067808335e+01
1.188061330339029276e+01
1.188062366932302716e+01
1.188055360017506956e+01
1.188043559747787370e+01
1.188032128274798360e+01
1.188025840633176244e+01
1.188027139224056405e+01
1.188035297648283795e+01
1.188046858351182777e+01
1.188057090900421642e+01
1.188061831458996309e+01
1.188059086904374695e+01
1.188049863218105884e+01
1.188037862090556551e+01
1.188028107682507439e+01
1.188024885641965511e+01
1.188029824066225260e+01
1.188041003472704560e+01
1.188053610898665546e+01
1.188062027455938008e+01
1.188062400829915077e+01
1.188054492200870627e+01
1.188041847043916732e+01
1.188030142667333422e+01
1.188024560283180620e+01
1.188027427449728357e+01
1.188037275095086365e+01
1.188049664217782997e+01
1.188059252883343220e+01
1.188062119065768485e+01
1.188057281716063862e+01
1.188046924002735238e+01
1.188035374318488913e+01
1.188027333592807366e+01
1.188026072837383929e+01
1.188032165793684847e+01
1.188043219014274676e+01
1.188054724957671837e+01
1.188061798956254655e+01
1.188061242973344811e+01
1.188053040394616566e+01
1.188040571017925906e+01
1.188029276173218207e+01
1.188024243084388232e+01
1.188027838913251166e+01
1.188038520137908094e+01
1.188051498950404117e+01
1.188060964245469364e+01
1.188062761616973617e+01
1.188056260548892062e+01
1.188044503217778392e+01
1.188032700689122478e+01
1.188025865401360548e+01
1.188026694988244714e+01
1.188034613550355978e+01
1.188046186290121575e+01
1.188056627784660613e+01
1.188061711701333856e+01
1.188059373638921201e+01
1.188050512663330416e+01
1.188038680004248171e+01
1.188028761940092082e+01
1.188025037219529345e+01
1.188029316381489764e+01
1.188040004175564590e+01
1.188052581244311412e+01
1.188061495510905274e+01
1.188062669210056299e+01
1.188055445546849498e+01
1.188043002995828701e+01
1.188030918486132492e+01
1.188024589839665346e+01
1.188026748513539488e+01
1.188036269582848803e+01
1.188048823084833394e+01
1.188058918394833796e+01
1.188062350350623575e+01
1.188057900682148471e+01
1.188047651854694031e+01
1.188035963467091172e+01
1.188027622399047800e+01
1.188025979369876595e+01
1.188031692799154193e+01
1.188042479398333562e+01
1.188053967531259225e+01
1.188061356881398645e+01
1.188061382040653768e+01
1.188053787307794451e+01
1.188041629230373530e+01
1.188030135968103096e+01
1.188024444918125511e+01
1.188027241282922830e+01
1.188037407684506874e+01
1.188050434295776370e+01
1.188060480329557222e+01
1.188063071763909129e+01
1.188057160471088913e+01
1.188045519132920802e+01
1.188033359475085504e+01
1.188025929851390394e+01
1.188026228702548615e+01
1.188033878677524235e+01
1.188045484473095925e+01
1.188056178164439380e+01
1.188061625298262847e+01
1.188059670797103173e+01
1.188051126262712742e+01
1.188039438876321618e+01
1.188029386815774302e+01
1.188025226045725979e+01
1.188028900277819844e+01
1.188039089121608072e+01
1.188051563794441456e+01
1.188060885965853331e+01
1.188062816268471700e+01
1.188056315710514710e+01
1.188044170040036462e+01
1.188031791634462664e+01
1.188024735928548736e+01
1.188026127754101147e+01
1.188035233028385740e+01
1.188047893094783447e+01
1.188058505011381172e+01
1.188062562953489731e+01
1.188058558752667437e+01
1.188048432628998796e+01
1.188036572181048278e+01
1.188027889036827744e+01
1.188025854904465106e+01
1.188031220933398835e+01
1.188041783936049889e+01
1.188053261941412053e+01
1.188060923286507098e+01
1.188061463267960249e+01
1.188054440345402263e+01
1.188042625247829598e+01
1.188031016950868590e+01
1.188024747059639097e+01
1.188026759389806131e+01
1.188036347184661068e+01
1.188049322179084832e+01
1.188059881194890188e+01
1.188063277558983977e+01
1.188058033820078840e+01
1.188046595123416793e+01
1.188034115300692406e+01
1.188026058371121962e+01
1.188025758370160645e+01
1.188033090932869129e+01
1.188044732562148198e+01
1.188055720982439745e+01
1.188061567873418056e+01
1.188059994103674377e+01
1.188051727250045886e+01
1.188040149524772815e+01
1.188029971627072356e+01
1.188025427908035070e+01
1.188028557310367717e+01
1.188038261404117613e+01
1.188050581011865248e+01
1.188060223755021205e+01
1.188062849595542403e+01
1.188057086479476254e+01
1.188045320934417504e+01
1.188032744366094740e+01
1.188025004319190359e+01
1.188025589465726739e+01
1.188034188965555771e+01
1.188046879273610834e+01
1.188057995503537967e+01
1.188062732197771965e+01
1.188059243415088595e+01
1.188049275431838758e+01
1.188037223445430612e+01
1.188028150652442783e+01
1.188025697046486151e+01
1.188030730076814301e+01
1.188041111482001000e+01
1.188052604155413405e+01
1.188060514682835134e+01
1.188061511168695361e+01
1.188055011804157601e+01
1.188043548528742832e+01
1.188031893714777532e+01
1.188025128554221865e+01
1.188026393936774383e+01
1.188035360588898826e+01
1.188048188942193306e+01
1.188059177530405108e+01
1.188063365417841588e+01
1.188058854071307202e+01
1.188047712124792632e+01
1.188034971072430857e+01
1.188026273057319671e+01
1.188025306752939692e+01
1.188032256201001147e+01
1.188043915167731157e+01
1.188055232812646267e+01
1.188061527633977654e+01
1.188060352569418576e+01
1.188052338323634771e+01
1.188040829014248700e+01
1.188030513382180864e+01
1.188025621878422200e+01
1.188028264965698177e+01
1.188037516015837980e+01
1.188049649845308764e+01
1.188059535038140879e+01
1.188062784147989603e+01
1.188057748998183527e+01
1.188046430012229315e+01
1.188033753567669315e+01
1.188025392484407305e+01
1.188025153674536405e+01
1.188033163801047287e+01
1.188045794449028492e+01
1.188057379214622067e+01
1.188062833235620630e+01
1.188059935764995245e+01
1.188050181626590351e+01
1.188037937509361264e+01
1.188028428922827295e+01
1.188025511262107337e+01
1.188030205305063802e+01
1.188040438904777218e+01
1.188051982728273259e+01
1.188060140758411976e+01
1.188061549299300168e+01
1.188055520037957180e+01
1.188044396442481698e+01
1.188032744447316524e+01
1.188025564832964420e+01
1.188026137451178599e+01
1.188034463964582166e+01
1.188047061728703824e+01
1.188058387066517341e+01
1.188063329433545690e+01
1.188059596682168539e+01
1.188048846128657487e+01
1.188035921474477874e+01
1.188026591290538292e+01
1.188024899146935809e+01
1.188031387877257927e+01
1.188043023668151932e+01
1.188054690475703268e+01
1.188061486574831349e+01
1.188060747520419369e+01
1.188052979058532799e+01
1.188041498687520559e+01
1.188031016980964338e+01
1.188025792417237803e+01
1.188027999187588435e+01
1.188036840536618222e+01
1.188048780195396148e+01
1.188058844629383159e+01
1.188062640603891218e+01
1.188058302578647485e+01
1.188047475554000165e+01
1.188034792982581322e+01
1.188025889820176673e+01
1.188024834104758831e+01
1.188032184349135001e+01
1.188044658092834993e+01
1.188056653335952362e+01
1.188062843644679667e+01
1.188060612286093409e+01
1.188051144543080184e+01
1.188038729534969740e+01
1.188028747725783596e+01
1.188025310355302899e+01
1.188029638538911570e+01
1.188039743758999300e+01
1.188051380118518630e+01
1.188059803482502552e+01
1.188061597771942957e+01
1.188055987330409025e+01
1.188045174383963953e+01
1.188033552955051064e+01
1.188026030246352605e+01
1.188025975169034432e+01
1.188033666002324651e+01
1.188045965961621064e+01
1.188057532816438844e+01
1.188063172016615354e+01
1.188060241480449442e+01
1.188049970405705835e+01
1.188036953376965599e+01
1.188027023788261616e+01
1.188024560859768997e+01
1.188030505659125069e+01
1.188042057285711550e+01
1.188054073666140376e+01
1.188061422328103056e+01
1.188061172408223953e+01
1.188053663684770456e+01
1.188042181708167710e+01
1.188031494624652495e+01
1.188025930900531968e+01
1.188027737036265918e+01
1.188036216619135743e+01
1.188047974071870350e+01
1.188058173605705470e+01
1.188062443131179613e+01
1.188058754658787031e+01
1.188048441790828669e+01
1.188035835710934940e+01
1.188026478721164736e+01
1.188024636775575615e+01
1.188031275301306344e+01
1.188043494517122234e+01
1.188055823332871164e+01
1.188062745822392685e+01
1.188061247098396578e+01
1.188052150007322361e+01
1.188039607801405317e+01
1.188029130528984645e+01
1.188025113215571871e+01
1.188029029461011454e+01
1.188039006878682002e+01
1.188050774669123655e+01
1.188059496976781482e+01
1.188061671170253852e+01
1.188056437351260541e+01
1.188045895052243495e+01
1.188034310132318616e+01
1.188026500656202877e+01
1.188025886699494649e+01
1.188032967259039374e+01
1.188044922993362107e+01
1.188056640811634601e+01
1.188062903641645818e+01
1.188060774652629803e+01
1.188051057986062453e+01
1.188038047044987522e+01
1.188027573362794698e+01
1.188024314634020229e+01
1.188029633724312539e+01
1.188041023325812873e+01
1.188053367293964158e+01
1.188061310496011025e+01
