1.188024147592621560e+01
1.188024677525470985e+01
1.188026147393807719e+01
1.188028231804360324e+01
1.188030487948106462e+01
1.188032465028136642e+01
1.188033801640137987e+01
1.188034284495473436e+01
1.188033862869983359e+01
1.188032633843541852e+01
1.188030814516102929e+01
1.188028710842841917e+01
1.188026684954772882e+01
1.188025111026878378e+01
1.188024311620341855e+01
1.188024483888256633e+01
1.188025636517461869e+01
1.188027562661751269e+01
1.188029870961467083e+01
1.188032074018191331e+01
1.188033707473375244e+01
1.188034443323932088e+01
1.188034162051937770e+01
1.188032962202640874e+01
1.188031114728044280e+01
1.188028987738918119e+01
1.188026967721815730e+01
1.188025397945542672e+01
1.188024539807379298e+01
1.188024546313550012e+01
1.188025439117852500e+01
1.188027091450526918e+01
1.188029225978252867e+01
1.188031443616091920e+01
1.188033294216085700e+01
1.188034377481042547e+01
1.188034445625734037e+01
1.188033474910640663e+01
1.188031676850856577e+01
1.188029442027131211e+01
1.188027238644354355e+01
1.188025500074649443e+01
1.188024534949726174e+01
1.188024483082524796e+01
1.188025316225657946e+01
1.188026865467269033e+01
1.188028858905370200e+01
1.188030959289040567e+01
1.188032801111784131e+01
1.188034038113729274e+01
1.188034406006348220e+01
1.188033788541407354e+01
1.188032266513526736e+01
1.188030125403524373e+01
1.188027804329675696e+01
1.188025794810370606e+01
1.188024520088414349e+01
1.188024231647325912e+01
1.188024956442829172e+01
1.188026509265042030e+01
1.188028555518699392e+01
1.188030696303870215e+01
1.188032549038758034e+01
1.188033804066593468e+01
1.188034255977891895e+01
1.188033822389292027e+01
1.188032557431502667e+01
1.188030657892160136e+01
1.188028453169232534e+01
1.188026363506481076e+01
1.188024820526297987e+01
1.188024166677064741e+01
1.188024562765229142e+01
1.188025935537715405e+01
1.188027990108867904e+01
1.188030285695057486e+01
1.188032346941556128e+01
1.188033775429913419e+01
1.188034328333747425e+01
1.188033945816431469e+01
1.188032734767138088e+01
1.188030929227990029e+01
1.188028844258942485e+01
1.188026833868611654e+01
1.188025251348982181e+01
1.188024400719572782e+01
1.188024477811277180e+01
1.188025514156175078e+01
1.188027343406852765e+01
1.188029613239227444e+01
1.188031854164386125e+01
1.188033589576668803e+01
1.188034453876253238e+01
1.188034282274911213e+01
1.188033141945314064e+01
1.188031298115578238e+01
1.188029136189844515e+01
1.188027069663677260e+01
1.188025461073448952e+01
1.188024573054534372e+01
1.188024545920541186e+01
1.188025387958037804e+01
1.188026972107784651e+01
1.188029040424026661e+01
1.188031225482447439e+01
1.188033103135239266e+01
1.188034277242055836e+01
1.188034476182586019e+01
1.188033632075515555e+01
1.188031912125097911e+01
1.188029683111114920e+01
1.188027419046354716e+01
1.188025583769397464e+01
1.188024524491793521e+01
1.188024407803474425e+01
1.188025210265836762e+01
1.188026749963250595e+01
1.188028737266303736e+01
1.188030827444080373e+01
1.188032664947778905e+01
1.188033923740992570e+01
1.188034354482110722e+01
1.188033837055588826e+01
1.188032425041132001e+01
1.188030363012109980e+01
1.188028055739873956e+01
1.188025984612126784e+01
1.188024592902328536e+01
1.188024174248532105e+01
1.188024799983092805e+01
1.188026310967316412e+01
1.188028371808377770e+01
1.188030561328089263e+01
1.188032468387611473e+01
1.188033765886808979e+01
1.188034249733702019e+01
1.188033851091856619e+01
1.188032636037878120e+01
1.188030798642138386e+01
1.188028646691224033e+01
1.188026570111969349e+01
1.188024979695562067e+01
1.188024220727955438e+01
1.188024483865515180e+01
1.188025741785659051e+01
1.188027740090542927e+01
1.188030054374747380e+01
1.188032195711955552e+01
1.188033730131176213e+01
1.188034375922540953e+01
1.188034050140535669e+01
1.188032859445883105e+01
1.188031053988627761e+01
1.188028967000822078e+01
1.188026958134187971e+01
1.188025369201722192e+01
1.188024485127200869e+01
1.188024490547694434e+01
1.188025425785413702e+01
1.188027155162434134e+01
1.188029366305137913e+01
1.188031618390548694e+01
1.188033436948764887e+01
1.188034429142272685e+01
1.188034384823253298e+01
1.188033329177194375e+01
1.188031507513528240e+01
1.188029312693088890e+01
1.188027185019350362e+01
1.188025516277392413e+01
1.188024584130385364e+01
1.188024524969097939e+01
1.188025332797924705e+01
1.188026870123983336e+01
1.188028884564466736e+01
1.188031031801115489e+01
1.188032915765218789e+01
1.188034155566527339e+01
1.188034469968259010e+01
1.188033756190081647e+01
1.188032135266648837e+01
1.188029938601829194e+01
1.188027631738596668e+01
1.188025699557537429e+01
1.188024528867086538e+01
1.188024324140184085e+01
1.188025080595286909e+01
1.188026611780758302e+01
1.188028609042180150e+01
1.188030709458956835e+01
1.188032553852513118e+01
1.188033828854515406e+01
1.188034302730603287e+01
1.188033862752451242e+01
1.188032549164034357e+01
1.188030573451491634e+01
1.188028302687872539e+01
1.188026196038921078e+01
1.188024702628283968e+01
1.188024149727105794e+01
1.188024655731473089e+01
1.188026099701154159e+01
1.188028159351519086e+01
1.188030399423122319e+01
1.188032378089480900e+01
1.188033739243129716e+01
1.188034266699386876e+01
1.188033898170366420e+01
1.188032714642168486e+01
1.188030919002134489e+01
1.188028810851269590e+01
1.188026756278937235e+01
1.188025140984805894e+01
1.188024300810761247e+01
1.188024442416752535e+01
1.188025577281473133e+01
1.188027495862688809e+01
1.188029802940348567e+01
1.188032009890817697e+01
1.188033654757387758e+01
1.188034413422847102e+01
1.188034167339352010e+01
1.188033009609941182e+01
1.188031199769727309e+01
1.188029092687484400e+01
1.188027065725170139e+01
1.188025462190749337e+01
1.188024553472298983e+01
1.188024508344509833e+01
1.188025363522051769e+01
1.188027000717379345e+01
1.188029141942929101e+01
1.188031380654734370e+01
1.188033257633210127e+01
1.188034366429804756e+01
1.188034457909733099e+01
1.188033510072854959e+01
1.188031735066210892e+01
1.188029519914218390e+01
1.188027325402198819e+01
1.188025577043398684e+01
1.188024580305268074e+01
1.188024480304111563e+01
1.188025261869232097e+01
1.188026772097509820e+01
1.188028751525505555e+01
1.188030866352374559e+01
1.188032744323645495e+01
1.188034026069131599e+01
1.188034433933801459e+01
1.188033843310057946e+01
1.188032333826028974e+01
1.188030194823977226e+01
1.188027869698540862e+01
1.188025851225759766e+01
1.188024560377183114e+01
1.188024245462837847e+01
1.188024933824364382e+01
1.188026446963025862e+01
1.188028462017240017e+01
1.188030592260995277e+01
1.188032461819997820e+01
1.188033758029719600e+01
1.188034263272690083e+01
1.188033878772134244e+01
1.188032644690873241e+01
1.188030751675712970e+01
1.188028532266229398e+01
1.188026415758993437e+01
1.188024843300947708e+01
1.188024163092393337e+01
1.188024536621002802e+01
1.188025888661008267e+01
1.188027923999058189e+01
1.188030205674891171e+01
1.188032265410826405e+01
1.188033711337491560e+01
1.188034301607754450e+01
1.188033968920772843e+01
1.188032806041737999e+01
1.188031031599944143e+01
1.188028950413768392e+01
1.188026916083145679e+01
1.188025291217470247e+01
1.188024394125548611e+01
1.188024433654478784e+01
1.188025448199828382e+01
1.188027270833600646e+01
1.188029544259792303e+01
1.188031794361114990e+01
1.188033543282158888e+01
1.188034427569438023e+01
1.188034284871658741e+01
1.188033180719439308e+01
1.188031372661849261e+01
1.188029234437878934e+01
1.188027168801890632e+01
1.188025534204924583e+01
1.188024599123228953e+01
1.188024517866861807e+01
1.188025315213846156e+01
1.188026876495474760e+01
1.188028947301034854e+01
1.188031154639943665e+01
1.188033063966864944e+01
1.188034269446335323e+01
1.188034494355108173e+01
1.188033670917251783e+01
1.188031968562782836e+01
1.188029754178185016e+01
1.188027497849705405e+01
1.188025656861595358e+01
1.188024573340926615e+01
1.188024415054073124e+01
1.188025167867322196e+01
1.188026664554093692e+01
1.188028629811418568e+01
1.188030726598691267e+01
1.188032596710968036e+01
1.188033902533558361e+01
1.188034379701424292e+01
1.188033895878630908e+01
1.188032499585374246e+01
1.188030437777261739e+01
1.188028121216713728e+01
1.188026036182081313e+01
1.188024627118296728e+01
1.188024185623570261e+01
1.188024781330014079e+01
1.188026257849294076e+01
1.188028288119844511e+01
1.188030462198416259e+01
1.188032377936765016e+01
1.188033709587211462e+01
1.188034244622935098e+01
1.188033898900949836e+01
1.188032722439559841e+01
1.188030898941374858e+01
1.188028735433060490e+01
1.188026629681823465e+01
1.188025003926624912e+01
1.188024213007801322e+01
1.188024451788001556e+01
1.188025691964422137e+01
1.188027676648341391e+01
1.188029981464663720e+01
1.188032121380000561e+01
1.188033668305826751e+01
1.188034344046574198e+01
1.188034062435888494e+01
1.188032919363931583e+01
1.188031150209601883e+01
1.188029075422153724e+01
1.188027049782976086e+01
1.188025420733313808e+01
1.188024486655032597e+01
1.188024447469200595e+01
1.188025354482582152e+01
1.188027075023247470e+01
1.188029292547398619e+01
1.188031559347074406e+01
1.188033395919090829e+01
1.188034408428380573e+01
1.188034388684278575e+01
1.188033362863159681e+01
1.188031572601615515e+01
1.188029402090966080e+01
1.188027281160876569e+01
1.188025594617826108e+01
1.188024621514034607e+01
1.188024508939611934e+01
1.188025267005883379e+01
1.188026773321273311e+01
1.188028783461917648e+01
1.188030951028919624e+01
1.188032870068690450e+01
1.188034147526419915e+01
1.188034493085009835e+01
1.188033800884111280e+01
1.188032193866863118e+01
1.188030006198870581e+01
1.188027703329355056e+01
1.188025766385634263e+01
1.188024577084884115e+01
1.188024338007265612e+01
1.188025049448089376e+01
1.188026536782590625e+01
1.188028505738515328e+01
1.188030604223154008e+01
1.188032474940234451e+01
1.188033796123107777e+01
1.188034321137531535e+01
1.188033922201728920e+01
1.188032630228205555e+01
1.188030655925743595e+01
1.188028372247236142e+01
1.188026245979506612e+01
1.188024731270956558e+01
1.188024156105609208e+01
1.188024636980354920e+01
1.188026052618281270e+01
1.188028085119003130e+01
1.188030307933364860e+01
1.188032288651473500e+01
1.188033675938560307e+01
1.188034249574213241e+01
1.188033934708101746e+01
1.188032795944057085e+01
1.188031022526944191e+01
1.188028908814904661e+01
1.188026825776170270e+01
1.188025170743086534e+01
1.188024292071102117e+01
1.188024404683282498e+01
1.188025521816130414e+01
1.188027431073490803e+01
1.188029734205097654e+01
1.188031942691550036e+01
1.188033598115104361e+01
1.188034380567493820e+01
1.188034171780683934e+01
1.188033058178447554e+01
1.188031286837571976e+01
1.188029199081567988e+01
1.188027163750302861e+01
1.188025525314085229e+01
1.188024566029679185e+01
1.188024470533717292e+01
1.188025289865838729e+01
1.188026913043043820e+01
1.188029060535072290e+01
1.188031318346233434e+01
1.188033219089739845e+01
1.188034351482074769e+01
1.188034466074413587e+01
1.188033542732013181e+01
1.188031793366421240e+01
1.188029600127114982e+01
1.188027415320472180e+01
1.188025656356743553e+01
1.188024626253601923e+01
1.188024476615375136e+01
1.188025206244136633e+01
1.188026678367068101e+01
1.188028645240424375e+01
1.188030775378704362e+01
1.188032688996147535e+01
1.188034013694761803e+01
1.188034459352195427e+01
1.188033894253216971e+01
1.188032397738793300e+01
1.188030262934169379e+01
1.188027936517863914e+01
1.188025911176426774e+01
1.188024604604083478e+01
1.188024261846603657e+01
1.188024911508856007e+01
1.188026383070167746e+01
1.188028366335873365e+01
1.188030486871957336e+01
1.188032374745533026e+01
1.188033713143003567e+01
1.188034271488982441e+01
1.188033934690080962e+01
1.188032729803195409e+01
1.188030842507893148e+01
1.188028609209612263e+01
1.188026468038794548e+01
1.188024868632597020e+01
1.188024163633013508e+01
1.188024514336641069e+01
1.188025843662855685e+01
1.188027857102049367e+01
1.188030122844772762e+01
1.188032180619805622e+01
1.188033645135028671e+01
1.188034274638456367e+01
1.188033993170743408e+01
1.188032878598788855e+01
1.188031134189728455e+01
1.188029055373564269e+01
1.188026996464871488e+01
1.188025330016818693e+01
1.188024388363079531e+01
1.188024392357150205e+01
1.188025386032050612e+01
1.188027201183816928e+01
1.188029475852339267e+01
1.188031732415566566e+01
1.188033493099791471e+01
1.188034397440924117e+01
1.188034285376358845e+01
1.188033219759639003e+01
1.188031449198003742e+01
1.188029334962908834e+01
1.188027269144642872e+01
1.188025607018726859e+01
1.188024624026897591e+01
1.188024489082504687e+01
1.188025243211322568e+01
1.188026783165340916e+01
1.188028856934479016e+01
1.188031085422447930e+01
1.188033024103604340e+01
1.188034258584358760e+01
1.188034508308298065e+01
1.188033706283951929e+01
1.188032023810607996e+01
1.188029826719511561e+01
1.188027579867056538e+01
1.188025733211552826e+01
1.188024623990539119e+01
1.188024422172547467e+01
1.188025124099605101e+01
1.188026577870296663e+01
1.188028522281853050e+01
1.188030627016664553e+01
1.188032530136630172e+01
1.188033881992110352e+01
1.188034403629461266e+01
1.188033951589852322e+01
1.188032570498616103e+01
1.188030510182859878e+01
1.188028186873985703e+01
1.188026090518351552e+01
1.188024665450324946e+01
1.188024200577592993e+01
1.188024764216370954e+01
1.188026203887554999e+01
1.188028202087898322e+01
1.188030360758713577e+01
1.188032286465069198e+01
1.188033653784710353e+01
1.188034240680642206e+01
1.188033947249971156e+01
1.188032807858627216e+01
1.188030996896789482e+01
1.188028821691051107e+01
1.188026688191279057e+01
1.188025029486414397e+01
1.188024208759569511e+01
1.188024423885902792e+01
1.188025645120637819e+01
1.188027613664629811e+01
1.188029906430769600e+01
1.188032043525566372e+01
1.188033603330500831e+01
1.188034310747579880e+01
1.188034075255202282e+01
1.188032980855543208e+01
1.188031247672850377e+01
1.188029183775764963e+01
1.188027140130474990e+01
1.188025470804750050e+01
1.188024487919268068e+01
1.188024406087025753e+01
1.188025286439738437e+01
1.188026998244193955e+01
1.188029220517070961e+01
1.188031499380307565e+01
1.188033351587120201e+01
1.188034383502941438e+01
1.188034389328057117e+01
1.188033395621856769e+01
1.188031639101271786e+01
1.188029494126300989e+01
1.188027379576625897e+01
1.188025673755960732e+01
1.188024658217900686e+01
1.188024491749469291e+01
1.188025200861595998e+01
1.188026677702479184e+01
1.188028684693338199e+01
1.188030872402594795e+01
1.188032824850845159e+01
1.188034137576703486e+01
1.188034512439918977e+01
1.188033841581794547e+01
1.188032250082590835e+01
1.188030074087557963e+01
1.188027777633628546e+01
1.188025836936085611e+01
1.188024628240372849e+01
1.188024352861800104e+01
1.188025017379991510e+01
1.188026460034559229e+01
1.188028401253007971e+01
1.188030499196818823e+01
1.188032397340169055e+01
1.188033764626709754e+01
1.188034339418394580e+01
1.188033979615069846e+01
1.188032707990625880e+01
1.188030735412233518e+01
1.188028440757582516e+01
1.188026297552368149e+01
1.188024763645211657e+01
1.188024166653738867e+01
1.188024620976344181e+01
1.188026005809362573e+01
1.188028008935562418e+01
1.188030213584445960e+01
1.188032197046825900e+01
1.188033612095756908e+01
1.188034233312328780e+01
1.188033972387857951e+01
1.188032877416811495e+01
1.188031124709416275e+01
1.188029004521935761e+01
1.188026893517157845e+01
1.188025200602660547e+01
1.188024285751097864e+01
1.188024370876852842e+01
1.188025470039471188e+01
1.188027367999745110e+01
1.188029664432854204e+01
1.188031872269042388e+01
1.188033537668063566e+01
1.188034345086586541e+01
1.188034175716591712e+01
1.188033108058074205e+01
1.188031375795481992e+01
1.188029306567242571e+01
1.188027261425873427e+01
1.188025587138247374e+01
1.188024577592046249e+01
1.188024433215644748e+01
1.188025218511525694e+01
1.188026828607218199e+01
1.188028981655587302e+01
1.188031256384232748e+01
1.188033178261060563e+01
1.188034332494322420e+01
1.188034470247518826e+01
1.188033573207519744e+01
1.188031852066558969e+01
1.188029682783006180e+01
1.188027508236606167e+01
1.188025737657511982e+01
1.188024672449691188e+01
1.188024471883259992e+01
1.188025149507938139e+01
1.188026584639189842e+01
1.188028540412392786e+01
1.188030686523518575e+01
1.188032634998532799e+01
1.188034000658749356e+01
1.188034481926672825e+01
1.188033941232624180e+01
1.188032458387103674e+01
1.188030330051406125e+01
1.188028005090070138e+01
1.188025974761350412e+01
1.188024652595290931e+01
1.188024280451913128e+01
1.188024889183910737e+01
1.188026317495817352e+01
1.188028268668728593e+01
1.188030380513165341e+01
1.188032288159218552e+01
1.188033669522753044e+01
1.188034280453655533e+01
1.188033989781163591e+01
1.188032812427212370e+01
1.188030930264501706e+01
1.188028684153554870e+01
1.188026520675547104e+01
1.188024896824910570e+01
1.188024168390124835e+01
1.188024495734755703e+01
1.188025800208920479e+01
1.188027789131681544e+01
1.188030037144689111e+01
1.188032092783357818e+01
1.188033577193793278e+01
1.188034247737117255e+01
1.188034018636641598e+01
1.188032952222754624e+01
1.188031236613654684e+01
1.188029158805468910e+01
1.188027074918962533e+01
1.188025367934470289e+01
1.188024383786133420e+01
1.188024354229719215e+01
1.188025327736277603e+01
1.188027134272603114e+01
1.188029407684888916e+01
1.188031668053671197e+01
1.188033438985724644e+01
1.188034363711771313e+01
1.188034284144020525e+01
1.188033259341895231e+01
1.188031527753159189e+01
1.188029437518302700e+01
1.188027370304079788e+01
1.188025679208245045e+01
1.188024647713347193e+01
1.188024459796607779e+01
1.188025172329799162e+01
1.188026692427570197e+01
1.188028769389442196e+01
1.188031017624681596e+01
1.188032983200992732e+01
1.188034244381759841e+01
1.188034518005929563e+01
1.188033738397601802e+01
1.188032078208973275e+01
1.188029900985013043e+01
1.188027665099706809e+01
1.188025812558419503e+01
1.188024676065986363e+01
1.188024428889833750e+01
1.188025078956963654e+01
1.188026490179438888e+01
1.188028415070596822e+01
1.188030528991791890e+01
1.188032465256259762e+01
1.188033861877301156e+01
1.188034425899695989e+01
1.188034003912175152e+01
1.188032637754653997e+01
1.188030580458415209e+01
1.188028253049787075e+01
1.188026147859359938e+01
1.188024707885896447e+01
1.188024218848767966e+01
1.188024748288638222e+01
1.188026148849714403e+01
1.188028113745688863e+01
1.188030257301062420e+01
1.188032194360525651e+01
1.188033598740142693e+01
1.188034237893504752e+01
1.188033995859849590e+01
1.188032891909160682e+01
1.188031092238293418e+01
1.188028905461067453e+01
1.188026745891385438e+01
1.188025056725119732e+01
1.188024208220577904e+01
1.188024400139401493e+01
1.188025600993930908e+01
1.188027550801851717e+01
1.188029829065904508e+01
1.188031962206085268e+01
1.188033535504446725e+01
1.188034276393005939e+01
1.188034088818256251e+01
1.188033043861786098e+01
1.188031346066263616e+01
1.188029291670845922e+01
1.188027228930337564e+01
1.188025519448748391e+01
1.188024489204896739e+01
1.188024366770075524e+01
1.188025221892488048e+01
1.188026924793431860e+01
1.188029149946067697e+01
1.188031438154746589e+01
1.188033303756577297e+01
1.188034354434468831e+01
1.188034387049700946e+01
1.188033427795868313e+01
1.188031707195357711e+01
1.188029588704691086e+01
1.188027479937592545e+01
1.188025753314891553e+01
1.188024694034044870e+01
1.188024473477153187e+01
1.188025134686461648e+01
1.188026583648929346e+01
1.188028588480821490e+01
1.188030795865093303e+01
1.188032779821277174e+01
1.188034125370816341e+01
1.188034527839500498e+01
1.188033878358418960e+01
1.188032304205483847e+01
1.188030142593908067e+01
1.188027854810398765e+01
1.188025911094439024e+01
1.188024682004680876e+01
1.188024368353755911e+01
1.188024984226260017e+01
1.188026381658641562e+01
1.188028295933403733e+01
1.188030394757148223e+01
1.188032321244277334e+01
1.188033734269161101e+01
1.188034357250042206e+01
1.188034034631574976e+01
1.188032782264013321e+01
1.188030811999974112e+01
1.188028508518580750e+01
1.188026351081662568e+01
1.188024799899713280e+01
1.188024181249008038e+01
1.188024607399406740e+01
1.188025958951810068e+01
1.188027930672611809e+01
1.188030116529367675e+01
1.188032103631890024e+01
1.188033548069796375e+01
1.188034218063225289e+01
1.188034011068051043e+01
1.188032958705619890e+01
1.188031225183910600e+01
1.188029097804619738e+01
1.188026959618643019e+01
1.188025230885743255e+01
1.188024282184159475e+01
1.188024341141468732e+01
1.188025421822872829e+01
1.188027306326312527e+01
1.188029593317549448e+01
1.188031798516782800e+01
1.188033473584437871e+01
1.188034307329158246e+01
1.188034179470232132e+01
1.188033159354308133e+01
1.188031466461824159e+01
1.188029414771201253e+01
1.188027358399250843e+01
1.188025647530952433e+01
1.188024588316511299e+01
1.188024396742872213e+01
1.188025149801591951e+01
1.188026747543356976e+01
1.188028905160640747e+01
1.188031194445171934e+01
1.188033134842950922e+01
1.188034309369717434e+01
1.188034470601958859e+01
1.188033601835512876e+01
1.188031911460890555e+01
1.188029767952914106e+01
1.188027603943428723e+01
1.188025820572463509e+01
1.188024718570243188e+01
1.188024466020674019e+01
1.188025091861540261e+01
1.188026491292039211e+01
1.188028437380632774e+01
1.188030599895413175e+01
1.188032582157314110e+01
1.188033986615457849e+01
1.188034501346283633e+01
1.188033984157938150e+01
1.188032515949304724e+01
1.188030396506055730e+01
1.188028075693370944e+01
1.188026042031685314e+01
1.188024704133871978e+01
1.188024300919545695e+01
1.188024866561870674e+01
1.188026250196462819e+01
1.188028169252032562e+01
1.188030273572605822e+01
1.188032202378996338e+01
1.188033627237967238e+01
1.188034289952689626e+01
1.188034043673036244e+01
1.188032892248788208e+01
1.188031014869745050e+01
1.188028757292884663e+01
1.188026574008339686e+01
1.188024928153916093e+01
1.188024177405924675e+01
1.188024480597017174e+01
1.188025757956056694e+01
1.188027719829621276e+01
1.188029948563062277e+01
1.188032002156858802e+01
1.188033507893118568e+01
1.188034221186413220e+01
1.188034045340917899e+01
1.188033026658861857e+01
1.188031338481081889e+01
1.188029260406532295e+01
1.188027151398996395e+01
1.188025405196160200e+01
1.188024380754518994e+01
1.188024319551759334e+01
1.188025273346514865e+01
1.188027069876766006e+01
1.188029339420385000e+01
1.188031601032396267e+01
1.188033380945600470e+01
1.188034326641374250e+01
1.188034281534068271e+01
1.188033299710903101e+01
1.188031608307812803e+01
1.188029541819985191e+01
1.188027471888898745e+01
1.188025750499201116e+01
1.188024670178719333e+01
1.188024430274435872e+01
1.188025102950893164e+01
1.188026604558725019e+01
1.188028684681830960e+01
1.188030951005849545e+01
1.188032940913198132e+01
1.188034226598343857e+01
1.188034523461661252e+01
1.188033767515774208e+01
1.188032132098981108e+01
1.188029977190469033e+01
1.188027753499572370e+01
1.188025894606117738e+01
1.188024729192747841e+01
1.188024434971487331e+01
1.188025032482158849e+01
1.188026401783119468e+01
1.188028308569387015e+01
1.188030432781978263e+01
1.188032402052752445e+01
1.188033841916925937e+01
1.188034446147908341e+01
1.188034052605463131e+01
1.188032701376797107e+01
1.188030648865966654e+01
1.188028320079183331e+01
1.188026208406463091e+01
1.188024754362781721e+01
1.188024240142798682e+01
1.188024733197028837e+01
1.188026092540396483e+01
1.188028023175164805e+01
1.188030152149229579e+01
1.188032102006368262e+01
1.188033544676534881e+01
1.188034236200101468e+01
1.188034044421156743e+01
1.188032974211158077e+01
1.188031184734934520e+01
1.188028986787557884e+01
1.188026803062658132e+01
1.188025085986162566e+01
1.188024211588362888e+01
1.188024380479375530e+01
1.188025559294651678e+01
1.188027487729841702e+01
1.188029749202488894e+01
1.188031877527933666e+01
1.188033465155830370e+01
1.188034241342055175e+01
1.188034103305123779e+01
1.188033108275878114e+01
1.188031445049923818e+01
1.188029398726013497e+01
1.188027315977020137e+01
1.188025566745530526e+01
1.188024490823454471e+01
1.188024329876801666e+01
1.188025161034474664e+01
1.188026854590940928e+01
1.188029080540369620e+01
1.188031375345973295e+01
1.188033252273304718e+01
1.188034321339980615e+01
1.188034382170025260e+01
1.188033459716045925e+01
1.188031777024953861e+01
1.188029685684091596e+01
1.188027581889784301e+01
1.188025832930516046e+01
1.188024728796756513e+01
1.188024454247760708e+01
1.188025068825582409e+01
1.188026491527953254e+01
1.188028495002968477e+01
1.188030721312698290e+01
1.188032734666926871e+01
1.188034110576979074e+01
1.188034539134540424e+01
1.188033911336576764e+01
1.188032356549413748e+01
1.188030212028666099e+01
1.188027934974655508e+01
1.188025988699150837e+01
1.188024738027153049e+01
1.188024384149183099e+01
1.188024949865898350e+01
1.188026301822739583e+01
1.188028190148206065e+01
1.188030291264023930e+01
1.188032246799968483e+01
1.188033704909126342e+01
1.188034374289830808e+01
1.188034086908708176e+01
1.188032852906839665e+01
1.188030885823491545e+01
1.188028575848586854e+01
1.188026406872665675e+01
1.188024840137106963e+01
1.188024199723058949e+01
1.188024595911241477e+01
1.188025911742411367e+01
1.188027850247032902e+01
1.188030016966265023e+01
1.188032008780561455e+01
1.188033484195340428e+01
1.188034203930888921e+01
1.188034050563190647e+01
1.188033039439326721e+01
1.188031323606467815e+01
1.188029188541792358e+01
1.188027024240893503e+01
1.188025261929786147e+01
1.188024281681244965e+01
1.188024315573649936e+01
1.188025376993756055e+01
1.188027245723440295e+01
1.188029520575887865e+01
1.188031721375488026e+01
1.188033406076266019e+01
1.188034267658299115e+01
1.188034183341340544e+01
1.188033212125996307e+01
1.188031558612232885e+01
1.188029523307065283e+01
1.188027454342464750e+01
1.188025706406970805e+01
1.188024598401853993e+01
1.188024361479836877e+01
1.188025084052727465e+01
1.188026669936705382e+01
1.188028830864772800e+01
1.188031132194528894e+01
1.188033088557417827e+01
1.188034282060053748e+01
1.188034467352562373e+01
1.188033628962523203e+01
1.188031971817190069e+01
1.188029855659896050e+01
1.188027702192450441e+01
1.188025904718744208e+01
1.188024764319364834e+01
1.188024458988098786e+01
1.188025033545851983e+01
1.188026398712239740e+01
1.188028336455642098e+01
1.188030515554634903e+01
1.188032530259748398e+01
1.188033971211873840e+01
1.188034517329621309e+01
1.188034022988133209e+01
1.188032570643147245e+01
1.188030462635149043e+01
1.188028148576280252e+01
1.188026112989422778e+01
1.188024758963540428e+01
1.188024322884288608e+01
1.188024843385172069e+01
1.188026181176916829e+01
1.188028068360334188e+01
1.188030166443254387e+01
1.188032117691543554e+01
1.188033586309347811e+01
1.188034299734999699e+01
1.188034095989523209e+01
1.188032968986268756e+01
1.188031096297095246e+01
1.188028828859079411e+01
1.188026628379207317e+01
1.188024962862736622e+01
1.188024190672791924e+01
1.188024468668318434e+01
1.188025716558830958e+01
1.188027648970463446e+01
1.188029857137484768e+01
1.188031909031973221e+01
1.188033437613768406e+01
1.188034195235430879e+01
1.188034073257612278e+01
1.188033101617337195e+01
1.188031439401076739e+01
1.188029359908714966e+01
1.188027225907324436e+01
1.188025442061594461e+01
1.188024379627311866e+01
1.188024288567012832e+01
1.188025222847065976e+01
1.188027007739315266e+01
1.188029270723217223e+01
1.188031531144590502e+01
1.188033319034767921e+01
1.188034286522833227e+01
1.188034277903751068e+01
1.188033341075398042e+01
1.188031690793722106e+01
1.188029647551083379e+01
1.188027573511028656e+01
1.188025820654252485e+01
1.188024691467414939e+01
1.188024400812712855e+01
1.188025035451855693e+01
1.188026519797135627e+01
1.188028602778619636e+01
1.188030885294425687e+01
1.188032896899571966e+01
1.188034205032633395e+01
1.188034524738721487e+01
1.188033793926677717e+01
1.188032185815912278e+01
1.188030055513144312e+01
1.188027844969554714e+01
1.188025979028378565e+01
1.188024783003036156e+01
1.188024440221902545e+01
1.188024984765926817e+01
1.188026313011916102e+01
1.188028203162044605e+01
1.188030338605063818e+01
1.188032340461108305e+01
1.188033821810982893e+01
1.188034464018768332e+01
1.188034097470683825e+01
1.188032761437016838e+01
1.188030715694880790e+01
1.188028388287729342e+01
1.188026272319891419e+01
1.188024804769939280e+01
1.188024264138283215e+01
1.188024718601977625e+01
1.188026034805113795e+01
1.188027930506109797e+01
1.188030045653264821e+01
1.188032009774495812e+01
1.188033491775353667e+01
1.188034235492037993e+01
1.188034092599493796e+01
1.188033054397105026e+01
1.188031274198612230e+01
1.188029065762226111e+01
1.188026860009644281e+01
1.188025117599740099e+01
1.188024219017008143e+01
1.188024364788834220e+01
1.188025519709461619e+01
1.188027424132188870e+01
1.188029666716057164e+01
1.188031789644952063e+01
1.188033392636027941e+01
1.188034205939280952e+01
1.188034118852826637e+01
1.188033173944760179e+01
1.188031544261814254e+01
1.188029504575768236e+01
1.188027401109026293e+01
1.188025612821072130e+01
1.188024493107337776e+01
1.188024295748793691e+01
1.188025104014163524e+01
1.188026787510449545e+01
1.188029011985794448e+01
1.188031310646932148e+01
1.188033197028417653e+01
1.188034284382988126e+01
1.188034375029627476e+01
1.188033491695299659e+01
1.188031848686383363e+01
1.188029784876863459e+01
1.188027685060215077e+01
1.188025912257785244e+01
1.188024762385352062e+01
1.188024434230841031e+01
1.188025003641801725e+01
1.188026401686602362e+01
1.188028404392164106e+01
1.188030648597381500e+01
1.188032689058034919e+01
1.188034092884381643e+01
1.188034546222789878e+01
1.188033940683658685e+01
1.188032407444407923e+01
1.188030282681258143e+01
1.188028018194812496e+01
1.188026069544143937e+01
1.188024795941547218e+01
1.188024399936226594e+01
1.188024914224044970e+01
1.188026220738072247e+01
1.188028084280450081e+01
1.188030189053951347e+01
1.188032174107861572e+01
1.188033676362840119e+01
1.188034390181792688e+01
1.188034136128337970e+01
1.188032919825514711e+01
1.188030957059894277e+01
1.188028643078463631e+01
1.188026465205865101e+01
1.188024884411886006e+01
1.188024221864715990e+01
1.188024586161589191e+01
1.188025863903113510e+01
1.188027767623172082e+01
1.188029915135325432e+01
1.188031912877875662e+01
1.188033420780862315e+01
1.188034190972007309e+01
1.188034090647027163e+01
1.188033119236817470e+01
1.188031419660612542e+01
1.188029276660541100e+01
1.188027087584393549e+01
1.188025294081152872e+01
1.188024284525126006e+01
1.188024294220813459e+01
1.188025335339073685e+01
1.188027185853140466e+01
1.188029445952925300e+01
1.188031640834653757e+01
1.188033335395883228e+01
1.188034226444664121e+01
1.188034187600752567e+01
1.188033266383961362e+01
1.188031651983193093e+01
1.188029631781931705e+01
1.188027548957697732e+01
1.188025763729320516e+01
1.188024608084849554e+01
1.188024327796340529e+01
1.188025021550343752e+01
1.188026595823218301e+01
1.188028758544749586e+01
1.188031069293259989e+01
1.188033039158068149e+01
1.188034250566794015e+01
1.188034460752074040e+01
1.188033654938955408e+01
1.188032033371523610e+01
1.188029945878099980e+01
1.188027802697904178e+01
1.188025989710511965e+01
1.188024809433703588e+01
1.188024450794340225e+01
1.188024974837731307e+01
1.188026307288249761e+01
1.188028237914034513e+01
1.188030433512505901e+01
1.188032479058013280e+01
1.188033954094147582e+01
1.188034529629940472e+01
1.188034057732000193e+01
1.188032622721426890e+01
1.188030528775862749e+01
1.188028223952645845e+01
1.188026187586937432e+01
1.188024816793125993e+01
1.188024345981541607e+01
1.188024819431160495e+01
1.188026110490641862e+01
1.188027966302025895e+01
1.188030059516387738e+01
1.188032034347506460e+01
1.188033546709177557e+01
1.188034309516943132e+01
1.188034146357252574e+01
1.188033042395253958e+01
1.188031174569265680e+01
1.188028899115616355e+01
1.188026684126591448e+01
1.188025001156902860e+01
1.188024208133371573e+01
1.188024459661597376e+01
1.188025675676066228e+01
1.188027576366242322e+01
1.188029762954571211e+01
1.188031813731762476e+01
1.188033366731296425e+01
1.188034170095287401e+01
1.188034102312665397e+01
1.188033176778287014e+01
1.188031538989082847e+01
1.188029457083248097e+01
1.188027298494565542e+01
1.188025478819514547e+01
1.188024380756270837e+01
1.188024261479054999e+01
1.188025176173158570e+01
1.188026947574553560e+01
1.188029201265720047e+01
1.188031458223191095e+01
1.188033253357615848e+01
1.188034243677718038e+01
1.188034273601610025e+01
1.188033383604123649e+01
1.188031775094660958e+01
1.188029754367192936e+01
1.188027674792245136e+01
1.188025889476916142e+01
1.188024711671154066e+01
1.188024371734380935e+01
1.188024970198979346e+01
1.188026438338997970e+01
1.188028523598974751e+01
1.188030820193476877e+01
1.188032850831125131e+01
1.188034179525719658e+01
1.188034521948693012e+01
1.188033817943664872e+01
1.188032239682814151e+01
1.188030136088092448e+01
1.188027939364797625e+01
1.188026065474340065e+01
1.188024837142261347e+01
1.188024444487829179e+01
1.188024935945611382e+01
1.188026224219809635e+01
1.188028099217963707e+01
1.188030246635386433e+01
1.188032280369994709e+01
1.188033801237254039e+01
1.188034479172281799e+01
1.188034138353328828e+01
1.188032818054225892e+01
1.188030781256165547e+01
1.188028457985150155e+01
1.188026339715424129e+01
1.188024858949301787e+01
1.188024290492547230e+01
1.188024704180427982e+01
1.188025975533408563e+01
1.188027835914303232e+01
1.188029938183614753e+01
1.188031918019130195e+01
1.188033440173521882e+01
1.188034235615923251e+01
1.188034140041339803e+01
1.188033132118323820e+01
1.188031360487008747e+01
1.188029142521855697e+01
1.188026917055058362e+01
1.188025151876589902e+01
1.188024230614245091e+01
1.188024352905220304e+01
1.188025481907330771e+01
1.188027359712357622e+01
1.188029581528024003e+01
1.188031698756104149e+01
1.188033318313503983e+01
1.188034170508478304e+01
1.188034135552759807e+01
1.188033240671498980e+01
1.188031643323944664e+01
1.188029608876655097e+01
1.188027484211347584e+01
1.188025657844530514e+01
1.188024496403725827e+01
1.188024264704661448e+01
1.188025050932439086e+01
1.188026723382189509e+01
1.188028943954118688e+01
1.188031243773905388e+01
1.188033137960637653e+01
1.188034243770647969e+01
1.188034365982626639e+01
1.188033524022718801e+01
1.188031922229035153e+01
1.188029886052650319e+01
1.188027789063251660e+01
1.188025990976603019e+01
1.188024794726161382e+01
1.188024413637431387e+01
1.188024939509402778e+01
1.188026314445730591e+01
1.188028316732700063e+01
1.188030577529948673e+01
1.188032642654403226e+01
1.188034072009007502e+01
1.188034549050805566e+01
1.188033966608544745e+01
1.188032457230315231e+01
1.188030354814112854e+01
1.188028104490957126e+01
1.188026153382176808e+01
1.188024855372496269e+01
1.188024415430725966e+01
1.188024877273535118e+01
1.188026138655784614e+01
1.188027978721208733e+01
1.188030088434434717e+01
1.188032103220396252e+01
1.188033648407617271e+01
1.188034404563062907e+01
1.188034182002346917e+01
1.188032982975691532e+01
1.188031025925170425e+01
1.188028710545173716e+01
1.188026526331485933e+01
1.188024932729126704e+01
1.188024247423813939e+01
1.188024577794729986e+01
1.188025815186352041e+01
1.188027682813974906e+01
1.188029811314930839e+01
1.188031816313402445e+01
1.188033358103358061e+01
1.188034179195023299e+01
1.188034131056442533e+01
1.188033197713600053e+01
1.188031513062659883e+01
1.188029362136985334e+01
1.188027149885808065e+01
1.188025327688617772e+01
1.188024290965144836e+01
1.188024277080544522e+01
1.188025296609517945e+01
1.188027126375690479e+01
1.188029369227151832e+01
1.188031556933225730e+01
1.188033261831625609e+01
1.188034184059854503e+01
1.188034192485453744e+01
1.188033322090493549e+01
1.188031746276345757e+01
1.188029739803050688e+01
1.188027641982213467e+01
1.188025819509579506e+01
1.188024617635906921e+01
1.188024296060944884e+01
1.188024962543649110e+01
1.188026525189368954e+01
1.188028687944083295e+01
1.188031005404332241e+01
1.188032986434932425e+01
1.188034214941210820e+01
1.188034451086476651e+01
1.188033680112526724e+01
1.188032096323602360e+01
1.188030038532705213e+01
1.188027905141475493e+01
1.188026075165599238e+01
1.188024853686987470e+01
1.188024441496412464e+01
1.188024916045256774e+01
1.188026217403687035e+01
1.188028141994011833e+01
1.188030353731728361e+01
1.188032428274013164e+01
1.188033934914165712e+01
1.188034538039655885e+01
1.188034088447741965e+01
1.188032672467010897e+01
1.188030595259007427e+01
1.188028301997300673e+01
1.188026265727436837e+01
1.188024877301673143e+01
1.188024369853893702e+01
1.188024794516267413e+01
1.188026038239188864e+01
1.188027863414233565e+01
1.188029953174938314e+01
1.188031952557398263e+01
1.188033508362069668e+01
1.188034318987433480e+01
1.188034194412261968e+01
1.188033112272689706e+01
1.188031249757286645e+01
1.188028968352751313e+01
1.188026741578851997e+01
1.188025043200336484e+01
1.188024229681564492e+01
1.188024453263220082e+01
1.188025634977303646e+01
1.188027501870277192e+01
1.188029666148918118e+01
1.188031716605221533e+01
1.188033295609519868e+01
1.188034145935441899e+01
1.188034132385093500e+01
1.188033251797139300e+01
1.188031636873484054e+01
1.188029551744261525e+01
1.188027369258231936e+01
1.188025515782235786e+01
1.188024384479367868e+01
1.188024238447684233e+01
1.188025133212461348e+01
1.188026889073679726e+01
1.188029130734527961e+01
1.188031382144724013e+01
1.188033184066003400e+01
1.188034198450329626e+01
1.188034268961123630e+01
1.188033427422525889e+01
1.188031861048051852e+01
1.188029861902139750e+01
1.188027775370586525e+01
1.188025956814743544e+01
1.188024730927186035e+01
1.188024343382861758e+01
1.188024907541192121e+01
1.188026360335233456e+01
1.188028447016240108e+01
1.188030755386447979e+01
1.188032802396810972e+01
1.188034149964354214e+01
1.188034515249421830e+01
1.188033839899306443e+01
1.188032294004315581e+01
1.188030219005219834e+01
1.188028036494812767e+01
1.188026153574572064e+01
1.188024891275236072e+01
1.188024447661125649e+01
1.188024886202948949e+01
1.188026135778162029e+01
1.188027997085858090e+01
1.188030157001137610e+01
1.188032221624147056e+01
1.188033779857287087e+01
1.188034491289972649e+01
1.188034175146025540e+01
1.188032871391706280e+01
1.188030845876410346e+01
1.188028529459297289e+01
1.188026410661851884e+01
1.188024916698418565e+01
1.188024318847848626e+01
1.188024689631799902e+01
1.188025914661208127e+01
1.188027739618847178e+01
1.188029830124854769e+01
1.188031827070807367e+01
1.188033389961242747e+01
1.188034236376158148e+01
1.188034186380265211e+01
1.188033207050991713e+01
1.188031443505679974e+01
1.188029217245333413e+01
1.188026974533580571e+01
1.188025189102084234e+01
1.188024246439399434e+01
1.188024344623534390e+01
1.188025445545836334e+01
1.188027294199445372e+01
1.188029493607629128e+01
1.188031605102308319e+01
1.188033242567392733e+01
1.188034135346963360e+01
1.188034153448943719e+01
1.188033308218495065e+01
1.188031741848777934e+01
1.188029711313019909e+01
1.188027565217055503e+01
1.188025702024901342e+01
1.188024501068220218e+01
1.188024237034315433e+01
1.188025001841081441e+01
1.188026661996432942e+01
1.188028876109445520e+01
1.188031174472082263e+01
1.188033075057772336e+01
1.188034199750118169e+01
1.188034355390180963e+01
1.188033556958129822e+01
1.188031997654030825e+01
1.188029988942039594e+01
1.188027893507178057e+01
1.188026068797247525e+01
1.188024825793662309e+01
1.188024392716335775e+01
1.188024876807576646e+01
1.188026230094554059e+01
1.188028232059771838e+01
1.188030507883924081e+01
1.188032595111854661e+01
1.188034047698991991e+01
1.188034547614903857e+01
1.188033989357550269e+01
1.188032506250308451e+01
1.188030428657475746e+01
1.188028193833968871e+01
1.188026239928963435e+01
1.188024915942121851e+01
1.188024430381304875e+01
1.188024839035611713e+01
1.188026055862818353e+01
1.188027873862943551e+01
1.188029989678889464e+01
1.188032034141317261e+01
1.188033620786064404e+01
1.188034417070451454e+01
1.188034224277708262e+01
1.188033042362680902e+01
1.188031092669806910e+01
1.188028778585264789e+01
1.188026590464542132e+01
1.188024985044120641e+01
1.188024276115720212e+01
1.188024570456068219e+01
1.188025765379825849e+01
1.188027595881257170e+01
1.188029705817103832e+01
1.188031719474573222e+01
1.188033296403651207e+01
1.188034168560063897e+01
1.188034171496017599e+01
1.188033274488469182e+01
1.188031603566415662e+01
1.188029444996184125e+01
1.188027211413312756e+01
1.188025363096804554e+01
1.188024301212563216e+01
1.188024264100773308e+01
1.188025260524372761e+01
1.188027066956167133e+01
1.188029290214977785e+01
1.188031469759367731e+01
1.188033185702875549e+01
1.188034140869812560e+01
1.188034198194246649e+01
1.188033379159700687e+01
1.188031841163439317e+01
1.188029846984491833e+01
1.188027733192637747e+01
1.188025873807331401e+01
1.188024627354095308e+01
1.188024266634365134e+01
1.188024907241373285e+01
1.188026457972854999e+01
1.188028618778143297e+01
1.188030940199218044e+01
1.188032930218640004e+01
1.188034175283621430e+01
1.188034438669721915e+01
1.188033704821765113e+01
1.188032160832788264e+01
1.188030133500748242e+01
1.188028009177621414e+01
1.188026160712095169e+01
1.188024896893886151e+01
1.188024431198550879e+01
1.188024857502426812e+01
1.188026129430737399e+01
1.188028048891535349e+01
1.188030276127565799e+01
1.188032377604732837e+01
1.188033913336042069e+01
1.188034542394135862e+01
1.188034115241672062e+01
1.188032720187333524e+01
1.188030662402628934e+01
1.188028382842400177e+01
1.188026347266302452e+01
1.188024940144071628e+01
1.188024394157543639e+01
1.188024768499483663e+01
1.188025964570774029e+01
1.188027760057176074e+01
1.188029847787006510e+01
1.188031872488234875e+01
1.188033471146576758e+01
1.188034327813558200e+01
1.188034239806445491e+01
1.188033178460208283e+01
1.188031321978720101e+01
1.188029036881824574e+01
1.188026801047944225e+01
1.188025089112071697e+01
1.188024255164404686e+01
1.188024449138829119e+01
1.188025594149048381e+01
1.188027425380281343e+01
1.188029566901190037e+01
1.188031618021346780e+01
1.188033224594223114e+01
1.188034122880765153e+01
1.188034163309014701e+01
1.188033326310554116e+01
1.188031732701935894e+01
1.188029643751636044e+01
1.188027438340511210e+01
1.188025553279751634e+01
1.188024391114545963e+01
1.188024219586100827e+01
1.188025093807457289e+01
1.188026831910777581e+01
1.188029058836683127e+01
1.188031302832022362e+01
1.188033111356832627e+01
1.188034151201564015e+01
1.188034264294642384e+01
1.188033472610217878e+01
1.188031948447439667e+01
1.188029969774158090e+01
1.188027874906473613e+01
1.188026022561687967e+01
1.188024749415676062e+01
1.188024316115936507e+01
1.188024847803954387e+01
1.188026285889182709e+01
1.188028372860738990e+01
1.188030690543291357e+01
1.188032751309496327e+01
1.188034116283213493e+01
1.188034504842086925e+01
1.188033860139136877e+01
1.188032349060777904e+01
1.188030304307149621e+01
1.188028136126443357e+01
1.188026242947447209e+01
1.188024945092018037e+01
1.188024449680691319e+01
1.188024835761049047e+01
1.188026048069367313e+01
1.188027897087887297e+01
1.188030069782563913e+01
1.188032164027544724e+01
1.188033757322690143e+01
1.188034500080700084e+01
1.188034207790289010e+01
1.188032921653748453e+01
1.188030909891455167e+01
1.188028602970490866e+01
1.188026485179295832e+01
1.188024977773905633e+01
1.188024348837834410e+01
1.188024674683548021e+01
1.188025852172349417e+01
1.188027641878697693e+01
1.188029721869170707e+01
1.188031737230815921e+01
1.188033341180666369e+01
1.188034237538487048e+01
1.188034231243405436e+01
1.188033278901708734e+01
1.188031523209280493e+01
1.188029290149919426e+01
1.188027032785443637e+01
1.188025229530764726e+01
1.188024266502208448e+01
1.188024339700218412e+01
1.188025410277647964e+01
1.188027227353487447e+01
1.188029402973023352e+01
1.188031508962503402e+01
1.188033165780898059e+01
1.188034100720347652e+01
1.188034172537122224e+01
1.188033376311435063e+01
1.188031839445844540e+01
1.188029811602244834e+01
1.188027644108019487e+01
1.188025745606957706e+01
1.188024507458313650e+01
1.188024212993761886e+01
1.188024956742122384e+01
1.188026603107733159e+01
1.188028808114710699e+01
1.188031102520627336e+01
1.188033008357308340e+01
1.188034152604193316e+01
1.188034343613895594e+01
1.188033590727189015e+01
1.188032074913757619e+01
1.188030093240945639e+01
1.188027998000871577e+01
1.188026145465233441e+01
1.188024855610748176e+01
1.188024371749715691e+01
1.188024815913784948e+01
1.188026148885785105e+01
1.188028150359365398e+01
1.188030439400091964e+01
1.188032546088779995e+01
1.188034019739414582e+01
1.188034541961214607e+01
1.188034009209710185e+01
1.188032554844340005e+01
1.188030504404782128e+01
1.188028286145528689e+01
1.188026328867966441e+01
1.188024977276670491e+01
1.188024444573852101e+01
1.188024799579760504e+01
1.188025972677118602e+01
1.188027770092823587e+01
1.188029893022186378e+01
1.188031966826035912e+01
1.188033593210921168e+01
1.188034427347042765e+01
1.188034262740923275e+01
1.188033098040962443e+01
1.188031157573794161e+01
1.188028847528357090e+01
1.188026657780511997e+01
1.188025041262909376e+01
1.188024307626479370e+01
1.188024563798669142e+01
1.188025714310641767e+01
1.188027506935085498e+01
1.188029598982328849e+01
1.188031622740053095e+01
1.188033235882356564e+01
1.188034158979730925e+01
1.188034211643191540e+01
1.188033349190114940e+01
1.188031690967196674e+01
1.188029525311148582e+01
1.188027272461351025e+01
1.188025400639682694e+01
1.188024315436594769e+01
1.188024255180854638e+01
1.188025226776916021e+01
1.188027007270880020e+01
1.188029208774552359e+01
1.188031379449346581e+01
1.188033107354548612e+01
1.188034097228330666e+01
1.188034204884112910e+01
1.188033437458741837e+01
1.188031936291835322e+01
1.188029952953690227e+01
1.188027822408511902e+01
1.188025926728743897e+01
1.188024637561645669e+01
1.188024239862985709e+01
1.188024855808236957e+01
1.188026394064186420e+01
1.188028550739761080e+01
1.188030873364261097e+01
1.188032870383871931e+01
1.188034131741737198e+01
1.188034423837971154e+01
1.188033729389691295e+01
1.188032227014817899e+01
1.188030230612823779e+01
1.188028114439396177e+01
1.188026245994723773e+01
1.188024938913120465e+01
1.188024420050379604e+01
1.188024799563366685e+01
1.188026043723758285e+01
1.188027958757274227e+01
1.188030200569877337e+01
1.188032326728038157e+01
1.188033889042408653e+01
1.188034542574722785e+01
1.188034138266048600e+01
1.188032766208470825e+01
1.188030730505840005e+01
1.188028466574521147e+01
1.188026432013303868e+01
1.188025004957114383e+01
1.188024418568457641e+01
1.188024741285068586e+01
1.188025889678002400e+01
1.188027656608091220e+01
1.188029743699648044e+01
1.188031794260968432e+01
1.188033434897622875e+01
1.188034335646604944e+01
1.188034282213736326e+01
1.188033240846651672e+01
1.188031391395037062e+01
1.188029105029195875e+01
1.188026862823375573e+01
1.188025138963785388e+01
1.188024284384781026e+01
1.188024446939545875e+01
1.188025552900710480e+01
1.188027346840677012e+01
1.188029465435365140e+01
1.188031518362839556e+01
1.188033154007204040e+01
1.188034101009416688e+01
1.188034194876482808e+01
1.188033399942686508e+01
1.188031826147343928e+01
1.188029733013011580e+01
1.188027505925251681e+01
1.188025591653513224e+01
1.188024400953818827e+01
1.188024204958937524e+01
1.188025057758625991e+01
1.188026775749114350e+01
1.188028985305382079e+01
1.188031220256115716e+01
1.188033035468795440e+01
1.188034102302488293e+01
1.188034259887718136e+01
1.188033519199270494e+01
1.188032037045763900e+01
1.188030077592355305e+01
1.188027973088399492e+01
1.188026086659636604e+01
1.188024767356324851e+01
1.188024290299342844e+01
1.188024791283572235e+01
1.188026215055162282e+01
1.188028300923348368e+01
1.188030625326845957e+01
1.188032697311529162e+01
1.188034078466304777e+01
1.188034490967494072e+01
1.188033879015186223e+01
1.188032405102881839e+01
1.188030391987936873e+01
1.188028237987603930e+01
1.188026333205711538e+01
1.188024998313266067e+01
1.188024450533560028e+01
1.188024784880618334e+01
1.188025961480282433e+01
1.188027799514278016e+01
1.188029985011038647e+01
1.188032107347324384e+01
1.188033733281616833e+01
1.188034505285991038e+01
1.188034236277388267e+01
1.188032969081554668e+01
1.188030973639902754e+01
1.188028678746337974e+01
1.188026563238390310e+01
1.188025041895635781e+01
1.188024380094134003e+01
1.188024659096200253e+01
1.188025788099239755e+01
1.188027542988460539e+01
1.188029613809693430e+01
1.188031648766182080e+01
1.188033293825430370e+01
1.188034238834250544e+01
1.188034274258062162e+01
1.188033347412523177e+01
1.188031599601892374e+01
1.188029361486840330e+01
1.188027092149905073e+01
1.188025273381420277e+01
1.188024290762544588e+01
1.188024337857728696e+01
1.188025375757082358e+01
1.188027158970204766e+01
1.188029309691472157e+01
1.188031410649020714e+01
1.188033088334633725e+01
1.188034066857900051e+01
1.188034192764732211e+01
1.188033444643919978e+01
1.188031935728422184e+01
1.188029909499382697e+01
1.188027720914749175e+01
1.188025788866542420e+01
1.188024515926804092e+01
1.188024192800498113e+01
1.188024915588114006e+01
1.188026546439800235e+01
1.188028739638198594e+01
1.188031027737141798e+01
1.188032937946099921e+01
1.188034102646302692e+01
1.188034331009248845e+01
1.188033625517088865e+01
1.188032153912279831e+01
1.188030198615629196e+01
1.188028102160461685e+01
1.188026220765516783e+01
1.188024884248125801e+01
1.188024351048070137e+01
1.188024757197135450e+01
1.188026071031432807e+01
1.188028071569035049e+01
1.188030371791626472e+01
1.188032495252647180e+01
1.188033987956434245e+01
1.188034532184826020e+01
1.188034026471484950e+01
1.188032603342667848e+01
1.188030582208692820e+01
1.188028381299020531e+01
1.188026419855779992e+01
1.188025039013060358e+01
1.188024457835329173e+01
1.188024759022680854e+01
1.188025889442270611e+01
1.188027667786138508e+01
1.188029798656906877e+01
1.188031901182861638e+01
1.188033565370439604e+01
1.188034435048702342e+01
1.188034297221754443e+01
1.188033150112803860e+01
1.188031220941113020e+01
1.188028917690753516e+01
1.188026728411716881e+01
1.188025101243716364e+01
1.188024341618471524e+01
1.188024557489643485e+01
1.188025661848749870e+01
1.188027416132286618e+01
1.188029491173853103e+01
1.188031526473290356e+01
1.188033176696584370e+01
1.188034150320752680e+01
1.188034251153936971e+01
1.188033421463580552e+01
1.188031775105081955e+01
