1.188024147592623336e+01
1.188034095835413062e+01
1.188046171695873277e+01
1.188040322600131837e+01
1.188027007246379085e+01
1.188027587720448253e+01
1.188041904259447179e+01
1.188045838513613361e+01
1.188031915849265729e+01
1.188024690754432200e+01
1.188035771124986084e+01
1.188046142404225947e+01
1.188039329008107714e+01
1.188025835379526818e+01
1.188028682389854751e+01
1.188043697072990312e+01
1.188044475399333777e+01
1.188030504315438485e+01
1.188025384456186728e+01
1.188036886840858486e+01
1.188046695277324538e+01
1.188037731402898523e+01
1.188024739861703161e+01
1.188030645271491892e+01
1.188044523078467840e+01
1.188043220221832641e+01
1.188029584267050964e+01
1.188025511010985369e+01
1.188038641919048111e+01
1.188046921999469596e+01
1.188035510207358669e+01
1.188024715695568112e+01
1.188032220025566588e+01
1.188044976369269179e+01
1.188042511718787253e+01
1.188028029488705606e+01
1.188026154181446259e+01
1.188040725873873171e+01
1.188046082634635425e+01
1.188033947045271788e+01
1.188024889925544336e+01
1.188033281396140417e+01
1.188046035613308327e+01
1.188041165110103670e+01
1.188026453439582042e+01
1.188027746715242294e+01
1.188041927849777579e+01
1.188045268878045668e+01
1.188032839381526173e+01
1.188024498231470716e+01
1.188035035009827922e+01
1.188046832269874997e+01
1.188039082653625655e+01
1.188025905275319261e+01
1.188029056851347320e+01
1.188042769048345271e+01
1.188044977312465278e+01
1.188031040815557837e+01
1.188024600321003810e+01
1.188037241662707544e+01
1.188046556325981129e+01
1.188037545991152655e+01
1.188025576975037190e+01
1.188029892960953227e+01
1.188044260938177032e+01
1.188044031572390757e+01
1.188029105395336771e+01
1.188025708094883370e+01
1.188038665573382957e+01
1.188046248587684772e+01
1.188036423859224477e+01
1.188024659768771940e+01
1.188031467053063928e+01
1.188045579316011313e+01
1.188042252826218714e+01
1.188028130090885881e+01
1.188026621190275733e+01
1.188039756606906927e+01
1.188046460406556548e+01
1.188034549724322808e+01
1.188024185895184814e+01
1.188033615887665206e+01
1.188045848020925987e+01
1.188040914606882481e+01
1.188027372516630109e+01
1.188027085141743555e+01
1.188041558645623930e+01
1.188046025928120208e+01
1.188032412645810965e+01
1.188024745360451995e+01
1.188035087066708861e+01
1.188046053729791574e+01
1.188039953648007518e+01
1.188025980547503657e+01
1.188028317478904938e+01
1.188043297311808111e+01
1.188044683456731576e+01
1.188031150101750555e+01
1.188025174779034998e+01
1.188036261386679904e+01
1.188046800548760018e+01
1.188038183362251310e+01
1.188024954340681560e+01
1.188030235004592683e+01
1.188044035624582406e+01
1.188043691036329719e+01
1.188030084863469327e+01
1.188025159592206492e+01
1.188038215269425457e+01
1.188046936414629506e+01
1.188036022207861286e+01
1.188024959411663239e+01
1.188031576901040332e+01
1.188044704334619972e+01
1.188043050421783065e+01
1.188028321633545481e+01
1.188025921082640757e+01
1.188040230273689346e+01
1.188046116409159048e+01
1.188034640291180644e+01
1.188024873525741398e+01
1.188032657455263319e+01
1.188045959371525839e+01
1.188041555499530766e+01
1.188026822805006510e+01
1.188027459179521728e+01
1.188041315066103643e+01
1.188045576791979840e+01
1.188033424214980904e+01
1.188024323769696977e+01
1.188034585868913062e+01
1.188046666994971012e+01
1.188039548920429134e+01
1.188026325321646581e+01
1.188028512294308570e+01
1.188042343945793000e+01
1.188045382016549567e+01
1.188031435074439202e+01
1.188024532250883425e+01
1.188036705981746977e+01
1.188046400261531232e+01
1.188038225409233384e+01
1.188025750843055839e+01
1.188029330627274405e+01
1.188044024699326684e+01
1.188044307799036758e+01
1.188029591003511776e+01
1.188025583801250740e+01
1.188037979351630646e+01
1.188046368660908492e+01
1.188037033627996841e+01
1.188024668758213132e+01
1.188031056090977167e+01
1.188045247617245082e+01
1.188042616605042490e+01
1.188028695008201296e+01
1.188026222789880393e+01
1.188039224282007211e+01
1.188046697933388529e+01
1.188034990390675283e+01
1.188024297780838445e+01
1.188033100949435905e+01
1.188045506482558267e+01
1.188041520084200720e+01
1.188027714072955021e+01
1.188026637229635973e+01
1.188041201169780692e+01
1.188046148105376254e+01
1.188032962626078159e+01
1.188024807917199510e+01
1.188034387242390544e+01
1.188045980428337600e+01
1.188040527163970950e+01
1.188026159528063097e+01
1.188028000963084807e+01
1.188042831010118050e+01
1.188044898265891547e+01
1.188031813067050280e+01
1.188024955030571483e+01
1.188035678337487866e+01
1.188046856114143779e+01
1.188038609886742059e+01
1.188025241197489912e+01
1.188029800185527129e+01
1.188043532474472386e+01
1.188044170015684919e+01
1.188030554385274229e+01
1.188024866017812542e+01
1.188037788370944270e+01
1.188046881661222187e+01
1.188036577005700423e+01
1.188025212965813893e+01
1.188030924905376651e+01
1.188044452097106074e+01
1.188043531135440745e+01
1.188028638673197079e+01
1.188025744821120355e+01
1.188039676356983776e+01
1.188046151033242914e+01
1.188035344074927302e+01
1.188024846392569778e+01
1.188032084795979770e+01
1.188045838128210896e+01
1.188041909008222596e+01
1.188027260244715499e+01
1.188027156048623034e+01
1.188040691156901119e+01
1.188045889846911862e+01
1.188033969092176179e+01
1.188024207313062064e+01
1.188034148831262726e+01
1.188046431914818868e+01
1.188040047664515164e+01
1.188026754078418890e+01
1.188027964635091394e+01
1.188041945617767325e+01
1.188045724043647056e+01
1.188031843226816875e+01
1.188024526654612600e+01
1.188036121593554739e+01
1.188046242115776607e+01
1.188038908444543651e+01
1.188025910297098697e+01
1.188028827561384304e+01
1.188043751147401927e+01
1.188044537431931502e+01
1.188030137818444665e+01
1.188025450591521803e+01
1.188037288204985309e+01
1.188046493668789516e+01
1.188037593993773910e+01
1.188024732659052418e+01
1.188030669283131147e+01
1.188044848694933542e+01
1.188043003617802995e+01
1.188029264880054470e+01
1.188025825057851925e+01
1.188038727585599297e+01
1.188046870939115962e+01
1.188035432758181820e+01
1.188024474572916134e+01
1.188032547289477847e+01
1.188045162988283288e+01
1.188042122999511996e+01
1.188028034769607544e+01
1.188026254730045217e+01
1.188040816497807484e+01
1.188046216497758678e+01
1.188033565173397221e+01
1.188024865419727938e+01
1.188033689374343638e+01
1.188045914895667821e+01
1.188041042298101502e+01
1.188026387171983345e+01
1.188027719339867616e+01
1.188042302879593315e+01
1.188045129021754853e+01
1.188032475276200550e+01
1.188024737071724246e+01
1.188035140753727426e+01
1.188046848533033994e+01
1.188039025747890776e+01
1.188025592121160123e+01
1.188029335974019318e+01
1.188043030298493541e+01
1.188044641932897072e+01
1.188030994400522466e+01
1.188024641389363367e+01
1.188037346012150053e+01
1.188046768981836365e+01
1.188037174923257311e+01
1.188025462285385636e+01
1.188030281404942023e+01
1.188044213388632109e+01
1.188043945955996783e+01
1.188028995401765719e+01
1.188025612002332387e+01
1.188039068128384201e+01
1.188046196927807685e+01
1.188036040324466569e+01
1.188024819162166956e+01
1.188031567406754263e+01
1.188045658375709657e+01
1.188042240354187484e+01
1.188027757908368542e+01
1.188026831252749815e+01
1.188040073396126850e+01
1.188046193772055759e+01
1.188034474429310983e+01
1.188024160218489733e+01
1.188033708709857095e+01
1.188046138029138277e+01
1.188040580307491467e+01
1.188027176490564152e+01
1.188027430682155128e+01
1.188041569065025627e+01
1.188045994993387922e+01
1.188032280077897163e+01
1.188024570215885767e+01
1.188035491630608931e+01
1.188046093536180514e+01
1.188039577105641165e+01
1.188026064731484510e+01
1.188028388509201427e+01
1.188043426693728932e+01
1.188044735213556713e+01
1.188030738587467106e+01
1.188025301084504548e+01
1.188036609816972877e+01
1.188046610399252678e+01
1.188038104377993420e+01
1.188024863033038159e+01
1.188030291365816637e+01
1.188044393222176609e+01
1.188043416528313401e+01
1.188029823804890484e+01
1.188025444072995462e+01
1.188038262677151913e+01
1.188046970637470778e+01
1.188035891736647898e+01
1.188024703051762465e+01
1.188031956995519778e+01
1.188044830356608017e+01
1.188042705653608166e+01
1.188028342796245340e+01
1.188025942994596384e+01
1.188040390903193355e+01
1.188046245915218613e+01
1.188034213799953953e+01
1.188024909143272900e+01
1.188033011342059453e+01
1.188045845026545955e+01
1.188041497639656718e+01
1.188026675246161901e+01
1.188027457181866353e+01
1.188041723137234129e+01
1.188045379740044005e+01
1.188033120158209499e+01
1.188024536123033492e+01
1.188034645814330226e+01
1.188046768696548661e+01
1.188039446063278248e+01
1.188025994058367374e+01
1.188028843250610578e+01
1.188042542976653770e+01
1.188045089569856927e+01
1.188031411978172791e+01
1.188024491546025452e+01
1.188036874240395768e+01
1.188046613251457018e+01
1.188037810419347018e+01
1.188025697325624463e+01
1.188029664259235041e+01
1.188043977203929202e+01
1.188044292791097511e+01
1.188029403837940734e+01
1.188025506977841950e+01
1.188038415183676655e+01
1.188046259524021053e+01
1.188036712003660433e+01
1.188024806119753052e+01
1.188031103334215288e+01
1.188045410694879678e+01
1.188042564958498204e+01
1.188028303027364352e+01
1.188026484329911270e+01
1.188039476569226949e+01
1.188046471982023711e+01
1.188034946293314498e+01
1.188024188738951459e+01
1.188033251221183662e+01
1.188045800224647408e+01
1.188041142433727693e+01
1.188027581273132682e+01
1.188026928074081034e+01
1.188041204325467426e+01
1.188046192214473429e+01
1.188032757981396159e+01
1.188024647049739002e+01
1.188034824880966411e+01
1.188045961378420046e+01
1.188040214106206349e+01
1.188026227473652519e+01
1.188028012238374131e+01
1.188043041572544922e+01
1.188044916940361873e+01
1.188031380985784224e+01
1.188025133381845677e+01
1.188035959688154897e+01
1.188046703003492865e+01
1.188038569983391746e+01
1.188025066523423234e+01
1.188029907620422065e+01
1.188043895993435406e+01
1.188043852205065676e+01
1.188030359388321777e+01
1.188025097082786985e+01
1.188037820541173595e+01
1.188046993900394277e+01
1.188036380120809632e+01
1.188024967129995879e+01
1.188031337856808811e+01
1.188044516819456575e+01
1.188043250718072485e+01
1.188028650551986765e+01
1.188025701387122268e+01
1.188039914196145830e+01
1.188046252563809269e+01
1.188034896811891450e+01
1.188024935711158747e+01
1.188032369152300660e+01
1.188045755759394595e+01
1.188041897666880509e+01
1.188027030810939522e+01
1.188027199248592147e+01
1.188041106336353359e+01
1.188045648695865530e+01
1.188033734380586459e+01
1.188024368913784912e+01
1.188034185328317704e+01
1.188046613033634458e+01
1.188039884180981964e+01
1.188026430805298261e+01
1.188028328627770591e+01
1.188042080014449731e+01
1.188045495740582957e+01
1.188031818662332384e+01
1.188024416358928548e+01
1.188036362335706464e+01
1.188046431072540798e+01
1.188038472630282705e+01
1.188025913246662313e+01
1.188029089771127822e+01
1.188043729266254722e+01
1.188044575518832602e+01
1.188029871530738646e+01
1.188025413931128682e+01
1.188037731652061701e+01
1.188046338577779260e+01
1.188037345039432147e+01
1.188024823400158425e+01
1.188030685080983773e+01
1.188045091054556934e+01
1.188042896823970196e+01
1.188028879415914396e+01
1.188026120567583988e+01
1.188038911306559342e+01
1.188046707580230787e+01
1.188035395477830747e+01
1.188024293209893933e+01
1.188032764995773505e+01
1.188045435434925956e+01
1.188041724203480776e+01
1.188027962194782461e+01
1.188026473215890277e+01
1.188040837857528587e+01
1.188046319078505775e+01
1.188033285080770263e+01
1.188024740753803599e+01
1.188034134847379519e+01
1.188045846897557922e+01
1.188040804839373621e+01
1.188026414040789724e+01
1.188027691822825282e+01
1.188042591227851652e+01
1.188045097344160439e+01
1.188032049019813385e+01
1.188024951341408197e+01
1.188035349391929074e+01
1.188046754973834673e+01
1.188039000973158643e+01
1.188025343937639633e+01
1.188029505912703065e+01
1.188043374157049392e+01
1.188044302003270580e+01
1.188030864129689590e+01
1.188024800431952066e+01
1.188037388285119889e+01
1.188046943644255826e+01
1.188036906774000379e+01
1.188025249860914734e+01
1.188030702544993034e+01
1.188044225091724826e+01
1.188043743250713291e+01
1.188028972962833407e+01
1.188025523455435817e+01
1.188039381192158572e+01
1.188046251938056308e+01
1.188035598608530385e+01
1.188024947500174555e+01
1.188031775122697731e+01
1.188045631022797721e+01
1.188042252030726864e+01
1.188027455203089033e+01
1.188026932546720360e+01
1.188040469679162037e+01
1.188045928572402943e+01
1.188034309334806338e+01
1.188024251609291149e+01
1.188033746944053526e+01
1.188046384007348522e+01
1.188040349812462182e+01
1.188026884965267094e+01
1.188027803756652823e+01
1.188041645493416709e+01
1.188045845341247464e+01
1.188032228855204053e+01
1.188024409790608793e+01
1.188035804355537906e+01
1.188046238686336409e+01
1.188039146559276560e+01
1.188026110950197634e+01
1.188028570804285167e+01
1.188043453936593785e+01
1.188044803377475844e+01
1.188030400446724144e+01
1.188025318951325637e+01
1.188037034595635077e+01
1.188046428183745107e+01
1.188037929901162038e+01
1.188024886920497991e+01
1.188030300723048427e+01
1.188044701415715743e+01
1.188043246623867155e+01
1.188029469370362001e+01
1.188025750438557182e+01
1.188038382918448477e+01
1.188046885436591360e+01
1.188035835956518049e+01
1.188024467996661748e+01
1.188032243193794102e+01
1.188045060578341072e+01
1.188042311427564535e+01
1.188028318744088274e+01
1.188026079336907870e+01
1.188040454406013424e+01
1.188046384477322270e+01
1.188033864104436077e+01
1.188024836488241043e+01
1.188033438239859940e+01
1.188045745627137251e+01
1.188041339045321720e+01
1.188026640084833474e+01
1.188027415664915942e+01
1.188042077023437670e+01
1.188045288143077016e+01
1.188032724861175460e+01
1.188024764144455681e+01
1.188034785298495244e+01
1.188046751241785159e+01
1.188039410999549261e+01
1.188025690082860386e+01
1.188029078374023051e+01
1.188042845187053231e+01
1.188044752720739972e+01
1.188031336215347977e+01
1.188024567567917344e+01
1.188036950955600446e+01
1.188046828436510438e+01
1.188037475334972370e+01
1.188025535517615339e+01
1.188030067205231965e+01
1.188043952116159652e+01
1.188044172444933366e+01
1.188029325446190221e+01
1.188025397854796061e+01
1.188038792526019627e+01
1.188046256840392090e+01
1.188036301444593335e+01
1.188024952340353124e+01
1.188031236499862686e+01
1.188045455846259735e+01
1.188042574163900156e+01
1.188027943759501781e+01
1.188026648071924640e+01
1.188039831029337279e+01
1.188046207294871159e+01
1.188034842052958950e+01
1.188024197771540713e+01
1.188033315909397380e+01
1.188046089832727148e+01
1.188040847654485788e+01
1.188027340020273570e+01
1.188027284021427299e+01
1.188041237683523121e+01
1.188046127174284905e+01
1.188032657808544634e+01
1.188024460716129482e+01
1.188035200051007401e+01
1.188046049966889406e+01
1.188039814761060420e+01
1.188026296912130952e+01
1.188028115301423071e+01
1.188043136329165428e+01
1.188044989660256689e+01
1.188030986581691373e+01
1.188025211830692385e+01
1.188036342069140616e+01
1.188046517485167897e+01
1.188038462636225390e+01
1.188025010304035689e+01
1.188029935607267262e+01
1.188044249562565646e+01
1.188043620242379106e+01
1.188030055726705925e+01
1.188025388402338756e+01
1.188037890877780534e+01
1.188046994078786511e+01
1.188036282909078167e+01
1.188024702209476047e+01
1.188031684521795306e+01
1.188044690532563408e+01
1.188042887169169148e+01
1.188028656094333790e+01
1.188025754915802246e+01
1.188040039114117796e+01
1.188046401608936975e+01
1.188034491865243858e+01
1.188024922823945850e+01
1.188032753088568150e+01
1.188045647963576812e+01
1.188041811960466987e+01
1.188026919287915995e+01
1.188027169123531657e+01
1.188041506189296115e+01
1.188045496504045140e+01
1.188033390884017493e+01
1.188024585207185169e+01
1.188034267931181631e+01
1.188046680128446120e+01
1.188039815272289701e+01
1.188026094370930608e+01
1.188028622516869071e+01
1.188042324844027853e+01
1.188045188112382533e+01
1.188031779614024153e+01
1.188024407379811720e+01
1.188036493638501234e+01
1.188046661378362145e+01
1.188038083605015061e+01
1.188025811487007033e+01
1.188029449627684109e+01
1.188043689521924229e+01
1.188044532886661919e+01
1.188029721786500659e+01
1.188025309899697213e+01
1.188038154715627215e+01
1.188046275769244353e+01
1.188036987441414283e+01
1.188024962538884388e+01
1.188030754693722812e+01
1.188045218361396671e+01
1.188042879399598206e+01
1.188028486308163068e+01
1.188026342021280435e+01
1.188039206864943509e+01
1.188046469453809983e+01
1.188035335431297668e+01
1.188024216619768758e+01
1.188032877151342603e+01
1.188045743461767856e+01
1.188041376663872839e+01
1.188027782265860566e+01
1.188026786774358712e+01
1.188040849376288577e+01
1.188046335306626133e+01
1.188033119488303058e+01
1.188024554391618892e+01
1.188034555050066388e+01
1.188045874738477714e+01
1.188040459321350184e+01
1.188026482320383970e+01
1.188027725401532031e+01
1.188042764354791636e+01
1.188045149892467123e+01
1.188031620333847727e+01
1.188025087371785737e+01
1.188035671070605126e+01
1.188046592002724111e+01
1.188038945218677966e+01
1.188025203070239044e+01
1.188029574401839028e+01
1.188043748195397953e+01
1.188044017937255425e+01
1.188030623831233257e+01
1.188025051208366101e+01
1.188037429028752179e+01
1.188047027144964574e+01
1.188036750583825096e+01
1.188024981081788489e+01
1.188031093536942606e+01
1.188044336385354960e+01
1.188043433686216055e+01
1.188028984356107109e+01
1.188025502686046764e+01
1.188039579600222773e+01
1.188046386221060047e+01
1.188035159512259753e+01
1.188024993142031249e+01
1.188032096697756579e+01
1.188045540397875577e+01
1.188042224787685441e+01
1.188027261490008790e+01
1.188026936526684096e+01
1.188040891027701740e+01
1.188045724093985100e+01
1.188034031666192369e+01
1.188024430556174771e+01
1.188033792052476656e+01
1.188046534884577454e+01
1.188040228428072709e+01
1.188026542099716742e+01
1.188028141661456694e+01
1.188041825363554338e+01
1.188045590790310158e+01
1.188032203444507218e+01
1.188024323097846313e+01
1.188036003560361920e+01
1.188046458422669005e+01
1.188038723675053454e+01
1.188026069758733172e+01
1.188028867210328698e+01
1.188043424756975064e+01
1.188044825142145378e+01
1.188030172208703306e+01
1.188025243529941832e+01
1.188037479486375503e+01
1.188046311859914717e+01
1.188037640613269197e+01
1.188024993331543655e+01
1.188030325242919716e+01
1.188044911422120720e+01
1.188043182856887370e+01
1.188029068345898054e+01
1.188026016343043700e+01
1.188038610409232021e+01
1.188046698158016312e+01
1.188035797712907637e+01
1.188024311829620316e+01
1.188032417393165474e+01
1.188045360983507592e+01
1.188041930057145201e+01
1.188028202386071008e+01
1.188026329313051299e+01
1.188040468916050330e+01
1.188046469770817026e+01
1.188033624602111082e+01
1.188024674365287403e+01
1.188033880304824308e+01
1.188045717607953300e+01
1.188041063902728212e+01
1.188026681605745338e+01
1.188027397287008213e+01
1.188042330413899883e+01
1.188045299741585126e+01
1.188032287571727252e+01
1.188024946060573939e+01
1.188035035619566493e+01
1.188046635435509835e+01
1.188039385146486993e+01
1.188025469339667239e+01
1.188029203220490793e+01
1.188043213420326261e+01
1.188044434209860434e+01
1.188031163197550377e+01
1.188024755893237661e+01
1.188036986515533222e+01
1.188046984193836408e+01
1.188037250287381319e+01
1.188025287817937325e+01
1.188030480221325647e+01
1.188044004160836309e+01
1.188043934490967679e+01
1.188029317190787637e+01
1.188025319367320343e+01
1.188039067716467301e+01
1.188046354554660944e+01
1.188035853483097526e+01
1.188025046429680742e+01
1.188031483676930300e+01
1.188045407260019815e+01
1.188042584407511271e+01
1.188027671305458099e+01
1.188026703294142550e+01
1.188040247499704449e+01
1.188045966818877552e+01
1.188034635723799504e+01
1.188024316851213058e+01
1.188033347488779512e+01
1.188046314605301745e+01
1.188040662490495158e+01
1.188027016229418820e+01
1.188027644640364500e+01
1.188041354079625833e+01
1.188045944291115674e+01
1.188032620674860240e+01
1.188024311911547670e+01
1.188035471905387652e+01
1.188046236359374142e+01
1.188039382757298590e+01
1.188026307842326013e+01
1.188028334948977793e+01
1.188043142771291727e+01
1.188045055582433029e+01
1.188030681912230513e+01
1.188025183423324549e+01
1.188036782460938490e+01
1.188046362492161556e+01
1.188038248674239483e+01
1.188025060936801758e+01
1.188029938534416452e+01
1.188044533619646081e+01
1.188043497378768976e+01
1.188029672735779840e+01
1.188025678574107502e+01
1.188038050155181935e+01
1.188046877103193566e+01
1.188036241275684191e+01
1.188024481040735481e+01
1.188031927022882606e+01
1.188044959659423583e+01
1.188042496017130034e+01
1.188028596489608013e+01
1.188025926835672585e+01
1.188040081817429794e+01
1.188046536502166539e+01
1.188034179056433004e+01
1.188024804572044602e+01
1.188033190890514490e+01
1.188045577441266687e+01
1.188041615618029034e+01
1.188026910533057645e+01
1.188027121796885766e+01
1.188041832507677142e+01
1.188045452941137725e+01
1.188032971245647751e+01
1.188024794038283538e+01
1.188034445187512311e+01
1.188046631724520630e+01
1.188039794321334952e+01
1.188025807233301201e+01
1.188028811535573581e+01
1.188042662842353536e+01
1.188044858383235081e+01
1.188031668658525675e+01
1.188024517707896699e+01
1.188036549329328295e+01
1.188046870753944617e+01
1.188037788770493997e+01
1.188025605661875161e+01
1.188029858895239066e+01
1.188043694166359643e+01
1.188044376283535719e+01
1.188029669944730315e+01
1.188025196171022557e+01
1.188038500752037230e+01
1.188046321261066929e+01
1.188036557023007589e+01
1.188025087386971634e+01
1.188030924282697853e+01
1.188045232770516257e+01
1.188042902352922248e+01
1.188028147416289393e+01
1.188026457888564735e+01
1.188039593383050452e+01
1.188046215270736994e+01
1.188035196774801072e+01
1.188024259291578311e+01
1.188032920602311471e+01
1.188046024391105782e+01
1.188041125189900526e+01
1.188027499417950139e+01
1.188027144830413029e+01
1.188040912644260416e+01
1.188046235062573253e+01
1.188033046305692864e+01
1.188024365366081625e+01
1.188034895107023736e+01
1.188046010733029689e+01
1.188040044606239753e+01
1.188026529008586252e+01
1.188027863696771291e+01
1.188042828049449540e+01
1.188045235456452531e+01
1.188031250260360494e+01
1.188025116978390372e+01
1.188036081388690945e+01
1.188046419604518356e+01
1.188038804408536819e+01
1.188025180448685347e+01
1.188029581195369033e+01
1.188044089555007510e+01
1.188043831791248195e+01
1.188030281702101476e+01
1.188025340993866408e+01
1.188037528961216438e+01
1.188046992604405894e+01
1.188036680870951578e+01
1.188024716142231796e+01
1.188031401469409687e+01
1.188044555848291495e+01
1.188043059010904656e+01
1.188028966484309912e+01
1.188025590624938665e+01
1.188039672771697575e+01
1.188046546513562518e+01
1.188034783043895715e+01
1.188024931341637291e+01
1.188032504312438853e+01
1.188045447544574706e+01
1.188042106501614370e+01
1.188027184088454469e+01
1.188026885733608751e+01
1.188041274622010235e+01
1.188045619494109673e+01
1.188033653335661555e+01
1.188024642379702733e+01
1.188033903673955294e+01
1.188046567123000941e+01
1.188040187349039911e+01
1.188026209045382231e+01
1.188028393635188351e+01
1.188042113504172370e+01
1.188045275812849333e+01
1.188032140871456832e+01
1.188024348233525629e+01
1.188036102281080630e+01
1.188046697603845203e+01
1.188038367215203195e+01
1.188025919924621654e+01
1.188029246607023914e+01
1.188043401040840230e+01
1.188044750517669002e+01
1.188030057538958140e+01
1.188025120016733993e+01
1.188037881928535278e+01
1.188046297554740249e+01
1.188037252079657158e+01
1.188025125831132556e+01
1.188030423280275549e+01
1.188045003140398492e+01
1.188043193178191004e+01
1.188028682630497102e+01
1.188026193349989335e+01
1.188038946231253590e+01
1.188046455827852377e+01
1.188035714371569362e+01
1.188024269671715949e+01
1.188032496222516343e+01
1.188045674737123214e+01
1.188041618852241221e+01
1.188027976061777125e+01
1.188026658630098353e+01
1.188040496944423730e+01
1.188046454116888384e+01
1.188033495270617124e+01
1.188024470483055062e+01
1.188034275454769428e+01
1.188045793949956597e+01
1.188040691354593115e+01
1.188026741820398158e+01
1.188027458916860546e+01
1.188042466731769053e+01
1.188045379335055074e+01
1.188031870722020678e+01
1.188025035922638395e+01
1.188035394131065736e+01
1.188046470681524625e+01
1.188039306426335528e+01
1.188025363840485049e+01
1.188029237975433006e+01
1.188043589341226181e+01
1.188044189695856900e+01
1.188030878878801744e+01
1.188025019193259446e+01
1.188037043838922102e+01
1.188047035329275047e+01
1.188037131543178049e+01
1.188025004292423326e+01
1.188030841920732428e+01
1.188044163072765613e+01
1.188043601561746243e+01
1.188029319734318534e+01
1.188025326698315887e+01
1.188039227780326890e+01
1.188046514421579225e+01
1.188035430866741216e+01
1.188025045076807196e+01
1.188031838523332873e+01
1.188045316536739016e+01
1.188042534383730597e+01
1.188027514439622223e+01
1.188026673688342250e+01
1.188040666346281604e+01
1.188045804371265746e+01
1.188034316901861764e+01
1.188024505757195826e+01
1.188033409067879198e+01
1.188046432001699948e+01
1.188040579487146786e+01
1.188026662156628888e+01
1.188027949452429688e+01
1.188041579917294577e+01
1.188045669589869924e+01
1.188032586100630539e+01
1.188024253936031016e+01
1.188035631138540538e+01
1.188046479387151066e+01
1.188038980938270051e+01
1.188026219728399901e+01
1.188028661187865431e+01
1.188043114511510900e+01
1.188045054388330435e+01
1.188030492394693027e+01
1.188025075292591559e+01
1.188037220138987138e+01
1.188046289819860668e+01
1.188037921349687842e+01
1.188025175458296445e+01
1.188029979482178611e+01
1.188044708440420294e+01
1.188043472443025195e+01
1.188029264683444808e+01
1.188025908235536399e+01
1.188038321374499695e+01
1.188046672285143401e+01
1.188036193807266905e+01
1.188024354847089192e+01
1.188032059777679272e+01
1.188045280243927593e+01
1.188042139981144452e+01
1.188028434101789443e+01
1.188026203556984939e+01
1.188040097742632462e+01
1.188046598125809972e+01
1.188033980335864292e+01
1.188024611448041767e+01
1.188033620956681702e+01
1.188045593795925292e+01
1.188041305550544813e+01
1.188026958994456095e+01
1.188027120102329448e+01
1.188042048539160334e+01
1.188045503140378578e+01
1.188032531556293492e+01
1.188024937361629974e+01
1.188034736637609612e+01
1.188046500307358500e+01
1.188039759191899591e+01
1.188025618349235302e+01
1.188028893863955204e+01
1.188043047416470088e+01
1.188044568929472966e+01
1.188031451172492226e+01
1.188024730219676783e+01
1.188036586477588230e+01
1.188047001494681787e+01
1.188037606512524391e+01
1.188025329525722995e+01
1.188030255312763472e+01
1.188043790451483872e+01
1.188044106271520306e+01
1.188029668023566643e+01
1.188025135113446318e+01
1.188038736127166395e+01
1.188046456529639450e+01
1.188036111499738645e+01
1.188025141410182250e+01
1.188031209880117522e+01
1.188045169822770575e+01
1.188042903037961651e+01
1.188027909246264180e+01
1.188026470134845702e+01
1.188040021795200829e+01
1.188046006848446368e+01
1.188034947999628166e+01
1.188024400637849709e+01
1.188032953856683172e+01
1.188046222141088037e+01
1.188040984519206589e+01
1.188027150552978206e+01
1.188027484682864277e+01
1.188041072412423205e+01
1.188046022543167979e+01
1.188033015284022476e+01
1.188024235361425340e+01
1.188035124637474027e+01
1.188046232757888987e+01
1.188039619828309590e+01
1.188026499269053105e+01
1.188028119194981436e+01
1.188042820783977405e+01
1.188045291095844647e+01
1.188030982677136826e+01
1.188025045917086153e+01
1.188036528984198803e+01
1.188046298825516800e+01
1.188038550240836955e+01
1.188025252097454043e+01
1.188029586042282304e+01
1.188044343982686790e+01
1.188043754587274492e+01
1.188029877661267797e+01
1.188025606867087980e+01
1.188037730192718477e+01
1.188046847830250208e+01
1.188036645286977588e+01
1.188024515824012717e+01
1.188031599336978950e+01
1.188044857833177836e+01
1.188042679565739412e+01
1.188028866388275873e+01
1.188025796183269911e+01
1.188039701980627605e+01
1.188046669798742450e+01
1.188034510284638223e+01
1.188024771631779686e+01
1.188032944495523680e+01
1.188045412530475176e+01
1.188041872160988177e+01
1.188027195716522399e+01
1.188026840956184671e+01
1.188041568238143064e+01
1.188045622029490822e+01
1.188033217133778408e+01
1.188024824157619008e+01
1.188034121146785260e+01
1.188046492110417063e+01
1.188040172300252095e+01
1.188025945464459632e+01
1.188028536154843628e+01
1.188042480837699166e+01
1.188044961740108718e+01
1.188031990226276058e+01
1.188024490511064890e+01
1.188036144458607346e+01
1.188046893356126077e+01
1.188038115306891918e+01
1.188025674725006198e+01
1.188029653609838476e+01
1.188043441674597389e+01
1.188044557858867556e+01
1.188030025936794942e+01
1.188025010034903950e+01
1.188038191920939823e+01
1.188046388728864500e+01
1.188036809803399763e+01
1.188025221713710877e+01
1.188030631278055971e+01
1.188044991501234371e+01
1.188043221564520380e+01
1.188028370552087587e+01
1.188026261509308235e+01
1.188039357987663003e+01
1.188046220548472576e+01
1.188035537237781725e+01
1.188024343222506296e+01
1.188032526148421120e+01
1.188045939329349743e+01
1.188041412841472422e+01
1.188027656741262028e+01
1.188027010193112076e+01
1.188040595999181193e+01
1.188046319305881227e+01
1.188033442484571722e+01
1.188024287090099484e+01
1.188034576095894579e+01
1.188045974306533559e+01
1.188040269445481911e+01
1.188026758455178644e+01
1.188027633985345410e+01
1.188042504406688948e+01
1.188045469336957005e+01
1.188031531094894255e+01
1.188025017426256724e+01
1.188035825243444599e+01
1.188046319632857717e+01
1.188039128519185184e+01
1.188025371661041341e+01
1.188029231482957648e+01
1.188043911024797161e+01
1.188044050979034338e+01
1.188030503852466779e+01
1.188025298870756430e+01
1.188037178863387311e+01
1.188046967131505838e+01
1.188037082453828397e+01
1.188024747602061026e+01
1.188031107290874289e+01
1.188044424706473379e+01
1.188043224062248804e+01
1.188029271447663326e+01
1.188025450155827656e+01
1.188039294594991446e+01
1.188046677482847180e+01
1.188035088627995073e+01
1.188024935677372440e+01
1.188032262397214645e+01
1.188045246659450171e+01
1.188042380301888734e+01
1.188027467610404386e+01
1.188026610320341803e+01
1.188041026448821214e+01
1.188045748410483426e+01
1.188033909717242054e+01
1.188024704601746073e+01
1.188033554826590077e+01
1.188046430865387926e+01
1.188040559082867453e+01
1.188026340659159352e+01
1.188028156187689177e+01
1.188041907279578169e+01
1.188045355646709389e+01
1.188032493311025739e+01
1.188024313869543747e+01
1.188035703016173805e+01
1.188046718918303135e+01
1.188038662388133027e+01
1.188026023701745615e+01
1.188029052476093916e+01
1.188043114642858455e+01
1.188044944966048178e+01
1.188030408854011100e+01
1.188024940561814802e+01
1.188037595004880131e+01
1.188046324488551519e+01
1.188037508227425043e+01
1.188025292904413277e+01
1.188030110689741825e+01
1.188044766472782143e+01
1.188043503080396057e+01
1.188028894404677516e+01
1.188026038006947971e+01
1.188038692892510007e+01
1.188046434176403920e+01
1.188036080790435278e+01
1.188024347380645018e+01
1.188032111371351540e+01
1.188045591185009187e+01
1.188041870008213152e+01
1.188028163815503646e+01
1.188026540799506314e+01
1.188040149873910600e+01
1.188046548191509011e+01
1.188033882917422090e+01
1.188024398459705999e+01
1.188033984423297618e+01
1.188045718531087758e+01
1.188040912642103208e+01
1.188027002847261393e+01
1.188027214159299660e+01
1.188042150378001161e+01
1.188045602084485175e+01
1.188032134408895502e+01
1.188024978820597610e+01
1.188035126973388422e+01
1.188046342204000538e+01
1.188039651436737998e+01
1.188025548049160385e+01
1.188028901327062847e+01
1.188043416706242184e+01
1.188044368382792371e+01
1.188031125793894738e+01
1.188024998066354776e+01
1.188036667741130969e+01
1.188047018275557143e+01
1.188037520456520113e+01
1.188025039788693604e+01
1.188030581457922530e+01
1.188043996303093586e+01
1.188043756926826511e+01
1.188029653553913967e+01
1.188025174551339802e+01
1.188038860614589787e+01
1.188046634037395499e+01
1.188035713002951965e+01
1.188025091392387012e+01
1.188031592588721175e+01
1.188045087416686840e+01
1.188042824476029935e+01
1.188027788619917047e+01
1.188026413733484432e+01
1.188040429696822997e+01
1.188045890337188482e+01
1.188034591481135038e+01
1.188024591417001652e+01
1.188033039029875404e+01
1.188046304484246463e+01
1.188040934723167297e+01
1.188026793892580635e+01
1.188027750550107697e+01
1.188041342984785764e+01
1.188045734879973203e+01
1.188032963527043506e+01
1.188024209735447023e+01
1.188035247116728854e+01
1.188046490909456665e+01
1.188039246439522323e+01
1.188026363128204643e+01
1.188028469497626993e+01
1.188042801822092009e+01
1.188045261500644578e+01
1.188030830818820682e+01
1.188024912204904204e+01
1.188036951125966034e+01
1.188046273181307377e+01
1.188038188797899686e+01
1.188025366562724194e+01
1.188029650300763684e+01
1.188044482476067998e+01
1.188043762890627875e+01
1.188029471242778712e+01
1.188025794877669838e+01
1.188038043377196473e+01
1.188046632864759289e+01
1.188036580726128655e+01
1.188024422851133899e+01
1.188031694326871701e+01
1.188045190236624471e+01
1.188042355908885206e+01
1.188028657424060164e+01
1.188026093559305707e+01
1.188039727647717392e+01
1.188046702632866847e+01
1.188034350813448015e+01
1.188024554954651357e+01
1.188033354408796427e+01
1.188045476096638531e+01
1.188041531511989568e+01
1.188027242892542290e+01
1.188026862581792997e+01
1.188041746218322459e+01
1.188045704822264881e+01
1.188032783700698580e+01
1.188024923951594936e+01
1.188034451460785057e+01
1.188046352648732551e+01
1.188040120184617621e+01
1.188025791285114607e+01
1.188028580115770971e+01
1.188042873238687669e+01
1.188044708026914620e+01
1.188031728267628573e+01
1.188024720831957382e+01
1.188036191460815694e+01
1.188046994296489167e+01
1.188037973816973114e+01
1.188025377894481949e+01
1.188030025493153907e+01
1.188043584498224092e+01
1.188044260521794726e+01
1.188030022080406667e+01
1.188024972788752009e+01
1.188038387260099249e+01
1.188046555140275906e+01
1.188036375318518978e+01
1.188025231223503297e+01
1.188030952560380449e+01
1.188044921909850693e+01
1.188043205146306747e+01
1.188028169087458075e+01
1.188026235405171960e+01
1.188039789719252326e+01
1.188046050468000026e+01
1.188035246532857236e+01
1.188024500199992062e+01
1.188032569274524874e+01
1.188046105628233917e+01
1.188041314137265125e+01
1.188027290804586222e+01
1.188027321607294695e+01
1.188040800905452876e+01
1.188046082240500390e+01
1.188033409272902574e+01
1.188024181996961381e+01
1.188034763577000419e+01
1.188046225167242120e+01
1.188039860386619395e+01
1.188026684096997343e+01
1.188027922159959004e+01
1.188042491286314117e+01
1.188045507324647687e+01
1.188031302568399283e+01
1.188024908808326607e+01
1.188036271361285223e+01
1.188046238934725451e+01
1.188038835157470530e+01
1.188025457454921607e+01
1.188029246369413272e+01
1.188044131775120782e+01
1.188044016391089563e+01
1.188030086983497036e+01
1.188025533077209062e+01
1.188037423297316941e+01
1.188046799978840617e+01
1.188037044593154334e+01
1.188024573955171093e+01
1.188031261317201626e+01
1.188044752395597925e+01
1.188042864661433207e+01
1.188029127410409913e+01
1.188025685768779205e+01
1.188039318285436607e+01
1.188046781982420264e+01
1.188034857408961464e+01
1.188024740067235641e+01
1.188032696272179933e+01
1.188045252582030287e+01
1.188042109443886218e+01
1.188027492531270646e+01
1.188026576124324407e+01
1.188041283725395303e+01
1.188045793478798551e+01
1.188033465346560646e+01
1.188024852294215528e+01
1.188033813265345096e+01
1.188046334972444207e+01
1.188040541594090449e+01
1.188026106137848714e+01
1.188028253537117251e+01
1.188042296473018489e+01
1.188045065367645137e+01
1.188032300018752352e+01
1.188024484128066938e+01
1.188035739771204824e+01
1.188046894082757277e+01
1.188038454388056664e+01
1.188025745125386834e+01
1.188029448567499280e+01
1.188043196247438438e+01
1.188044718176491621e+01
1.188030390192938768e+01
1.188024842256318792e+01
1.188037865759793021e+01
1.188046457261145328e+01
1.188037062611233274e+01
1.188025353149352092e+01
1.188030357367742340e+01
1.188044734806545755e+01
1.188043528551524552e+01
1.188028614292099228e+01
1.188026060336630607e+01
1.188039122132794745e+01
1.188046225699612535e+01
1.188035862702722056e+01
1.188024447476668044e+01
1.188032135970818715e+01
1.188045832716728967e+01
1.188041709907869148e+01
1.188027814431253759e+01
1.188026877312762331e+01
1.188040289248997183e+01
1.188046381161015930e+01
1.188033843027986869e+01
1.188024228505145352e+01
1.188034242932964624e+01
1.188045938659749012e+01
1.188040492129489678e+01
1.188026983132459158e+01
1.188027425814878946e+01
1.188042168337676507e+01
1.188045688184025828e+01
1.188031829993279409e+01
1.188024914654294406e+01
1.188035570893467963e+01
1.188046220134773634e+01
1.188039434422088547e+01
1.188025581625964477e+01
1.188028889846853531e+01
1.188043712265592333e+01
1.188044276986540915e+01
1.188030724653824777e+01
1.188025259211266160e+01
1.188036841948098221e+01
1.188046919174071370e+01
1.188037484294379631e+01
1.188024799002098852e+01
1.188030802060374214e+01
1.188044295033078690e+01
1.188043385217216930e+01
1.188029568940362779e+01
1.188025332901464992e+01
1.188038907655053222e+01
1.188046791554667792e+01
1.188035409333104830e+01
1.188024937377993595e+01
1.188032024552266641e+01
1.188045047853751335e+01
1.188042633039003171e+01
1.188027767332263096e+01
1.188026346176988568e+01
1.188040760173497112e+01
1.188045882337221393e+01
1.188034162558074414e+01
1.188024769025586380e+01
1.188033222581934290e+01
1.188046273122116858e+01
1.188040927106456301e+01
1.188026491421231157e+01
1.188027910380057861e+01
1.188041704039686408e+01
1.188045430563643379e+01
1.188032834994822906e+01
1.188024303414079341e+01
1.188035299009466961e+01
1.188046722531542088e+01
1.188038969674322765e+01
1.188026124431013386e+01
1.188028864373862170e+01
1.188042832832914186e+01
1.188045116159058878e+01
1.188030773033764298e+01
1.188024774714484799e+01
1.188037292637403652e+01
1.188046355570827295e+01
1.188037758488716200e+01
1.188025460893890717e+01
1.188029817910238251e+01
1.188044510362274941e+01
1.188043805774223749e+01
1.188029123644857421e+01
1.188025876307119333e+01
1.188038444644561764e+01
1.188046407509024505e+01
1.188036432891227356e+01
1.188024448604140026e+01
1.188031725816527917e+01
1.188045490192893183e+01
1.188042130543927044e+01
1.188028347213614211e+01
1.188026430336048733e+01
1.188039810599476453e+01
1.188046617725347964e+01
1.188034279590914011e+01
1.188024341366471859e+01
1.188033680812277026e+01
1.188045647401572857e+01
1.188041125883750659e+01
1.188027262537855933e+01
1.188026991882033556e+01
1.188041817509477660e+01
1.188045814877508910e+01
1.188032413230970263e+01
1.188024916475193571e+01
1.188034867298497765e+01
1.188046209634133987e+01
1.188039978630801841e+01
1.188025754294115899e+01
1.188028567688152393e+01
1.188043227851158967e+01
1.188044554294615018e+01
1.188031366352890572e+01
1.188024984787857008e+01
1.188036303064627397e+01
1.188046976454652892e+01
1.188037914386130822e+01
1.188025090470247491e+01
1.188030311143259254e+01
1.188043834909649910e+01
1.188043902594897538e+01
1.188029982981230859e+01
1.188025046739723756e+01
1.188038480498656568e+01
1.188046741899073488e+01
1.188036007602052635e+01
1.188025132587189425e+01
1.188031356477483769e+01
1.188044856140487937e+01
1.188043093657300453e+01
1.188028082388115259e+01
1.188026159870636533e+01
1.188040178800196500e+01
1.188045982188943483e+01
1.188034857291410162e+01
1.188024684404039988e+01
1.188032684124295457e+01
1.188046153076732558e+01
1.188041291138648958e+01
1.188026940061708991e+01
1.188027544064201280e+01
1.188041113298639928e+01
1.188045789598897173e+01
1.188033332954182164e+01
1.188024190717373507e+01
1.188034854032736476e+01
1.188046489929158334e+01
1.188039521728952508e+01
1.188026500549300835e+01
1.188028289585590969e+01
1.188042489805065927e+01
1.188045445312507198e+01
1.188031185625411013e+01
1.188024757424206257e+01
1.188036670308935960e+01
1.188046262049842916e+01
1.188038444979896902e+01
1.188025563433249943e+01
1.188029339703802734e+01
1.188044234534326904e+01
1.188044051179429950e+01
1.188029690641562652e+01
1.188025675476502485e+01
1.188037775028564980e+01
1.188046582962524944e+01
1.188036955802809125e+01
1.188024515785302171e+01
1.188031323681581419e+01
1.188045088014998640e+01
1.188042579282493172e+01
1.188028873049531065e+01
1.188025996613514756e+01
1.188039361728082000e+01
1.188046782387023015e+01
1.188034734000207315e+01
1.188024507972204269e+01
1.188033078640812690e+01
1.188045364522435854e+01
1.188041743966276620e+01
1.188027530030231915e+01
1.188026626516501416e+01
1.188041424695002490e+01
1.188045901775054780e+01
1.188033046502426338e+01
1.188024905125086050e+01
1.188034178554685916e+01
1.188046195645140557e+01
1.188040465600492546e+01
1.188025987819465890e+01
1.188028264682402479e+01
1.188042688049255524e+01
1.188044852854876510e+01
1.188031995305145294e+01
1.188024724864145121e+01
1.188035804503827642e+01
1.188046961966964155e+01
1.188038350024142176e+01
1.188025435932214258e+01
1.188029788837408596e+01
1.188043386209259822e+01
1.188044399596656042e+01
1.188030376064055638e+01
1.188024833943872949e+01
1.188038022567476659e+01
1.188046647404890166e+01
1.188036647337550278e+01
1.188025315251224612e+01
1.188030710012976598e+01
1.188044666808677441e+01
1.188043488388094282e+01
1.188028450246222789e+01
1.188026001844696466e+01
1.188039548529919109e+01
1.188046098952372809e+01
1.188035532296063934e+01
1.188024612515023293e+01
1.188032196681817432e+01
1.188045964707425206e+01
1.188041649063002581e+01
1.188027439914334060e+01
1.188027153564319960e+01
1.188040539343830737e+01
1.188046125925009200e+01
1.188033799354204412e+01
1.188024153111010506e+01
1.188034390350480152e+01
1.188046210648909984e+01
1.188040106753051006e+01
1.188026861803616541e+01
1.188027741947031402e+01
1.188042157640081875e+01
1.188045702135590176e+01
1.188031640772993036e+01
1.188024774844693354e+01
1.188036006927297983e+01
1.188046184019569296e+01
1.188039104573702254e+01
1.188025673843150187e+01
1.188028922316319047e+01
1.188043896900409280e+01
1.188044280436827904e+01
1.188030303564613988e+01
1.188025455417454701e+01
1.188037129106147738e+01
1.188046736280075599e+01
1.188037435958148080e+01
1.188024656462413553e+01
1.188030914728806309e+01
1.188044640453874301e+01
1.188043053567806417e+01
1.188029379147004505e+01
1.188025593487336629e+01
1.188038934132643654e+01
1.188046871154411832e+01
1.188035219416773813e+01
1.188024712618332401e+01
1.188032443611300160e+01
1.188045098713937797e+01
1.188042328818290905e+01
1.188027797691224663e+01
1.188026329927232716e+01
1.188040979116214757e+01
1.188045964891001560e+01
1.188033718694772034e+01
1.188024876718190015e+01
1.188033521004483362e+01
1.188046163222711016e+01
1.188040899059802236e+01
1.188026290020849807e+01
1.188027965552897669e+01
1.188042106894469896e+01
1.188045171487195084e+01
1.188032597765110943e+01
1.188024496238621275e+01
1.188035338666381691e+01
1.188046871282778838e+01
1.188038804835097473e+01
1.188025819589392285e+01
1.188029241194172414e+01
1.188042958905170643e+01
1.188044858810220461e+01
1.188030759339263120e+01
1.188024695258215147e+01
1.188037522632203036e+01
1.188046524433762130e+01
1.188037318226246697e+01
1.188025480025419078e+01
1.188030101809404293e+01
1.188044465760811619e+01
1.188043820302831044e+01
1.188028879156583528e+01
1.188025856317930717e+01
1.188038882989311773e+01
1.188046232910693867e+01
1.188036173065940027e+01
1.188024569520985096e+01
1.188031753424714765e+01
1.188045703152446286e+01
1.188042015076697133e+01
1.188027975204565223e+01
1.188026743633824012e+01
1.188039993292485974e+01
1.188046422436723226e+01
1.188034244512903648e+01
1.188024191812106878e+01
1.188033896168028036e+01
1.188045901351381950e+01
1.188040715427771410e+01
1.188027201447234482e+01
1.188027238215065040e+01
1.188041823050711798e+01
1.188045889151454659e+01
1.188032147250406467e+01
1.188024810666036046e+01
1.188035315515180912e+01
1.188046123260252962e+01
1.188039722210975491e+01
1.188025807610846662e+01
1.188028559557103137e+01
1.188043492119018119e+01
1.188044508396832377e+01
1.188030946825112366e+01
1.188025219468463689e+01
1.188036518963252419e+01
1.188046850778914809e+01
1.188037882962616720e+01
1.188024872312576719e+01
1.188030486482389847e+01
1.188044164368846545e+01
1.188043545253075806e+01
1.188029857467039996e+01
1.188025237645718590e+01
1.188038515258192440e+01
1.188046886072221753e+01
1.188035745255923459e+01
1.188024938491599158e+01
1.188031787938643902e+01
1.188044853229424191e+01
1.188042865032262085e+01
1.188028080345319104e+01
1.188026096451991087e+01
1.188040474863288409e+01
1.188046019775292805e+01
1.188034414597327348e+01
1.188024833111741785e+01
1.188032907505009028e+01
1.188046096170594801e+01
1.188041288025193154e+01
1.188026663073171818e+01
1.188027657042390572e+01
1.188041501297659153e+01
1.188045503360860167e+01
1.188033164554594379e+01
1.188024315396102537e+01
1.188034893624488042e+01
1.188046705990574026e+01
1.188039289001753218e+01
1.188026224203267667e+01
1.188028679426642675e+01
1.188042557644158670e+01
1.188045264664490830e+01
1.188031147025450629e+01
1.188024625472582940e+01
1.188036974095540010e+01
1.188046389234380840e+01
1.188038005643812589e+01
1.188025627276163299e+01
1.188029545292533840e+01
1.188044237298834283e+01
1.188044097939540578e+01
1.188029371875558837e+01
1.188025709182558920e+01
1.188038198956533620e+01
1.188046378646901857e+01
1.188036769466126330e+01
1.188024571617479275e+01
1.188031342936376333e+01
1.188045369515369032e+01
1.188042400247100971e+01
1.188028528397092565e+01
1.188026324316678739e+01
1.188039481057000479e+01
1.188046663549662618e+01
1.188034682132505537e+01
1.188024302031039880e+01
1.188033364066199837e+01
1.188045578930501911e+01
1.188041333921461629e+01
1.188027518403244187e+01
1.188026792194123615e+01
1.188041470801216981e+01
1.188046014501319902e+01
1.188032708514974978e+01
1.188024849904521574e+01
1.188034612510896615e+01
1.188046075811516999e+01
1.188040286995308570e+01
1.188025980608869858e+01
1.188028240411199654e+01
1.188043020731781674e+01
1.188044747103069021e+01
1.188031602761957117e+01
1.188024976378111219e+01
1.188035951614235053e+01
1.188046910966443370e+01
1.188038310108974649e+01
1.188025158985533380e+01
1.188030030568777562e+01
1.188043677192789360e+01
1.188044041486434921e+01
1.188030305588821989e+01
1.188024943110204390e+01
1.188038090257753687e+01
1.188046834925368422e+01
1.188036315817178590e+01
1.188025169758608257e+01
1.188031127507963269e+01
1.188044625550548616e+01
1.188043341140584808e+01
1.188028393557972073e+01
1.188025915390821652e+01
1.188039911798469461e+01
1.188046079499822127e+01
1.188035116624288712e+01
1.188024781684059583e+01
1.188032345988832184e+01
1.188045979142101238e+01
1.188041645487247955e+01
1.188027103134530371e+01
1.188027329709646374e+01
1.188040889077156592e+01
1.188045836756042561e+01
1.188033692049683054e+01
1.188024196454688663e+01
1.188034454822615160e+01
1.188046473510722301e+01
1.188039807812056381e+01
1.188026633171194035e+01
1.188028118664774624e+01
1.188042181280732024e+01
1.188045605289237194e+01
1.188031554438849113e+01
1.188024614152056380e+01
1.188036375995133120e+01
1.188046255909210913e+01
1.188038692295139320e+01
1.188025762993163248e+01
1.188029049126833492e+01
1.188043966225105486e+01
1.188044334077360986e+01
1.188029925182925339e+01
1.188025549850995688e+01
1.188037514445312581e+01
1.188046525678406340e+01
1.188037316837358937e+01
1.188024632947522541e+01
1.188030950848050615e+01
1.188044970792891597e+01
1.188042810984229902e+01
1.188029082251493840e+01
1.188025909813618775e+01
1.188039002749375328e+01
1.188046837123653354e+01
1.188035127367417232e+01
1.188024473594309782e+01
1.188032792100928781e+01
1.188045258466977216e+01
1.188041945442004987e+01
1.188027817310388556e+01
1.188026413109119694e+01
1.188041085800703556e+01
1.188046090812043154e+01
1.188033322114921830e+01
1.188024880794179872e+01
1.188033915911471183e+01
1.188046032478725067e+01
1.188040793409806284e+01
1.188026206984893562e+01
1.188027950601786031e+01
1.188042489205266250e+01
1.188045004192166232e+01
1.188032253670926863e+01
1.188024739285557274e+01
1.188035428280010741e+01
1.188046904519305080e+01
1.188038732491219918e+01
1.188025506616437887e+01
1.188029543910677432e+01
1.188043194878427755e+01
1.188044526170748760e+01
1.188030726887595812e+01
1.188024719525057371e+01
1.188037644069946630e+01
1.188046730204527179e+01
1.188036929582617063e+01
1.188025393496871907e+01
1.188030480082364093e+01
1.188044407764939692e+01
1.188043750938762599e+01
1.188028751509397907e+01
1.188025772489811160e+01
1.188039295713347165e+01
1.188046152989561755e+01
1.188035806811120842e+01
1.188024734431608564e+01
1.188031838620127800e+01
1.188045799666683244e+01
1.188041986577940001e+01
1.188027600745592061e+01
1.188026979215449508e+01
1.188040286903923004e+01
1.188046156427109601e+01
1.188034182488252100e+01
1.188024149379179484e+01
1.188034007131080827e+01
1.188046186164072893e+01
1.188040360848868993e+01
1.188027032491683777e+01
1.188027576232920701e+01
1.188041823126511076e+01
1.188045873938213148e+01
1.188031995859681267e+01
1.188024647035596360e+01
1.188035733277710904e+01
1.188046134681063037e+01
1.188039360172277448e+01
1.188025898004589465e+01
1.188028616254612935e+01
1.188043639907943394e+01
1.188044543964906552e+01
1.188030530164556353e+01
1.188025372631342336e+01
1.188036846654769008e+01
1.188046659720615139e+01
1.188037816429988247e+01
1.188024763747014489e+01
1.188030561859973133e+01
1.188044519051494952e+01
1.188043248122540874e+01
1.188029621816470005e+01
1.188025516834014361e+01
1.188038552803525860e+01
1.188046935978809415e+01
1.188035594691971752e+01
1.188024692251542902e+01
1.188032184195537155e+01
1.188044951434565633e+01
1.188042532150875275e+01
1.188028107857045512e+01
1.188026104533110328e+01
1.188040655198858175e+01
1.188046133493298839e+01
1.188033979852164990e+01
1.188024896249014262e+01
1.188033243232811564e+01
1.188045979994235068e+01
1.188041241873709453e+01
1.188026497247394531e+01
1.188027674570338732e+01
1.188041909220686065e+01
1.188045281868585512e+01
1.188032883822520347e+01
