1.188024147592622626e+01
1.188036286515697704e+01
1.188027920113015945e+01
1.188029947219575888e+01
1.188034800788984668e+01
1.188024721501768255e+01
1.188036707528828018e+01
1.188026732648742190e+01
1.188031436301479360e+01
1.188033560514758946e+01
1.188025254990960633e+01
1.188037098418632809e+01
1.188025511001864309e+01
1.188033113163317545e+01
1.188031965897648057e+01
1.188026240031648229e+01
1.188037070771551207e+01
1.188024525042400015e+01
1.188034858308612662e+01
1.188029946610505405e+01
1.188027971611303357e+01
1.188036087565679466e+01
1.188024545825298617e+01
1.188035700994715960e+01
1.188028618230584144e+01
1.188029252418672321e+01
1.188035369847199973e+01
1.188024370234579408e+01
1.188036806913298982e+01
1.188026852221123697e+01
1.188031185747630580e+01
1.188033828263202629e+01
1.188025072334720278e+01
1.188037138214113675e+01
1.188025608770746011e+01
1.188032944115377454e+01
1.188032101063712709e+01
1.188026248076905134e+01
1.188036842600032372e+01
1.188024991425731258e+01
1.188034202217901658e+01
1.188030690468482220e+01
1.188027265035039726e+01
1.188036646184194112e+01
1.188024198664109399e+01
1.188035838238207731e+01
1.188028627463855180e+01
1.188029199383497492e+01
1.188035359876908181e+01
1.188024517829112625e+01
1.188036504790899528e+01
1.188027261122188349e+01
1.188030768270671267e+01
1.188034136456024115e+01
1.188024973668868256e+01
1.188036976974054149e+01
1.188026013910682899e+01
1.188032373089692584e+01
1.188032721670456482e+01
1.188025696610149673e+01
1.188037239958183555e+01
1.188024774255000082e+01
1.188034278190790083e+01
1.188030666680333347e+01
1.188027344707148103e+01
1.188036420721866726e+01
1.188024610199290265e+01
1.188035265277934016e+01
1.188029277656768912e+01
1.188028590917821603e+01
1.188035809035907064e+01
1.188024308357641701e+01
1.188036455830335214e+01
1.188027520766637402e+01
1.188030396149284229e+01
1.188034504086594367e+01
1.188024708720146094e+01
1.188037090749753766e+01
1.188026035372234013e+01
1.188032290545541514e+01
1.188032758302666991e+01
1.188025809750916473e+01
1.188036911688917030e+01
1.188025321243020827e+01
1.188033574138091275e+01
1.188031417983217608e+01
1.188026671483147290e+01
1.188036912597993044e+01
1.188024350415167518e+01
1.188035308730216677e+01
1.188029375628766360e+01
1.188028459603442677e+01
1.188035868705502196e+01
1.188024387068228194e+01
1.188036232594154740e+01
1.188027831371556253e+01
1.188030100694746771e+01
1.188034669523605302e+01
1.188024763388356320e+01
1.188036780424380900e+01
1.188026569779034070e+01
1.188031622077675031e+01
1.188033439260407143e+01
1.188025232471978221e+01
1.188037309432711730e+01
1.188025116797586556e+01
1.188033635593344961e+01
1.188031403958325249e+01
1.188026745739612799e+01
1.188036695304463031e+01
1.188024739674048469e+01
1.188034783813697715e+01
1.188029944237035274e+01
1.188027967193032275e+01
1.188036174199866934e+01
1.188024335748704452e+01
1.188036026887943741e+01
1.188028231953739677e+01
1.188029612496083942e+01
1.188035126734893510e+01
1.188024429861623155e+01
1.188036951915568729e+01
1.188026533620402958e+01
1.188031604381444417e+01
1.188033402861648646e+01
1.188025420586412473e+01
1.188036916017826883e+01
1.188025705254863418e+01
1.188032925382803384e+01
1.188032120398822933e+01
1.188026146315884368e+01
1.188037083899973823e+01
1.188024598552572542e+01
1.188034707857488570e+01
1.188030151309980020e+01
1.188027741573430873e+01
1.188036316174884277e+01
1.188024335708119850e+01
1.188035889490482688e+01
1.188028441057633877e+01
1.188029437198686367e+01
1.188035157713458112e+01
1.188024622191457347e+01
1.188036515680800420e+01
1.188027167459434885e+01
1.188030873285525146e+01
1.188034106550185953e+01
1.188024855764195920e+01
1.188037276903611250e+01
1.188025548848217916e+01
1.188032939008600408e+01
1.188032147960092466e+01
1.188026184132548835e+01
1.188036905410185717e+01
1.188024935542712512e+01
1.188034259306038010e+01
1.188030613362644239e+01
1.188027384878461312e+01
1.188036465388197804e+01
1.188024447038653264e+01
1.188035530781014160e+01
1.188028971431775282e+01
1.188028849947950505e+01
1.188035683390959463e+01
1.188024243745339170e+01
1.188036719615818626e+01
1.188027100390678825e+01
1.188030891810340250e+01
1.188034028419158084e+01
1.188025084302652168e+01
1.188036856126421625e+01
1.188026138630469930e+01
1.188032263467539096e+01
1.188032790241749481e+01
1.188025693994267051e+01
1.188037160887646593e+01
1.188024936235274787e+01
1.188034047555520090e+01
1.188030939889104509e+01
1.188027059466196000e+01
1.188036691439431003e+01
1.188024369518496037e+01
1.188035474877744946e+01
1.188029087166135511e+01
1.188028781751900809e+01
1.188035598981729990e+01
1.188024548057867413e+01
1.188036189510882501e+01
1.188027796462332120e+01
1.188030138496046817e+01
1.188034713537415676e+01
1.188024571955167907e+01
1.188037142993600881e+01
1.188026063824234235e+01
1.188032199200663541e+01
1.188032886606955252e+01
1.188025670233854569e+01
1.188037044692179123e+01
1.188025199360452433e+01
1.188033694074329993e+01
1.188031281134595396e+01
1.188026846545323423e+01
1.188036683906923940e+01
1.188024635709077614e+01
1.188034978897959348e+01
1.188029724895951666e+01
1.188028122751455840e+01
1.188036162944733753e+01
1.188024156111830187e+01
1.188036394176884869e+01
1.188027730321651987e+01
1.188030160817841896e+01
1.188034627369352947e+01
1.188024805505110493e+01
1.188036731807206436e+01
1.188026617452495515e+01
1.188031594584161610e+01
1.188033421863034889e+01
1.188025316756373329e+01
1.188037146706968983e+01
1.188025354515487209e+01
1.188033341273702881e+01
1.188031726056906301e+01
1.188026427279976183e+01
1.188036984536276819e+01
1.188024492979839586e+01
1.188034989499045224e+01
1.188029765569995888e+01
1.188028139068422817e+01
1.188035990854388224e+01
1.188024539303856031e+01
1.188035808130165094e+01
1.188028447353502770e+01
1.188029427767581758e+01
1.188035252591151725e+01
1.188024383709411858e+01
1.188036911212143920e+01
1.188026652560231611e+01
1.188031428902001529e+01
1.188033606613662307e+01
1.188025214888011405e+01
1.188037106791212061e+01
1.188025532527663941e+01
1.188033090459189012e+01
1.188031943948644731e+01
1.188026354153656960e+01
1.188036831807976412e+01
1.188024894668721387e+01
1.188034382694091562e+01
1.188030478727856476e+01
1.188027443634474523e+01
1.188036556514039788e+01
1.188024170057676798e+01
1.188035978606836274e+01
1.188028415686973993e+01
1.188029421211284031e+01
1.188035190867103630e+01
1.188024589604612125e+01
1.188036542203540513e+01
1.188027138600514299e+01
1.188030923756508450e+01
1.188034011212501895e+01
1.188025014944051527e+01
1.188037046407110964e+01
1.188025842898507101e+01
1.188032603327689429e+01
1.188032494503370984e+01
1.188025858158402670e+01
1.188037187008781004e+01
1.188024708746797486e+01
1.188034435885240825e+01
1.188030470667210281e+01
1.188027514915715344e+01
1.188036330142932684e+01
1.188024594859721006e+01
1.188035376932054454e+01
1.188029111995556875e+01
1.188028749257521000e+01
1.188035718522937501e+01
1.188024290954414752e+01
1.188036587737432903e+01
1.188027303666421908e+01
1.188030642347074028e+01
1.188034294016497228e+01
1.188024828893007090e+01
1.188037085858201181e+01
1.188025935804097166e+01
1.188032451277431001e+01
1.188032598049871957e+01
1.188025909515211254e+01
1.188036911388666361e+01
1.188025216794309635e+01
1.188033753129073844e+01
1.188031220541818911e+01
1.188026823324186765e+01
1.188036857816878111e+01
1.188024285804266000e+01
1.188035478677227630e+01
1.188029146447778039e+01
1.188028684466058316e+01
1.188035709042660670e+01
1.188024442575842343e+01
1.188036286059729640e+01
1.188027699490273470e+01
1.188030255132416713e+01
1.188034555486208355e+01
1.188024787442623875e+01
1.188036866401618141e+01
1.188026389970502272e+01
1.188031848214749431e+01
1.188033230610986024e+01
1.188025363741054363e+01
1.188037292468632700e+01
1.188025017198472888e+01
1.188033818691012300e+01
1.188031195139245710e+01
1.188026916292343849e+01
1.188036612800319780e+01
1.188024714397774240e+01
1.188034900377474656e+01
1.188029783619349189e+01
1.188028109224579154e+01
1.188036108474678976e+01
1.188024291128342291e+01
1.188036181027673521e+01
1.188028004039409069e+01
1.188029854678278774e+01
1.188034934800579911e+01
1.188024522387469517e+01
1.188036977118938253e+01
1.188026408805197143e+01
1.188031780273534466e+01
1.188033239109910255e+01
1.188025514714480835e+01
1.188036924753735235e+01
1.188025595385493105e+01
1.188033100215703719e+01
1.188031939594247355e+01
1.188026270225451952e+01
1.188037063365263535e+01
1.188024500655463278e+01
1.188034902813917348e+01
1.188029910490072361e+01
1.188027963398951670e+01
1.188036171373939709e+01
1.188024370574531297e+01
1.188035962097090703e+01
1.188028297701105984e+01
1.188029592373783139e+01
1.188035052691072835e+01
1.188024632184609075e+01
1.188036613889165771e+01
1.188026984038078382e+01
1.188031089949788743e+01
1.188033921093822975e+01
1.188024953600009503e+01
1.188037297044959928e+01
1.188025416122146005e+01
1.188033144883987902e+01
1.188031929863877068e+01
1.188026351447625117e+01
1.188036833936909353e+01
1.188024898298331777e+01
1.188034382049278292e+01
1.188030456728142070e+01
1.188027512198811841e+01
1.188036421642716434e+01
1.188024379581021961e+01
1.188035701297072144e+01
1.188028739483223362e+01
1.188029081271837661e+01
1.188035515574853562e+01
1.188024304221797500e+01
1.188036777426402857e+01
1.188026949534878085e+01
1.188031082514716275e+01
1.188033861877672770e+01
1.188025172439753163e+01
1.188036873484814571e+01
1.188026024493299282e+01
1.188032432715447406e+01
1.188032627026827726e+01
1.188025790281221816e+01
1.188037172467242897e+01
1.188024809148652672e+01
1.188034261801418978e+01
1.188030694033987800e+01
1.188027271689538544e+01
1.188036567188388304e+01
1.188024379447413992e+01
1.188035569476647524e+01
1.188028930535352856e+01
1.188028939096810532e+01
1.188035501177905751e+01
1.188024546663538672e+01
1.188036296289567062e+01
1.188027613723503606e+01
1.188030341477067608e+01
1.188034554530168840e+01
1.188024634810130742e+01
1.188037199678591804e+01
1.188025900565226323e+01
1.188032423759795186e+01
1.188032664001672956e+01
1.188025829731974525e+01
1.188036987999969440e+01
1.188025147457838315e+01
1.188033824859688536e+01
1.188031126853832298e+01
1.188026961292423778e+01
1.188036658872494300e+01
1.188024550086839071e+01
1.188035159904004345e+01
1.188029495388379075e+01
1.188028337039106574e+01
1.188036024237870336e+01
1.188024181369917720e+01
1.188036485745818283e+01
1.188027554006590059e+01
1.188030364681586803e+01
1.188034459947239263e+01
1.188024886185471729e+01
1.188036758450579278e+01
1.188026499094879007e+01
1.188031758001119975e+01
1.188033275930832389e+01
1.188025387019356671e+01
1.188037187041560827e+01
1.188025203385780770e+01
1.188033568322710565e+01
1.188031482185261289e+01
1.188026623285873029e+01
1.188036886252830193e+01
1.188024474180698320e+01
1.188035108299592935e+01
1.188029594560858193e+01
1.188028299309810443e+01
1.188035899196350087e+01
1.188024528404244329e+01
1.188035920747807239e+01
1.188028268464928594e+01
1.188029614204680051e+01
1.188035121746693079e+01
1.188024411688552817e+01
1.188037002233600248e+01
1.188026462874963940e+01
1.188031666772089601e+01
1.188033385258606955e+01
1.188025361283549408e+01
1.188037069103507903e+01
1.188025462959476286e+01
1.188033231383557187e+01
1.188031790198990123e+01
1.188026458611313885e+01
1.188036822169681450e+01
1.188024795418638035e+01
1.188034568706215488e+01
1.188030257411689838e+01
1.188027635761249989e+01
1.188036450577547498e+01
1.188024158435614552e+01
1.188036103522718001e+01
1.188028215997129422e+01
1.188029635215906943e+01
1.188035025675023881e+01
1.188024660300447266e+01
1.188036579776212776e+01
1.188027015103241446e+01
1.188031082090293999e+01
1.188033881237140932e+01
1.188025061772720470e+01
1.188037111266684676e+01
1.188025673514529146e+01
1.188032836371789358e+01
1.188032259585546413e+01
1.188026031742628241e+01
1.188037119399977115e+01
1.188024658340105866e+01
1.188034580091855474e+01
1.188030285189880608e+01
1.188027677796279669e+01
1.188036244522333540e+01
1.188024575341488998e+01
1.188035493750912863e+01
1.188028938881252472e+01
1.188028917696470543e+01
1.188035616026370000e+01
1.188024285723160389e+01
1.188036709414981473e+01
1.188027092928110307e+01
1.188030887184128659e+01
1.188034080310049134e+01
1.188024956573381274e+01
1.188037071479620721e+01
1.188025845640950884e+01
1.188032604277406179e+01
1.188032443209496591e+01
1.188026005718250389e+01
1.188036914180488246e+01
1.188025107927199819e+01
1.188033939439918640e+01
1.188031012100123007e+01
1.188026989512083098e+01
1.188036786753705520e+01
1.188024237299427632e+01
1.188035634894366055e+01
1.188028926965713339e+01
1.188028904300456290e+01
1.188035550263647977e+01
1.188024499872132544e+01
1.188036336974368901e+01
1.188027569217433665e+01
1.188030409836136059e+01
1.188034439453200797e+01
1.188024814043413890e+01
1.188036951100876237e+01
1.188026208316179755e+01
1.188032080588037154e+01
1.188033011108464976e+01
1.188025509547140324e+01
1.188037259135470336e+01
1.188024933557819729e+01
1.188033988219436843e+01
1.188030996344852497e+01
1.188027080396397039e+01
1.188036534200822558e+01
1.188024686068877145e+01
1.188035020890330884e+01
1.188029616975257241e+01
1.188028259540497089e+01
1.188036033129148272e+01
1.188024255692283404e+01
1.188036328499239325e+01
1.188027778535004586e+01
1.188030099565561848e+01
1.188034735355323157e+01
1.188024625845843119e+01
1.188036990009559268e+01
1.188026295605159355e+01
1.188031946735348221e+01
1.188033082129191875e+01
1.188025604094377030e+01
1.188036937695596862e+01
1.188025480071766538e+01
1.188033283176145893e+01
1.188031747408010652e+01
1.188026408215439034e+01
1.188037027622806541e+01
1.188024416939589223e+01
1.188035086718956279e+01
1.188029676155566428e+01
1.188028183662101256e+01
1.188036024013315028e+01
1.188024410453908786e+01
1.188036029223233037e+01
1.188028158634779352e+01
1.188029745246968005e+01
1.188034948282497005e+01
1.188024641969053974e+01
1.188036713721267645e+01
1.188026795847466133e+01
1.188031315568456314e+01
1.188033722543739934e+01
1.188025067490822018e+01
1.188037300169886379e+01
1.188025299118512912e+01
1.188033338186792598e+01
1.188031720253551882e+01
1.188026514150070767e+01
1.188036764434753323e+01
1.188024859933643640e+01
1.188034506787329292e+01
1.188030296165001154e+01
1.188027645395942145e+01
1.188036371132037594e+01
1.188024317960199916e+01
1.188035868901863168e+01
1.188028505986258310e+01
1.188029319173112874e+01
1.188035336758737515e+01
1.188024378502584533e+01
1.188036820783689329e+01
1.188026811726128074e+01
1.188031262928792309e+01
1.188033702589559937e+01
1.188025255546737569e+01
1.188036895228562706e+01
1.188025904853210513e+01
1.188032609899144987e+01
1.188032453067777361e+01
1.188025899370544991e+01
1.188037170878887139e+01
1.188024693444595492e+01
1.188034468413760081e+01
1.188030450878068223e+01
1.188027486206396510e+01
1.188036436724619627e+01
1.188024397658529097e+01
1.188035655762041820e+01
1.188028780660729034e+01
1.188029091893383615e+01
1.188035406172790687e+01
1.188024542840299880e+01
1.188036406936373801e+01
1.188027424079618477e+01
1.188030555215379458e+01
1.188034381212755974e+01
1.188024714139821469e+01
1.188037239826167557e+01
1.188025751688372544e+01
1.188032637780832701e+01
1.188032447404138203e+01
1.188025987278339635e+01
1.188036930636043387e+01
1.188025096968833871e+01
1.188033955182290313e+01
1.188030971150499226e+01
1.188027079203288849e+01
1.188036630112048897e+01
1.188024466916988686e+01
1.188035341620560636e+01
1.188029260696920097e+01
1.188028561265165095e+01
1.188035871723841019e+01
1.188024222484804682e+01
1.188036561635295207e+01
1.188027391204233574e+01
1.188030558377867152e+01
1.188034299283949302e+01
1.188024962515579830e+01
1.188036788711082181e+01
1.188026376112176230e+01
1.188031928238821067e+01
1.188033120788919206e+01
1.188025467962878245e+01
1.188037217001744672e+01
1.188025060217380258e+01
1.188033791611200130e+01
1.188031236962092230e+01
1.188026825508729445e+01
1.188036778221153256e+01
1.188024466654951006e+01
1.188035216362034241e+01
1.188029432262361773e+01
1.188028453353403435e+01
1.188035811845490208e+01
1.188024513615161304e+01
1.188036038627617863e+01
1.188028081479228781e+01
1.188029812173237509e+01
1.188034976465402082e+01
1.188024455449949102e+01
1.188037078283826986e+01
1.188026285218310818e+01
1.188031897037281226e+01
1.188033166675212193e+01
1.188025508995963797e+01
1.188037027638086052e+01
1.188025397671100691e+01
1.188033369172145015e+01
1.188031637638867899e+01
1.188026563527159851e+01
1.188036811709708473e+01
1.188024695518478069e+01
1.188034758604113605e+01
1.188030027894089180e+01
1.188027840406853208e+01
1.188036328943576869e+01
1.188024163710237779e+01
1.188036212594282581e+01
1.188028029221089810e+01
1.188029840208536569e+01
1.188034865767470016e+01
1.188024728245696160e+01
1.188036619335081312e+01
1.188026888668695769e+01
1.188031245373579026e+01
1.188033744276758874e+01
1.188025116560453043e+01
1.188037169021309047e+01
1.188025508353383408e+01
1.188033069658862573e+01
1.188032019335182810e+01
1.188026215201503710e+01
1.188037038947591562e+01
1.188024621616451881e+01
1.188034711822413669e+01
1.188030109617606200e+01
1.188027833642618880e+01
1.188036163859492156e+01
1.188024551377243831e+01
1.188035616271227113e+01
1.188028757482333297e+01
1.188029097398804446e+01
1.188035500019394064e+01
1.188024294557692606e+01
1.188036818636072312e+01
1.188026891036661858e+01
1.188031128022778660e+01
1.188033865639088305e+01
1.188025089164997539e+01
1.188037050052498955e+01
1.188025762648221217e+01
1.188032751565268264e+01
1.188032291964813680e+01
1.188026099989025397e+01
1.188036918621293303e+01
1.188024995873636591e+01
1.188034132102816010e+01
1.188030793290275255e+01
1.188027169823325480e+01
1.188036699170473653e+01
1.188024205617169038e+01
1.188035776213251005e+01
1.188028718735857758e+01
1.188029117260029288e+01
1.188035394411289047e+01
1.188024556800013265e+01
1.188036387556299012e+01
1.188027438296071381e+01
1.188030567102923207e+01
1.188034319079878287e+01
1.188024845578156174e+01
1.188037032123973447e+01
1.188026027158865183e+01
1.188032317004085847e+01
1.188032782690366673e+01
1.188025668307717098e+01
1.188037210590385939e+01
1.188024865174017464e+01
1.188034144437335549e+01
1.188030807713224668e+01
1.188027237577938067e+01
1.188036460258644134e+01
1.188024653691820198e+01
1.188035146582752333e+01
1.188029442824436188e+01
1.188028419896001253e+01
1.188035946118268171e+01
1.188024231762789285e+01
1.188036466753175269e+01
1.188027558129075700e+01
1.188030344443659558e+01
1.188034531019396667e+01
1.188024737815337240e+01
1.188036992737869113e+01
1.188026192174049456e+01
1.188032105311214259e+01
1.188032930653383623e+01
1.188025689739072277e+01
1.188036954073565710e+01
1.188025359823561722e+01
1.188033474057117012e+01
1.188031543686721392e+01
1.188026560854359914e+01
1.188036975657944794e+01
1.188024348858689727e+01
1.188035257729532468e+01
1.188029450451901781e+01
1.188028400021431708e+01
1.188035876524720180e+01
1.188024452909738216e+01
1.188036093257434445e+01
1.188028021538600854e+01
1.188029898072462842e+01
1.188034842291335735e+01
1.188024653677367226e+01
1.188036813140872816e+01
1.188026604763213712e+01
1.188031548514427449e+01
1.188033512183888973e+01
1.188025196577310361e+01
1.188037286664672365e+01
1.188025197929925802e+01
1.188033518381631559e+01
1.188031520040410705e+01
1.188026671030153736e+01
1.188036698343042730e+01
1.188024818824703566e+01
1.188034635313403697e+01
1.188030129703967575e+01
1.188027786630198079e+01
1.188036311501465647e+01
1.188024264700124633e+01
1.188036030963307610e+01
1.188028273585820038e+01
1.188029561109046384e+01
1.188035149268641355e+01
1.188024464572172789e+01
1.188036851336150512e+01
1.188026685698631724e+01
1.188031433954915350e+01
1.188033549977288850e+01
1.188025333913606296e+01
1.188036921335136853e+01
1.188025779458461351e+01
1.188032795576235934e+01
1.188032267458240909e+01
1.188026022553862759e+01
1.188037154435445508e+01
1.188024591176878353e+01
1.188034665041669236e+01
1.188030212966832266e+01
1.188027700392782826e+01
1.188036302641720354e+01
1.188024421672109732e+01
1.188035736052513158e+01
1.188028635398467081e+01
1.188029242119165119e+01
1.188035312142368660e+01
1.188024538256042284e+01
1.188036519968263605e+01
1.188027228770930677e+01
1.188030778791034159e+01
1.188034194105957297e+01
1.188024809883317268e+01
1.188037263012938993e+01
1.188025618081984369e+01
1.188032839969777932e+01
1.188032238427872400e+01
1.188026141031596161e+01
1.188036874591589509e+01
1.188025045803255075e+01
1.188034087211724099e+01
1.188030811773368001e+01
1.188027202619588252e+01
1.188036595197527134e+01
1.188024388681253640e+01
1.188035521578866494e+01
1.188029023180988730e+01
1.188028793290107821e+01
1.188035707219003001e+01
1.188024278040496640e+01
1.188036622824473554e+01
1.188027241366669173e+01
1.188030742062075440e+01
1.188034145561433164e+01
1.188025034026671278e+01
1.188036823313751178e+01
1.188026247526390833e+01
1.188032106548805267e+01
1.188032954882983816e+01
1.188025561463991053e+01
1.188037234395605957e+01
1.188024927470195458e+01
1.188034008495936611e+01
1.188030993101602206e+01
1.188027031283252377e+01
1.188036662951711797e+01
1.188024468122569388e+01
1.188035315699507066e+01
1.188029276930299893e+01
1.188028602693165858e+01
1.188035727536893127e+01
1.188024495976961958e+01
1.188036160975363131e+01
1.188027886896218277e+01
1.188030021532080660e+01
1.188034816468966604e+01
1.188024515729884634e+01
1.188037138168296103e+01
1.188026121199448859e+01
1.188032117753981254e+01
1.188032953039233774e+01
1.188025655719480156e+01
1.188036984747727054e+01
1.188025334315147852e+01
1.188033506147280960e+01
1.188031483968996227e+01
1.188026671184335292e+01
1.188036798167747143e+01
1.188024597170484320e+01
1.188034950310363413e+01
1.188029792035816534e+01
1.188028056027591539e+01
1.188036192751698650e+01
1.188024185202293381e+01
1.188036306027224143e+01
1.188027855597812099e+01
1.188030035564783127e+01
1.188034712082506239e+01
1.188024792251815676e+01
1.188036662279206368e+01
1.188026757699234182e+01
1.188031415413923142e+01
1.188033598295894144e+01
1.188025181577074285e+01
1.188037217188862193e+01
1.188025350049531426e+01
1.188033300496290856e+01
1.188031776387115812e+01
1.188026406075200825e+01
1.188036947839702329e+01
1.188024596721520254e+01
1.188034832576740385e+01
1.188029942791374793e+01
1.188027983305237356e+01
1.188036087579991218e+01
1.188024523279442590e+01
1.188035744454798071e+01
1.188028567525908663e+01
1.188029288998092525e+01
1.188035369465459823e+01
1.188024318914234634e+01
1.188036913547147222e+01
1.188026700178028605e+01
1.188031362442147376e+01
1.188033652545783703e+01
1.188025224111956391e+01
1.188037024063600811e+01
1.188025684457156572e+01
1.188032895376733400e+01
1.188032142206753505e+01
1.188026194319466100e+01
1.188036922841127208e+01
1.188024882348609168e+01
1.188034329619832086e+01
1.188030565310604558e+01
1.188027363444992268e+01
1.188036595427502640e+01
1.188024190882175013e+01
1.188035902035686497e+01
1.188028522777370810e+01
1.188029321983631625e+01
1.188035243102020821e+01
1.188024611561418631e+01
1.188036439738335481e+01
1.188027304676282547e+01
1.188030729104843886e+01
1.188034192061699734e+01
1.188024884480859455e+01
1.188037106938935317e+01
1.188025849060981010e+01
1.188032554967688270e+01
1.188032547671492090e+01
1.188025837996659995e+01
1.188037148488955275e+01
1.188024810805422149e+01
1.188034288171402686e+01
1.188030628800196808e+01
1.188027387946767632e+01
1.188036391153224081e+01
1.188024616822793078e+01
1.188035278165296482e+01
1.188029260164445589e+01
1.188028591620653529e+01
1.188035845760451537e+01
1.188024221370502431e+01
1.188036593451558787e+01
1.188027345384941569e+01
1.188030586633470875e+01
1.188034324468478609e+01
1.188024855730773943e+01
1.188036987681547174e+01
1.188026096361674178e+01
1.188032257918294654e+01
1.188032782983223257e+01
1.188025773146204145e+01
1.188036972590752960e+01
1.188025235710226291e+01
1.188033672070506341e+01
1.188031328867455372e+01
1.188026728124409992e+01
1.188036907023858646e+01
1.188024297331862300e+01
1.188035414490187591e+01
1.188029235096277958e+01
1.188028610494277792e+01
1.188035731057922106e+01
1.188024495705618833e+01
1.188036156472702309e+01
1.188027884122357136e+01
1.188030053160422916e+01
1.188034732380574532e+01
1.188024669665558974e+01
1.188036909808836228e+01
1.188026413038124396e+01
1.188031786716512350e+01
1.188033291799243685e+01
1.188025339454448215e+01
1.188037257492064214e+01
1.188025112056812915e+01
1.188033685526206007e+01
1.188031329555886728e+01
1.188026821432059954e+01
1.188036636584176975e+01
1.188024773817682167e+01
1.188034769006046965e+01
1.188029955726990927e+01
1.188027937781799181e+01
1.188036240598468929e+01
1.188024222206559344e+01
1.188036184879168644e+01
1.188028044987284382e+01
1.188029804386883548e+01
1.188034955666291026e+01
1.188024560100209648e+01
1.188036871117391691e+01
1.188026569741477090e+01
1.188031596989644356e+01
1.188033402931080040e+01
1.188025408389756521e+01
1.188036951206089853e+01
1.188025648638710940e+01
1.188032989728771405e+01
1.188032069849324834e+01
1.188026160596326797e+01
1.188037121932210916e+01
1.188024503973637458e+01
1.188034849691829287e+01
1.188029982565434217e+01
1.188027911821239080e+01
1.188036167424085932e+01
1.188024449029277818e+01
1.188035812732966789e+01
1.188028492454106377e+01
1.188029391983021554e+01
1.188035216955336892e+01
1.188024534956488409e+01
1.188036633460443880e+01
1.188027029535032320e+01
1.188031010741343607e+01
1.188033994306380947e+01
1.188024921384920596e+01
1.188037269414149755e+01
1.188025500047440985e+01
1.188033029593230872e+01
1.188032038165375326e+01
1.188026289620546194e+01
1.188036821447638580e+01
1.188024992213641262e+01
1.188034222848292210e+01
1.188030646662118528e+01
1.188027333774781447e+01
1.188036551723150680e+01
1.188024317927088980e+01
1.188035697156232828e+01
1.188028785439765223e+01
1.188029030653795459e+01
1.188035532933191973e+01
1.188024346165015643e+01
1.188036670798931560e+01
1.188027103402196794e+01
1.188030916457753250e+01
1.188033998381668610e+01
1.188025100829915814e+01
1.188036862414723593e+01
1.188026112906493914e+01
1.188032293668280737e+01
1.188032777129437356e+01
1.188025668983743799e+01
1.188037237381871059e+01
1.188024807328530308e+01
1.188034216526446407e+01
1.188030753213207902e+01
1.188027237958570836e+01
1.188036543030126069e+01
1.188024476142034125e+01
1.188035408567754025e+01
1.188029126503357880e+01
1.188028749207468060e+01
1.188035644561748860e+01
1.188024477025047609e+01
1.188036286459705515e+01
1.188027685784371990e+01
1.188030241551707533e+01
1.188034642073619906e+01
1.188024592678564595e+01
1.188037181255158004e+01
1.188025971902944988e+01
1.188032327452004111e+01
1.188032746115296767e+01
1.188025799488475442e+01
1.188036942522210637e+01
1.188025270725909799e+01
1.188033644533560462e+01
1.188031326902546425e+01
1.188026783939437792e+01
1.188036779124726650e+01
1.188024502819086514e+01
1.188035141425702790e+01
1.188029552092855567e+01
1.188028280619908905e+01
1.188036043654700791e+01
1.188024221679261849e+01
1.188036384606272833e+01
1.188027694776147491e+01
1.188030221247477414e+01
1.188034564986685382e+01
1.188024851674467008e+01
1.188036709500954125e+01
1.188026621056847887e+01
1.188031593615284542e+01
1.188033441598009787e+01
1.188025258826498565e+01
1.188037253472780819e+01
1.188025201138099085e+01
1.188033526200869616e+01
1.188031533457392186e+01
1.188026601734130594e+01
1.188036848517559463e+01
1.188024581471806940e+01
1.188034944250916958e+01
1.188029783098764902e+01
1.188028128135105277e+01
1.188036014572023369e+01
1.188024491924516468e+01
1.188035877683411812e+01
1.188028369323631495e+01
1.188029492551190636e+01
1.188035223883614222e+01
1.188024359728417956e+01
1.188036992766772570e+01
1.188026522126968487e+01
1.188031588361170421e+01
1.188033443311673132e+01
1.188025359034626582e+01
1.188036995910211857e+01
1.188025608701377145e+01
1.188033038031087330e+01
1.188031991659200770e+01
1.188026290948908326e+01
1.188036924646497283e+01
1.188024769461291186e+01
1.188034530035370651e+01
1.188030329871154400e+01
1.188027569009979878e+01
1.188036476468228386e+01
1.188024192622118136e+01
1.188036012359113514e+01
1.188028339530164956e+01
1.188029517659369461e+01
1.188035097444870480e+01
1.188024662813762866e+01
1.188036495058045894e+01
1.188027166636040199e+01
1.188030897759770177e+01
1.188034056269144756e+01
1.188024933094557412e+01
1.188037173017206705e+01
1.188025676670787689e+01
1.188032791809179578e+01
1.188032308626041633e+01
1.188026016249905403e+01
1.188037074894131173e+01
1.188024768744581650e+01
1.188034420760573084e+01
1.188030458615327944e+01
1.188027532180952939e+01
1.188036326485204874e+01
1.188024575596109855e+01
1.188035415781922310e+01
1.188029068536628508e+01
1.188028775534649917e+01
1.188035730837178328e+01
1.188024226141150308e+01
1.188036706592386693e+01
1.188027142608167352e+01
1.188030823628655774e+01
1.188034118294217478e+01
1.188024977021252226e+01
1.188036977312012610e+01
1.188026005839842192e+01
1.188032406730979496e+01
1.188032637089062149e+01
1.188025856210398779e+01
1.188036991493983763e+01
1.188025109308295058e+01
1.188033875879802714e+01
1.188031103965350255e+01
1.188026909413311039e+01
1.188036821870082704e+01
1.188024262695384436e+01
1.188035556199827170e+01
1.188029031293926430e+01
1.188028813555571261e+01
1.188035589369109424e+01
1.188024536927240860e+01
1.188036220896871598e+01
1.188027744260182850e+01
1.188030212740440561e+01
1.188034616208125982e+01
1.188024692381407021e+01
1.188037001208020094e+01
1.188026223186803421e+01
1.188032027762671738e+01
1.188033063587054272e+01
1.188025494243653490e+01
1.188037214137366782e+01
1.188025040441787716e+01
1.188033840257267393e+01
1.188031148544915538e+01
1.188026965281081360e+01
1.188036579516468016e+01
1.188024724294964507e+01
1.188034908745467888e+01
1.188029773066616990e+01
1.188028100337844606e+01
1.188036156596759696e+01
1.188024192634711618e+01
1.188036328214728243e+01
1.188027822816687440e+01
1.188030046302448461e+01
1.188034758614896269e+01
1.188024662568176559e+01
1.188036882429938323e+01
1.188026461801746514e+01
1.188031753836060034e+01
1.188033259879269998e+01
1.188025480332502859e+01
1.188036983698581750e+01
1.188025513294152802e+01
1.188033191753252815e+01
1.188031860480225887e+01
1.188026313686073721e+01
1.188037072716196896e+01
1.188024432950955678e+01
1.188035020830023569e+01
1.188029761544444263e+01
1.188028118385186005e+01
1.188036033315330187e+01
1.188024477427850378e+01
1.188035888117519079e+01
1.188028349517898974e+01
1.188029543794420917e+01
1.188035118296393300e+01
1.188024535252017699e+01
1.188036745147004503e+01
1.188026828520985489e+01
1.188031249130066591e+01
1.188033783435511381e+01
1.188025047425674074e+01
1.188037259792310074e+01
1.188025397290136098e+01
1.188033206507679651e+01
1.188031847139270170e+01
1.188026432211487560e+01
1.188036772290691090e+01
1.188024934894802342e+01
1.188034363610378996e+01
1.188030474070603404e+01
1.188027474662859362e+01
1.188036497441804151e+01
1.188024257129205985e+01
1.188035865713481343e+01
1.188028550178944442e+01
1.188029270701427720e+01
1.188035351353981284e+01
1.188024424633188225e+01
1.188036707463198560e+01
1.188026975745452596e+01
1.188031082805401795e+01
1.188033856797783550e+01
1.188025163606074130e+01
1.188036905590592873e+01
1.188025972399831609e+01
1.188032489768623989e+01
1.188032586985836581e+01
1.188025791479413229e+01
1.188037224573033690e+01
1.188024701585014142e+01
1.188034413571353198e+01
1.188030519667921858e+01
1.188027443036034825e+01
1.188036420978373364e+01
1.188024488246961674e+01
1.188035497333728152e+01
1.188028978726401519e+01
1.188028895046607758e+01
1.188035560866639173e+01
1.188024458705933561e+01
1.188036413279004933e+01
1.188027479732612335e+01
1.188030470942850947e+01
1.188034454181853405e+01
1.188024685847949513e+01
1.188037207507581172e+01
1.188025837837022358e+01
1.188032525204528689e+01
1.188032547170339903e+01
1.188025938778689827e+01
1.188036902674678430e+01
1.188025205042917065e+01
1.188033786327008556e+01
1.188031164300442200e+01
1.188026904085660362e+01
1.188036752138279795e+01
1.188024415019823543e+01
1.188035329352804048e+01
1.188029310602756006e+01
1.188028511821282152e+01
1.188035883732759679e+01
1.188024271424049871e+01
1.188036449645202097e+01
1.188027545844956734e+01
1.188030397797139237e+01
1.188034424263775435e+01
1.188024906445379436e+01
1.188036761334217317e+01
1.188026478133716601e+01
1.188031780890169209e+01
1.188033272928686834e+01
1.188025349930462227e+01
1.188037275888771482e+01
1.188025063920636448e+01
1.188033744237481493e+01
1.188031293203420979e+01
1.188026799516692833e+01
1.188036743543111484e+01
1.188024573478738333e+01
1.188035049024310830e+01
1.188029628573261576e+01
1.188028269900196321e+01
1.188035943252233295e+01
1.188024458706091302e+01
1.188036014785569350e+01
1.188028163765586065e+01
1.188029707523619827e+01
1.188035063383500400e+01
1.188024417360721507e+01
1.188037055458500646e+01
1.188026358157626916e+01
1.188031804142528713e+01
1.188033239841661093e+01
1.188025491855100668e+01
1.188036967768048413e+01
1.188025533152674562e+01
1.188033181794614457e+01
1.188031838013410457e+01
1.188026392234739781e+01
1.188036921641915455e+01
1.188024659603985711e+01
1.188034731034305125e+01
1.188030089110677778e+01
1.188027784662958020e+01
1.188036343771784686e+01
1.188024209795404218e+01
1.188036107769180383e+01
1.188028168841832688e+01
1.188029704057899494e+01
1.188034957988658746e+01
1.188024709741080542e+01
1.188036554569769976e+01
1.188027022884082662e+01
1.188031074615738802e+01
1.188033909873570337e+01
1.188024993537986873e+01
1.188037227971469001e+01
1.188025512583209142e+01
1.188033024821758410e+01
1.188032068255325591e+01
1.188026200489581896e+01
1.188036992163141292e+01
1.188024736917669522e+01
1.188034543972525015e+01
1.188030295687578253e+01
1.188027671480435998e+01
1.188036265302538652e+01
1.188024530718958793e+01
1.188035558994273799e+01
1.188028868062436949e+01
1.188028971892691210e+01
1.188035600667642555e+01
1.188024247204089789e+01
1.188036804615730446e+01
1.188026951728234160e+01
1.188031053223428302e+01
1.188033914869995833e+01
1.188025099247756167e+01
1.188036964056561118e+01
1.188025918237404355e+01
1.188032554051628509e+01
1.188032490731575841e+01
1.188025941113748019e+01
1.188037008669831529e+01
1.188024982621051784e+01
1.188034083663200668e+01
1.188030870529224714e+01
1.188027103538951579e+01
1.188036720938139368e+01
1.188024244686691588e+01
1.188035682647761249e+01
1.188028839682899473e+01
1.188029008210984827e+01
1.188035452731451969e+01
1.188024575086129531e+01
1.188036288196773071e+01
1.188027600115952431e+01
1.188030378829253841e+01
1.188034491563162831e+01
1.188024724227046924e+01
1.188037084778754959e+01
1.188026037855189898e+01
1.188032269022489729e+01
1.188032830045167998e+01
1.188025658691022990e+01
1.188037158525910186e+01
1.188024981534518432e+01
1.188033983744898947e+01
1.188030976191458166e+01
1.188027103078881552e+01
1.188036526917974101e+01
1.188024670211876455e+01
1.188035054857023987e+01
1.188029581081038089e+01
1.188028275300347048e+01
1.188036058103110904e+01
1.188024177769998602e+01
1.188036458831716402e+01
1.188027609485134839e+01
1.188030284279257032e+01
1.188034560739782819e+01
1.188024769405777192e+01
1.188036887714944001e+01
1.188026359605780513e+01
1.188031906594224552e+01
1.188033118883771166e+01
1.188025551527796964e+01
1.188037017186819178e+01
1.188025374853249616e+01
1.188033400482820667e+01
1.188031640176585668e+01
1.188026481415298719e+01
1.188037006725190636e+01
1.188024378654632329e+01
1.188035177457221891e+01
1.188029551287718633e+01
1.188028318405007688e+01
1.188035902200670257e+01
1.188024504848864638e+01
1.188035964316831539e+01
1.188028204400742815e+01
1.188029699827148811e+01
1.188035013799954775e+01
1.188024541589418348e+01
1.188036852540915689e+01
1.188026628180247180e+01
1.188031491643073778e+01
1.188033563559613981e+01
1.188025186285984880e+01
1.188037235453472640e+01
1.188025308943247893e+01
1.188033371156233109e+01
1.188031665284975880e+01
1.188026568545781814e+01
1.188036727655717684e+01
1.188024873059010389e+01
1.188034510542639310e+01
1.188030292673256305e+01
1.188027626919608259e+01
1.188036430393458964e+01
1.188024208554342387e+01
1.188036024733912122e+01
1.188028320071257760e+01
1.188029510720264703e+01
1.188035165115887359e+01
1.188024510988425320e+01
1.188036735030769186e+01
1.188026856453089231e+01
1.188031242783269015e+01
1.188033719375086683e+01
1.188025223564004307e+01
1.188036951859490742e+01
1.188025826731899848e+01
1.188032694434751768e+01
1.188032384491886440e+01
1.188025929344055953e+01
1.188037195113852285e+01
1.188024611545914766e+01
1.188034597927089386e+01
1.188030294478213733e+01
1.188027644298035490e+01
1.188036299120263983e+01
1.188024502083305123e+01
1.188035584338746631e+01
1.188028831283977560e+01
1.188029042505544552e+01
1.188035474171878114e+01
1.188024443270423447e+01
1.188036539254356150e+01
1.188027270773125466e+01
1.188030707916087003e+01
1.188034254241716248e+01
1.188024794212592461e+01
1.188037217483247865e+01
1.188025718913716489e+01
1.188032710667854275e+01
1.188032356914858667e+01
1.188026072583690862e+01
1.188036866449128937e+01
1.188025135817455613e+01
1.188033933176789070e+01
1.188030994298841847e+01
1.188027033718837622e+01
1.188036714880230882e+01
1.188024336301370099e+01
1.188035511431614388e+01
1.188029070255016961e+01
1.188028747031070864e+01
1.188035715384148006e+01
1.188024332330139821e+01
1.188036502908014924e+01
1.188027407393758672e+01
1.188030566290871626e+01
1.188034289135407739e+01
1.188024957072622634e+01
1.188036817533214062e+01
1.188026328893870165e+01
1.188031977598400246e+01
1.188033091555051968e+01
1.188025456032679372e+01
1.188037282874900846e+01
1.188024940343362346e+01
1.188033952349720934e+01
1.188031058087576497e+01
1.188026996868292073e+01
1.188036635460601786e+01
1.188024570283315917e+01
1.188035149231708232e+01
1.188029477012549506e+01
1.188028410679380187e+01
1.188035871657420905e+01
1.188024425459711786e+01
1.188036154093761354e+01
1.188027952282271649e+01
1.188029932807488898e+01
1.188034888667905875e+01
1.188024491573528074e+01
1.188037101373684479e+01
1.188026208981881915e+01
1.188032008671745743e+01
1.188033043569312142e+01
1.188025620905377444e+01
1.188036941471985841e+01
1.188025455848748280e+01
1.188033328747120265e+01
1.188031679064333446e+01
1.188026500516136252e+01
1.188036911363150772e+01
1.188024555324820497e+01
1.188034930060494432e+01
1.188029845489588965e+01
1.188028008153452575e+01
1.188036199276022309e+01
1.188024240850207036e+01
1.188036189399996978e+01
1.188028009987159983e+01
1.188029881533614862e+01
1.188034824700124403e+01
1.188024752096119840e+01
1.188036618783178433e+01
1.188026872639354892e+01
1.188031260755193941e+01
1.188033751457166431e+01
1.188025067583853556e+01
1.188037269686408948e+01
1.188025359203042974e+01
1.188033251401141399e+01
1.188031829248521376e+01
1.188026388059576632e+01
1.188036902818724805e+01
1.188024713003456512e+01
1.188034659897188305e+01
1.188030138156977245e+01
1.188027807492244392e+01
1.188036206156830765e+01
1.188024483434752199e+01
1.188035706797872137e+01
1.188028659448026936e+01
1.188029180358710946e+01
1.188035455154115283e+01
1.188024285127933766e+01
1.188036886485655863e+01
1.188026774201035884e+01
1.188031273623400708e+01
1.188033716229329606e+01
1.188025220232742818e+01
1.188036950163688132e+01
1.188025831277040112e+01
1.188032702174644406e+01
1.188032341593917351e+01
1.188026030200277106e+01
1.188037021760854373e+01
1.188024857974144943e+01
1.188034293203841507e+01
1.188030630567503287e+01
1.188027308805586379e+01
1.188036605524491840e+01
1.188024242461392532e+01
1.188035794217117314e+01
1.188028660310300033e+01
1.188029194040548830e+01
1.188035321872604300e+01
1.188024609199658244e+01
1.188036359582398305e+01
1.188027450252834250e+01
1.188030553109770082e+01
1.188034356495858468e+01
1.188024767423297234e+01
1.188037158057424492e+01
1.188025859682215035e+01
1.188032507782089020e+01
1.188032593843670881e+01
1.188025830286094831e+01
1.188037092916622051e+01
1.188024933383331394e+01
1.188034117617822183e+01
1.188030811174598256e+01
1.188027235867251719e+01
1.188036478002104523e+01
1.188024612102060829e+01
1.188035207084973877e+01
1.188029379700610022e+01
1.188028463120467926e+01
1.188035944240876951e+01
1.188024178928698049e+01
1.188036575001212469e+01
1.188027407065026075e+01
1.188030516000301340e+01
1.188034364491686823e+01
1.188024878129427364e+01
1.188036889415053210e+01
1.188026260791901301e+01
1.188032057535792241e+01
1.188032977755450048e+01
1.188025624087381971e+01
1.188037049650217725e+01
1.188025235201201824e+01
1.188033614240621461e+01
1.188031410316467529e+01
1.188026662794159982e+01
1.188036924494259949e+01
1.188024341033417741e+01
1.188035319155994607e+01
1.188029352627431656e+01
1.188028510710114993e+01
1.188035775509619896e+01
1.188024529666976825e+01
1.188036043116981233e+01
1.188028055163382035e+01
1.188029862184760788e+01
1.188034901187137748e+01
1.188024556415451904e+01
1.188036953066913703e+01
1.188026431140320405e+01
1.188031735705262726e+01
1.188033337084926977e+01
1.188025335835827079e+01
1.188037198173698172e+01
1.188025233622855126e+01
1.188033524533192065e+01
1.188031491965630870e+01
1.188026698945778925e+01
1.188036687499484856e+01
1.188024806482830975e+01
1.188034664149977360e+01
1.188030101648838865e+01
1.188027791722946169e+01
1.188036349018515558e+01
1.188024174136815603e+01
1.188036171956002462e+01
1.188028097618626688e+01
1.188029748079414993e+01
1.188034976861915304e+01
1.188024602676625996e+01
1.188036755897804042e+01
1.188026743319615264e+01
1.188031398404542216e+01
1.188033584278635679e+01
1.188025282370261948e+01
1.188036999732849708e+01
1.188025677174354300e+01
1.188032906676664169e+01
1.188032170278575173e+01
1.188026082376925707e+01
1.188037148730701098e+01
1.188024537963203819e+01
1.188034768402858177e+01
1.188030079198032674e+01
1.188027839920718165e+01
1.188036179458554109e+01
1.188024515539659021e+01
1.188035671763608292e+01
1.188028681936845210e+01
1.188029193888650070e+01
1.188035382102587612e+01
1.188024433149548642e+01
1.188036661943938732e+01
1.188027061279268892e+01
1.188030950269350861e+01
1.188034044175850745e+01
1.188024916222360616e+01
1.188037212301073531e+01
1.188025614461914614e+01
1.188032884088923957e+01
1.188032175474987362e+01
1.188026200462588733e+01
1.188036834553918020e+01
1.188025062096390450e+01
1.188034086285810709e+01
1.188030815421924302e+01
1.188027174613686832e+01
1.188036665268591818e+01
1.188024269028272428e+01
1.188035685078766690e+01
1.188028833752755631e+01
1.188028983544526440e+01
1.188035541198649092e+01
1.188024402017751946e+01
1.188036546505847113e+01
1.188027277600397724e+01
1.188030728272099701e+01
1.188034158312408728e+01
1.188025004609351321e+01
1.188036877283014903e+01
1.188026173883610070e+01
1.188032183515974616e+01
1.188032897316922032e+01
1.188025577728858551e+01
1.188037273378817460e+01
1.188024831894764688e+01
1.188034148675107815e+01
1.188030830251895864e+01
1.188027191473837441e+01
1.188036526659909242e+01
1.188024569493845384e+01
1.188035247227560731e+01
1.188029326109330697e+01
1.188028552739367960e+01
1.188035797557214224e+01
1.188024394363003289e+01
1.188036293529346565e+01
1.188027736776566101e+01
1.188030166771175367e+01
1.188034701002550975e+01
1.188024581541160529e+01
1.188037130861836133e+01
1.188026074718833947e+01
1.188032201407174959e+01
1.188032855388541442e+01
1.188025745012483370e+01
1.188036918415974164e+01
1.188025375206053624e+01
1.188033480658704200e+01
1.188031512841552306e+01
1.188026617978226618e+01
1.188036891414997243e+01
1.188024459191107063e+01
1.188035124449210755e+01
1.188029601664772628e+01
1.188028236950852623e+01
1.188036045275314123e+01
1.188024283811409099e+01
1.188036258864450900e+01
1.188027861718935796e+01
1.188030050993865139e+01
1.188034696973988602e+01
1.188024790211237658e+01
1.188036687631641719e+01
1.188026715682665468e+01
1.188031456724385926e+01
1.188033580100910136e+01
1.188025156555487172e+01
1.188037296435105361e+01
1.188025218618246193e+01
1.188033469179681134e+01
1.188031594144313630e+01
1.188026576364920928e+01
1.188036809411951822e+01
1.188024694565160466e+01
1.188034770823173503e+01
1.188029983887197005e+01
1.188027942211381927e+01
1.188036147186896052e+01
1.188024435456956596e+01
1.188035857669520468e+01
1.188028443956668312e+01
1.188029400013058634e+01
1.188035294795304608e+01
1.188024339886968406e+01
1.188036951743250391e+01
1.188026610937677674e+01
1.188031483533346488e+01
1.188033523963592053e+01
1.188025338174647061e+01
1.188036937578899099e+01
1.188025742906404147e+01
1.188032853251170984e+01
1.188032187418253116e+01
1.188026125841108005e+01
1.188037028295828357e+01
1.188024737892826010e+01
1.188034502002356163e+01
1.188030386448427045e+01
1.188027523088533677e+01
1.188036477412863334e+01
1.188024254642303035e+01
1.188035891855579784e+01
1.188028492641073086e+01
1.188029371210549456e+01
1.188035196942362504e+01
1.188024638843127612e+01
1.188036435736164798e+01
1.188027293721130739e+01
1.188030736827982459e+01
1.188034209433446087e+01
1.188024823883186798e+01
1.188037218810501017e+01
1.188025691161287156e+01
1.188032741383918811e+01
1.188032357687090723e+01
1.188026006394416356e+01
1.188037019777741676e+01
1.188024893748319499e+01
1.188034243864013462e+01
1.188030651752004729e+01
1.188027365162443516e+01
1.188036431464120923e+01
1.188024551051173994e+01
1.188035364598043486e+01
1.188029169443131927e+01
1.188028663662744044e+01
1.188035814705433779e+01
1.188024196884146555e+01
1.188036675494124772e+01
1.188027217185067741e+01
1.188030739525140866e+01
1.188034172020302748e+01
1.188024986475190836e+01
1.188036889837954035e+01
1.188026163047351247e+01
1.188032208969548265e+01
1.188032834183230335e+01
1.188025700327839118e+01
1.188037078783626654e+01
1.188025096582861551e+01
1.188033830921610168e+01
1.188031172765658283e+01
1.188026856296881739e+01
1.188036827129291773e+01
1.188024319445202082e+01
1.188035446104743897e+01
1.188029165809754417e+01
1.188028694692611786e+01
1.188035654144157682e+01
1.188024550738863994e+01
1.188036125876359606e+01
1.188027900231969980e+01
1.188030032675013636e+01
1.188034778398596991e+01
1.188024582039644628e+01
1.188037044200017078e+01
1.188026240068076866e+01
1.188031978612245076e+01
1.188033106634018843e+01
1.188025493647424113e+01
1.188037150099937200e+01
1.188025169511162282e+01
1.188033668118609221e+01
1.188031326018278833e+01
1.188026824288946059e+01
1.188036651205568006e+01
1.188024735523096709e+01
1.188034824360931907e+01
1.188029900736870204e+01
1.188027969717917287e+01
1.188036252249693803e+01
1.188024155371875423e+01
1.188036305492377309e+01
1.188027885023698715e+01
1.188029980364823146e+01
1.188034789105206634e+01
1.188024697184708245e+01
1.188036772507557259e+01
1.188026634006995153e+01
1.188031551896576588e+01
1.188033449382595030e+01
1.188025342053549238e+01
1.188037047295155446e+01
1.188025525482817812e+01
1.188033124972748134e+01
1.188031945544713430e+01
1.188026249786559774e+01
1.188037085748909227e+01
1.188024480997212606e+01
1.188034924377141266e+01
1.188029874848484901e+01
1.188028028564461991e+01
1.188036063570360312e+01
1.188024526863643615e+01
1.188035761502916188e+01
1.188028528654209381e+01
1.188029351373727494e+01
1.188035282325498088e+01
1.188024430819937649e+01
1.188036778772521629e+01
1.188026853844095854e+01
1.188031195498583159e+01
1.188033826284194738e+01
1.188025049884064721e+01
1.188037193577114614e+01
1.188025523272380823e+01
1.188033046280392924e+01
1.188032002396739273e+01
1.188026322556590841e+01
1.188036807124747796e+01
1.188024983478825902e+01
1.188034246335593735e+01
1.188030626673826973e+01
1.188027328117048675e+01
1.188036601586744467e+01
1.188024215272043627e+01
1.188035847923261557e+01
1.188028603673432571e+01
1.188029218692417466e+01
1.188035363820848644e+01
1.188024477964460246e+01
1.188036582775429295e+01
1.188027154340765357e+01
1.188030885655108726e+01
1.188034030073954028e+01
1.188025050592713505e+01
1.188036939241307977e+01
1.188026014209987835e+01
1.188032397835895893e+01
1.188032690646653222e+01
1.188025715026638984e+01
1.188037246917108902e+01
1.188024739528379925e+01
1.188034331838417401e+01
1.188030611410864346e+01
1.188027381376407376e+01
1.188036419249141318e+01
1.188024568919235335e+01
1.188035345249709174e+01
1.188029173587623433e+01
1.188028698401328498e+01
1.188035718581708444e+01
1.188024367816556470e+01
1.188036430710550384e+01
1.188027519529235398e+01
1.188030407338154504e+01
1.188034502154692973e+01
1.188024685892381527e+01
1.188037144847993787e+01
1.188025954897024761e+01
1.188032382398256992e+01
1.188032675615278677e+01
1.188025863556053885e+01
1.188036899477447150e+01
1.188025290111744781e+01
1.188033638883384668e+01
1.188031337727758618e+01
1.188026746524054822e+01
1.188036859606036622e+01
1.188024373650875631e+01
1.188035311566154384e+01
1.188029360353233166e+01
1.188028468374908542e+01
1.188035884298950329e+01
1.188024336390445157e+01
1.188036318158624383e+01
1.188027722347082893e+01
1.188030213838075078e+01
1.188034573674272565e+01
1.188024824977570404e+01
1.188036760472136777e+01
1.188026552377700007e+01
1.188031662491906104e+01
1.188033395445541807e+01
1.188025261247743813e+01
1.188037306974451290e+01
1.188025092490453716e+01
1.188033676147391660e+01
1.188031365201195477e+01
1.188026763007170672e+01
1.188036714384255887e+01
1.188024679187874355e+01
1.188034879103934038e+01
1.188029830592901881e+01
1.188028077862743004e+01
1.188036086225084809e+01
1.188024388876847226e+01
1.188036009643497692e+01
1.188028223350276136e+01
1.188029629391937192e+01
1.188035120666822486e+01
1.188024410860325197e+01
1.188037000527788045e+01
1.188026462263481342e+01
1.188031682217112461e+01
1.188033339144559974e+01
1.188025451741145488e+01
1.188036927837654133e+01
1.188025651416615602e+01
1.188033009161675579e+01
1.188032026139353903e+01
1.188026230297563401e+01
1.188037025826963777e+01
1.188024624967471254e+01
1.188034707405579482e+01
