1.188024147592623159e+01
1.188044903636065897e+01
1.188024858227528924e+01
1.188043732858985280e+01
1.188026150809444204e+01
1.188042527971237305e+01
1.188027314022778036e+01
1.188041149834339549e+01
1.188029188391393554e+01
1.188038679383988594e+01
1.188032083636321090e+01
1.188035713123285930e+01
1.188034792955756558e+01
1.188033373419143501e+01
1.188036911176826571e+01
1.188031194840599269e+01
1.188039351698968460e+01
1.188028531565542956e+01
1.188041955990500753e+01
1.188026349517275904e+01
1.188043489291795751e+01
1.188025425315256456e+01
1.188044065488922918e+01
1.188024902314706921e+01
1.188044657948001870e+01
1.188024378267648729e+01
1.188044801391071559e+01
1.188024896832343558e+01
1.188043560395018972e+01
1.188026652355505419e+01
1.188041638518733301e+01
1.188028469033801571e+01
1.188039959871723994e+01
1.188030217048018855e+01
1.188037853903897201e+01
1.188032836270627080e+01
1.188034828737998971e+01
1.188035940015887704e+01
1.188032004869090130e+01
1.188038303704056986e+01
1.188030013544063834e+01
1.188040192090262614e+01
1.188027981551521073e+01
1.188042403605470376e+01
1.188025812490424293e+01
1.188044175330385244e+01
1.188024709206571394e+01
1.188044588007999991e+01
1.188024758124149471e+01
1.188044396773795874e+01
1.188024897552353742e+01
1.188044249290793175e+01
1.188025325121816067e+01
1.188043242953996703e+01
1.188027028185447165e+01
1.188040998046371932e+01
1.188029473190890251e+01
1.188038673713507087e+01
1.188031567115617726e+01
1.188036661523677928e+01
1.188033780768156511e+01
1.188034042442006921e+01
1.188036766773461572e+01
1.188030974283757502e+01
1.188039545661949070e+01
1.188028724272644610e+01
1.188041290770946468e+01
1.188027239016956393e+01
1.188042796482693575e+01
1.188025602863485375e+01
1.188044411232341702e+01
1.188024339333045809e+01
1.188045021401598156e+01
1.188024465559512066e+01
1.188044344698159804e+01
1.188025363288982206e+01
1.188043482495791103e+01
1.188026169267228838e+01
1.188042513586092852e+01
1.188027603562261802e+01
1.188040443943749302e+01
1.188030213886000830e+01
1.188037611338614852e+01
1.188032913988093320e+01
1.188035225426996000e+01
1.188035069592684501e+01
1.188033034974719371e+01
1.188037538251933789e+01
1.188030255396733637e+01
1.188040400065407276e+01
1.188027677793630765e+01
1.188042406588347433e+01
1.188026283518421344e+01
1.188043398196785816e+01
1.188025392589602625e+01
1.188044367344077124e+01
1.188024419792898811e+01
1.188045054869493455e+01
1.188024336617750265e+01
1.188044393997163795e+01
1.188025607400901507e+01
1.188042837021976617e+01
1.188027143127781216e+01
1.188041422906717060e+01
1.188028592557738783e+01
1.188039645990887294e+01
1.188030911030521253e+01
1.188036815402853819e+01
1.188033973789515940e+01
1.188033892088234467e+01
1.188036513008694506e+01
1.188031721879439040e+01
1.188038549820785583e+01
1.188029546201318531e+01
1.188040966597013970e+01
1.188027049727252837e+01
1.188043199163596064e+01
1.188025401639169765e+01
1.188044158866099842e+01
1.188024965828455137e+01
1.188044380461444227e+01
1.188024718182335704e+01
1.188044660257313900e+01
1.188024641206405185e+01
1.188044213897406287e+01
1.188025800707537449e+01
1.188042416882638364e+01
1.188027932307112877e+01
1.188040294381264772e+01
1.188029870515584463e+01
1.188038453052378962e+01
1.188031884144363737e+01
1.188036018619516021e+01
1.188034776340549925e+01
1.188032896160552809e+01
1.188037758612009931e+01
1.188030350207941410e+01
1.188039814449303577e+01
1.188028589010580838e+01
1.188041569964522992e+01
1.188026671408775314e+01
1.188043562952126209e+01
1.188024907495086424e+01
1.188044759475764600e+01
1.188024440241360047e+01
1.188044609097230797e+01
1.188024904770654011e+01
1.188044120856590524e+01
1.188025330147089242e+01
1.188043588304661213e+01
1.188026277364895833e+01
1.188041995654247351e+01
1.188028501796801706e+01
1.188039406505969175e+01
1.188031091858696264e+01
1.188037057461051482e+01
1.188033214453271391e+01
1.188034927309579203e+01
1.188035623962873899e+01
1.188032136242214420e+01
1.188038632168814424e+01
1.188029262112635287e+01
1.188041039296657253e+01
1.188027442364660935e+01
1.188042418365907515e+01
1.188026210896602031e+01
1.188043727782089576e+01
1.188024831171813211e+01
1.188044927008986917e+01
1.188024152656395316e+01
1.188044873140362689e+01
1.188024885397075714e+01
1.188043744190188455e+01
1.188026082899473757e+01
1.188042641202475913e+01
1.188027189214371049e+01
1.188041251481224236e+01
1.188029123480025717e+01
1.188038723361574611e+01
1.188032026827418974e+01
1.188035810932463576e+01
1.188034651334809055e+01
1.188033533482069259e+01
1.188036770595646452e+01
1.188031289241983579e+01
1.188039302421007370e+01
1.188028562887580364e+01
1.188041908281419623e+01
1.188026431359327795e+01
1.188043384805342839e+01
1.188025518755336307e+01
1.188044017239632133e+01
1.188024892722111936e+01
1.188044708544316919e+01
1.188024321829735541e+01
1.188044833423956703e+01
1.188024894534208542e+01
1.188043555874064161e+01
1.188026628213400393e+01
1.188041715255253550e+01
1.188028343691559385e+01
1.188040103864345198e+01
1.188030091557917167e+01
1.188037940045827412e+01
1.188032781146670835e+01
1.188034883813536347e+01
1.188035853099848005e+01
1.188032134092944148e+01
1.188038151112421659e+01
1.188030152688071794e+01
1.188040097919545701e+01
1.188028024202080779e+01
1.188042390536958770e+01
1.188025831163019497e+01
1.188044126738126671e+01
1.188024784360464636e+01
1.188044515514679489e+01
1.188024791967380622e+01
1.188044420790408928e+01
1.188024825747982582e+01
1.188044336030830550e+01
1.188025257760944875e+01
1.188043277543312648e+01
1.188027010362411673e+01
1.188041033187497320e+01
1.188029392007449303e+01
1.188038804473978693e+01
1.188031411608666588e+01
1.188036803944794961e+01
1.188033678502482715e+01
1.188034105032204124e+01
1.188036717122230179e+01
1.188031045117985407e+01
1.188039435995520066e+01
1.188028861226566768e+01
1.188041160528490892e+01
1.188027327611782979e+01
1.188042763300557780e+01
1.188025596364751202e+01
1.188044423067989364e+01
1.188024351921437116e+01
1.188044979440329385e+01
1.188024513526528203e+01
1.188044326862473810e+01
1.188025326058282083e+01
1.188043571951018684e+01
1.188026056673318465e+01
1.188042612590825264e+01
1.188027538920484538e+01
1.188040482530145070e+01
1.188030170254904583e+01
1.188037692216533614e+01
1.188032784938446795e+01
1.188035384143850415e+01
1.188034917996483131e+01
1.188033147425430336e+01
1.188037472235346748e+01
1.188030296225196025e+01
1.188040349703576659e+01
1.188027761758103473e+01
1.188042292597087624e+01
1.188026397947803225e+01
1.188043320043870210e+01
1.188025414103346478e+01
1.188044393616522498e+01
1.188024377674275200e+01
1.188045079094498213e+01
1.188024343323565724e+01
1.188044372711929597e+01
1.188025608633268249e+01
1.188042885368022894e+01
1.188027040681666335e+01
1.188041555491095735e+01
1.188028467292390999e+01
1.188039736802906354e+01
1.188030854385985791e+01
1.188036864482501187e+01
1.188033898092554530e+01
1.188034012299457132e+01
1.188036359598920022e+01
1.188031874449685255e+01
1.188038433554570084e+01
1.188029611467545088e+01
1.188040937504045225e+01
1.188027076340655341e+01
1.188043145710424042e+01
1.188025486573497069e+01
1.188044066202864535e+01
1.188025029378242792e+01
1.188044372021818695e+01
1.188024673112598606e+01
1.188044730785484049e+01
1.188024581369386823e+01
1.188044242571628395e+01
1.188025794628699039e+01
1.188042431810756661e+01
1.188027875731184935e+01
1.188040404340841505e+01
1.188029724947849708e+01
1.188038597793180706e+01
1.188031772410175790e+01
1.188036089618258195e+01
1.188034725186357932e+01
1.188032962014203697e+01
1.188037654013143474e+01
1.188030490050604016e+01
1.188039669077521943e+01
1.188028702613313747e+01
1.188041509473425528e+01
1.188026686543622290e+01
1.188043562096709493e+01
1.188024927280489251e+01
1.188044708120364135e+01
1.188024506405616876e+01
1.188044563345343008e+01
1.188024899617411201e+01
1.188044182627329626e+01
1.188025234688897314e+01
1.188043680624223875e+01
1.188026215094915550e+01
1.188042028236992920e+01
1.188028472108574896e+01
1.188039467835986862e+01
1.188030980439928008e+01
1.188037208262606725e+01
1.188033058039718171e+01
1.188035053618606973e+01
1.188035543040450293e+01
1.188032185973544230e+01
1.188038580359469876e+01
1.188029345115992719e+01
1.188040920595548755e+01
1.188027572796557685e+01
1.188042313599669697e+01
1.188026262967381896e+01
1.188043728006857869e+01
1.188024805704576714e+01
1.188044942241474189e+01
1.188024167725355795e+01
1.188044836701854656e+01
1.188024911233238790e+01
1.188043762532395853e+01
1.188026007594793931e+01
1.188042756725443283e+01
1.188027069310667727e+01
1.188041343730716726e+01
1.188029066682410217e+01
1.188038765534143160e+01
1.188031964609874080e+01
1.188035917563727573e+01
1.188034503418593957e+01
1.188033693161414384e+01
1.188036636744041985e+01
1.188031375160501035e+01
1.188039257513137770e+01
1.188028597212381321e+01
1.188041851760172207e+01
1.188026522459914247e+01
1.188043276185316088e+01
1.188025609103956981e+01
1.188043976605386298e+01
1.188024876685862097e+01
1.188044759454703581e+01
1.188024272154444461e+01
1.188044855370682384e+01
1.188024899643995091e+01
1.188043550863387310e+01
1.188026597974261023e+01
1.188041800052791785e+01
1.188028214154250328e+01
1.188040244968474468e+01
1.188029974531720434e+01
1.188038017433781768e+01
1.188032729465952819e+01
1.188034942927927951e+01
1.188035757386150593e+01
1.188032271103494253e+01
1.188037996716994904e+01
1.188030286720017692e+01
1.188040012086544905e+01
1.188028061195053553e+01
1.188042376204680473e+01
1.188025857749917336e+01
1.188044068232731298e+01
1.188024865495120963e+01
1.188044444230104624e+01
1.188024818934624882e+01
1.188044452107575921e+01
1.188024751737842699e+01
1.188044417709637202e+01
1.188025200075520260e+01
1.188043303618347224e+01
1.188026994827440319e+01
1.188041073235478251e+01
1.188029302458004821e+01
1.188038941147703476e+01
1.188031256838239003e+01
1.188036939229871081e+01
1.188033585212204457e+01
1.188034162709650587e+01
1.188036664998314329e+01
1.188031124309540232e+01
1.188039317409077000e+01
1.188029002086490493e+01
1.188041033553051129e+01
1.188027408391919337e+01
1.188042736803425470e+01
1.188025589329727616e+01
1.188044428271353148e+01
1.188024374596571953e+01
1.188044929934704541e+01
1.188024562218459756e+01
1.188044314861542539e+01
1.188025280994164135e+01
1.188043665407899852e+01
1.188025947197491305e+01
1.188042702795087813e+01
1.188027483484651903e+01
1.188040517142914609e+01
1.188030123137179750e+01
1.188037781386542768e+01
1.188032648520103685e+01
1.188035544309033043e+01
1.188034771879559770e+01
1.188033251101596299e+01
1.188037412366668022e+01
1.188030337841928485e+01
1.188040291826301953e+01
1.188027855355320739e+01
1.188042172776660443e+01
1.188026511097298510e+01
1.188043248836210175e+01
1.188025428209642165e+01
1.188044422204007944e+01
1.188024340584045646e+01
1.188045093547304631e+01
1.188024358772646316e+01
1.188044348805854256e+01
1.188025605334231649e+01
1.188042941736211588e+01
1.188026932613648334e+01
1.188041687046445283e+01
1.188028349532170580e+01
1.188039818161776040e+01
1.188030803208505937e+01
1.188036915465219323e+01
1.188033814562957957e+01
1.188034141000973243e+01
1.188036202618441095e+01
1.188032023443257756e+01
1.188038325457688593e+01
1.188029669643011310e+01
1.188040909347986585e+01
1.188027109263371983e+01
1.188043082370537462e+01
1.188025578985106456e+01
1.188043972777873414e+01
1.188025087159702053e+01
1.188044371383708508e+01
1.188024624053341327e+01
1.188044798130584567e+01
1.188024530513724208e+01
1.188044261726480144e+01
1.188025792939845360e+01
1.188042449762801667e+01
1.188027811304161396e+01
1.188040521295115681e+01
1.188029578268336195e+01
1.188038736673765428e+01
1.188031669923437228e+01
1.188036153922823068e+01
1.188034673806002139e+01
1.188033034871531513e+01
1.188037540193229447e+01
1.188030635422536818e+01
1.188039525219489256e+01
1.188028809021789556e+01
1.188041456688688591e+01
1.188026699061350477e+01
1.188043556445155957e+01
1.188024956727058168e+01
1.188044647993497094e+01
1.188024575333341026e+01
1.188044521931546527e+01
1.188024886615212594e+01
1.188044249885966330e+01
1.188025140415302339e+01
1.188043765184120737e+01
1.188026162656182372e+01
1.188042054874028253e+01
1.188028441045160655e+01
1.188039536491335824e+01
1.188030860965150204e+01
1.188037362267908215e+01
1.188032905570038267e+01
1.188035171320260730e+01
1.188035469718605697e+01
1.188032234245248731e+01
1.188038522712724365e+01
1.188029437637069918e+01
1.188040794659253052e+01
1.188027703841220095e+01
1.188042214732823432e+01
1.188026307067976006e+01
1.188043732409875908e+01
1.188024783287985464e+01
1.188044948506238718e+01
1.188024192435827331e+01
1.188044795630439587e+01
1.188024934355204465e+01
1.188043788426470293e+01
1.188025925546714490e+01
1.188042873120089027e+01
1.188026955573952215e+01
1.188041426311005111e+01
1.188029017097525752e+01
1.188038807370797834e+01
1.188031895933672111e+01
1.188036032948570409e+01
1.188034350347221135e+01
1.188033850990121643e+01
1.188036510462142559e+01
1.188031452932787424e+01
1.188039215682756655e+01
1.188028635926247567e+01
1.188041785878478862e+01
1.188026622161470058e+01
1.188043164855911193e+01
1.188025695108446200e+01
1.188043943851167938e+01
1.188024855101263988e+01
1.188044809207829289e+01
1.188024230316647056e+01
1.188044867271807448e+01
1.188024911032763242e+01
1.188043546822419394e+01
1.188026560818915556e+01
1.188041892552960199e+01
1.188028081723316021e+01
1.188040381785787147e+01
1.188029866548958324e+01
1.188038086692143658e+01
1.188032679817123949e+01
1.188035007330522141e+01
1.188035652624767557e+01
1.188032414986600394e+01
1.188037841994568744e+01
1.188030414562238946e+01
1.188039934568436884e+01
1.188028093640345340e+01
1.188042359146268900e+01
1.188025893086404317e+01
1.188044000167618108e+01
1.188024951306031873e+01
1.188044375543903008e+01
1.188024838462107979e+01
1.188044490096909378e+01
1.188024676933909340e+01
1.188044493057367035e+01
1.188025152349579905e+01
1.188043322072131325e+01
1.188026980111242281e+01
1.188041119252359756e+01
1.188029204590254650e+01
1.188039082609705410e+01
1.188031104274248229e+01
1.188037066521508578e+01
1.188033500577884816e+01
1.188034216759902151e+01
1.188036609012074862e+01
1.188031212417681992e+01
1.188039190546576762e+01
1.188029145432527045e+01
1.188040911111182396e+01
1.188027481067903324e+01
1.188042716114286179e+01
1.188025583226265347e+01
1.188044425760292455e+01
1.188024407327890763e+01
1.188044874007108298e+01
1.188024610171752116e+01
1.188044309533661469e+01
1.188025228430529801e+01
1.188043761577518609e+01
1.188025842243254182e+01
1.188042783605587260e+01
1.188027436641357859e+01
1.188040549190827200e+01
1.188030071275664135e+01
1.188037879115986328e+01
1.188032505630188318e+01
1.188035704447427321e+01
1.188034632335846652e+01
1.188033346005518709e+01
1.188037357547491268e+01
1.188030381709525507e+01
1.188040225589587173e+01
1.188027958244017235e+01
1.188042048424778052e+01
1.188026621568434393e+01
1.188043185161271431e+01
1.188025435514295225e+01
1.188044451702226922e+01
1.188024309797800626e+01
1.188045097933475347e+01
1.188024382080005203e+01
1.188044323748886377e+01
1.188025596427555719e+01
1.188043006102181565e+01
1.188026820031798891e+01
1.188041816101258519e+01
1.188028240149156822e+01
1.188039890372981944e+01
1.188030756218422468e+01
1.188036969744622340e+01
1.188033722627794475e+01
1.188034277565350827e+01
1.188036043481297455e+01
1.188032167580784915e+01
1.188038225842466922e+01
1.188029721588499577e+01
1.188040880663920795e+01
1.188027149583908049e+01
1.188043009163758867e+01
1.188025677759854304e+01
1.188043880059107593e+01
1.188025138314231022e+01
1.188044378238060084e+01
1.188024572280673752e+01
1.188044860885291598e+01
1.188024489243874271e+01
1.188044271966138865e+01
1.188025794234644472e+01
1.188042472005317585e+01
1.188027738738151662e+01
1.188040644365934817e+01
1.188029431949235359e+01
1.188038868586340513e+01
1.188031576699344782e+01
1.188036212622342802e+01
1.188034620735931668e+01
1.188033115586290300e+01
1.188037417478533087e+01
1.188030785034771419e+01
1.188039384282464717e+01
1.188028907625842834e+01
1.188041411025248095e+01
1.188026710359122262e+01
1.188043544716889777e+01
1.188024996138934419e+01
1.188044579971601600e+01
1.188024645554249403e+01
1.188044485948110562e+01
1.188024865763285476e+01
1.188044321541480564e+01
1.188025048798207628e+01
1.188043841100414255e+01
1.188026119754903220e+01
1.188042076840314287e+01
1.188028407207729842e+01
1.188039613061285849e+01
1.188030734042075487e+01
1.188037518070104426e+01
1.188032758335328865e+01
1.188035280082329770e+01
1.188035403150338887e+01
1.188032282519943017e+01
1.188038458132910336e+01
1.188029539668616330e+01
1.188040662591670760e+01
1.188027834026787666e+01
1.188042122644916176e+01
1.188026343483283043e+01
1.188043739726815673e+01
1.188024765331952182e+01
1.188044945189194657e+01
1.188024226192889010e+01
1.188044751330101967e+01
1.188024953485542667e+01
1.188043822183316678e+01
1.188025837612616442e+01
1.188042988917962717e+01
1.188026849123592221e+01
1.188041499192716266e+01
1.188028973644145481e+01
1.188038850336760888e+01
1.188031819932835020e+01
1.188036156778776586e+01
1.188034193398799765e+01
1.188034005553295103e+01
1.188036392381269479e+01
1.188031523125723510e+01
1.188039175538726333e+01
1.188028680314140573e+01
1.188041710321568978e+01
1.188026729598109021e+01
1.188043052287335044e+01
1.188025775659812489e+01
1.188043919003270155e+01
1.188024829042394082e+01
1.188044856332043508e+01
1.188024197209756672e+01
1.188044869411129945e+01
1.188024927430408084e+01
1.188043545156340919e+01
1.188026516138853061e+01
1.188041992169874916e+01
1.188027947797032091e+01
1.188040513015509170e+01
1.188029767958718352e+01
1.188038148656818294e+01
1.188032630739072637e+01
1.188035078125065525e+01
1.188035538807374714e+01
1.188032564650997713e+01
1.188037688420279281e+01
1.188030535315422398e+01
1.188039865102498460e+01
1.188028122791732066e+01
1.188042337949475247e+01
1.188025937795452514e+01
1.188043923127659696e+01
1.188025040392549059e+01
1.188044310745692123e+01
1.188024850214427808e+01
1.188044533921800294e+01
1.188024602800111040e+01
1.188044560945402495e+01
1.188025114624279333e+01
1.188043333979314475e+01
1.188026964746172709e+01
1.188041172118693112e+01
1.188029098691062480e+01
1.188039227594191694e+01
1.188030955338103212e+01
1.188037185170176890e+01
1.188033424048050612e+01
1.188034268569314378e+01
1.188036547873337589e+01
1.188031309769510457e+01
1.188039056260839388e+01
1.188029289795643884e+01
1.188040794328992789e+01
1.188027545588938949e+01
1.188042700174471022e+01
1.188025579525205444e+01
1.188044414633098711e+01
1.188024449841530128e+01
1.188044812922505500e+01
1.188024655974085242e+01
1.188044311508875239e+01
1.188025168929713971e+01
1.188043859070569574e+01
1.188025743119148814e+01
1.188042854659575731e+01
1.188027397564199816e+01
1.188040580134321367e+01
1.188030013556429054e+01
1.188037985431813404e+01
1.188032357344740042e+01
1.188035863081811883e+01
1.188034500282975081e+01
1.188033432380666632e+01
1.188037306532945436e+01
1.188030429242391151e+01
1.188040150360514424e+01
1.188028069851551827e+01
1.188041920937633122e+01
1.188026728059227111e+01
1.188043129379344087e+01
1.188025436833651760e+01
1.188044480651698009e+01
1.188024286451392442e+01
1.188045092201616804e+01
1.188024412177926870e+01
1.188044299011775706e+01
1.188025581015690690e+01
1.188043078202633041e+01
1.188026704188117399e+01
1.188041941229201370e+01
1.188028139808224104e+01
1.188039953975592944e+01
1.188030712033272884e+01
1.188037028616923152e+01
1.188033621944641460e+01
1.188034421155568232e+01
1.188035883654167257e+01
1.188032305720324011e+01
1.188038134782195065e+01
1.188029768349155013e+01
1.188040849981549307e+01
1.188027198211575808e+01
1.188042926352960826e+01
1.188025781639474765e+01
1.188043789466684608e+01
1.188025182189157292e+01
1.188044392046019126e+01
1.188024519174595639e+01
1.188044917735002670e+01
1.188024457933819988e+01
1.188044274108883691e+01
1.188025797053070143e+01
1.188042499664365437e+01
1.188027657984352814e+01
1.188040772494065145e+01
1.188029287468672202e+01
1.188038992597718746e+01
1.188031492510692289e+01
1.188036266954601672e+01
1.188034564558774875e+01
1.188033204802859544e+01
1.188037286426565231e+01
1.188030937497179096e+01
1.188039247580844382e+01
1.188028998041579243e+01
1.188041371685096159e+01
1.188026721892138582e+01
1.188043525769608699e+01
1.188025045577570182e+01
1.188044505114807592e+01
1.188024715594441894e+01
1.188044456311563302e+01
1.188024837299830949e+01
1.188044396355700449e+01
1.188024961267396407e+01
1.188043907695832324e+01
1.188026085862600389e+01
1.188042095515354468e+01
1.188028369292396036e+01
1.188039697906508252e+01
1.188030600488998445e+01
1.188037674206079153e+01
1.188032617492001108e+01
1.188035379812169801e+01
1.188035342301906816e+01
1.188032332267703772e+01
1.188038385701994670e+01
1.188029650960974948e+01
1.188040525642581002e+01
1.188027961925672926e+01
1.188042038011595913e+01
1.188026372729579094e+01
1.188043748586224879e+01
1.188024753155619351e+01
1.188044931906437718e+01
1.188024268186831200e+01
1.188044705260676537e+01
1.188024967484230210e+01
1.188043863875833672e+01
1.188025744833434061e+01
1.188043102641105087e+01
1.188026750905727624e+01
1.188041562589946487e+01
1.188028935090563110e+01
1.188038895853156873e+01
1.188031735948693424e+01
1.188036288514925687e+01
1.188034033955658586e+01
1.188034155525439317e+01
1.188036282906966434e+01
1.188031586521429617e+01
1.188039135629345822e+01
1.188028731524286208e+01
1.188041625016657754e+01
1.188026843719299031e+01
1.188042939956598509e+01
1.188025849821879554e+01
1.188043901848512895e+01
1.188024799733722858e+01
1.188044899395133669e+01
1.188024173521115401e+01
1.188044862307872940e+01
1.188024947460551672e+01
1.188043547178197201e+01
1.188026463552168543e+01
1.188042098105677624e+01
1.188027813833716095e+01
1.188040637489176987e+01
1.188029678869926009e+01
1.188038204352451288e+01
1.188032580761161938e+01
1.188035156239635093e+01
1.188035416167275748e+01
1.188032718857455805e+01
1.188037537428791524e+01
1.188030648282415669e+01
1.188039803192850918e+01
1.188028150013016138e+01
1.188042311290975128e+01
1.188025992270607034e+01
1.188043837912988110e+01
1.188025131295698422e+01
1.188044250990990136e+01
1.188024854093329807e+01
1.188044582559371776e+01
1.188024530813243373e+01
1.188044620417175956e+01
1.188025086696634602e+01
1.188043340566530581e+01
1.188026947306265768e+01
1.188041232510109069e+01
1.188028985278646843e+01
1.188039374727860498e+01
1.188030811365099204e+01
1.188037294751873318e+01
1.188033354853951096e+01
1.188034319586956755e+01
1.188036480426850794e+01
1.188031416451290667e+01
1.188038915590431976e+01
1.188029433696544501e+01
1.188040684162529637e+01
1.188027602144444828e+01
1.188042687771846495e+01
1.188025579660281394e+01
1.188044394193381770e+01
1.188024501627958784e+01
1.188044748053904698e+01
1.188024698302105797e+01
1.188044321192489150e+01
1.188025103267724703e+01
1.188043956434079362e+01
1.188025651003442462e+01
1.188042915834981095e+01
1.188027365236466437e+01
1.188040611445364547e+01
1.188029949038849509e+01
1.188038100120138552e+01
1.188032204890217791e+01
1.188036018771723512e+01
1.188034376437748918e+01
1.188033510705419360e+01
1.188037257965594939e+01
1.188030481767781232e+01
1.188040065734478645e+01
1.188028189389681799e+01
1.188041791772575273e+01
1.188026829398435780e+01
1.188043081613982466e+01
1.188025433173121925e+01
1.188044507577088282e+01
1.188024271509723562e+01
1.188045076544813128e+01
1.188024447845355525e+01
1.188044276026309554e+01
1.188025558403452564e+01
1.188043157542370309e+01
1.188026586445618804e+01
1.188042061087126910e+01
1.188028048948810955e+01
1.188040009727659729e+01
1.188030669205864776e+01
1.188037093245539566e+01
1.188033512410535586e+01
1.188034570747472429e+01
1.188035724617750688e+01
1.188032436887528753e+01
1.188038052108904985e+01
1.188029811126378199e+01
1.188040815865539557e+01
1.188027255851478792e+01
1.188042834436659589e+01
1.188025889255650291e+01
1.188043702335242102e+01
1.188025218354849066e+01
1.188044412053009857e+01
1.188024466182245220e+01
1.188044967493631532e+01
1.188024436716667687e+01
1.188044269164514333e+01
1.188025799921302728e+01
1.188042533695427316e+01
1.188027569234110459e+01
1.188040904467086634e+01
1.188029146271666470e+01
1.188039107974505093e+01
1.188031416893785597e+01
1.188036318272076741e+01
1.188034503942321329e+01
1.188033302938894309e+01
1.188037147810836913e+01
1.188031091355333224e+01
1.188039116301596820e+01
1.188029080121705761e+01
1.188041337678424902e+01
1.188026735134053880e+01
1.188043498630766948e+01
1.188025104860137127e+01
1.188044424637894458e+01
1.188024784015881430e+01
1.188044433738613215e+01
1.188024801695774713e+01
1.188044472975961341e+01
1.188024879172058057e+01
1.188043964518454132e+01
1.188026060230583880e+01
1.188042112345238266e+01
1.188028326125531109e+01
1.188039791149702396e+01
1.188030461313057629e+01
1.188037829194936812e+01
1.188032484030988023e+01
1.188035470659493065e+01
1.188035285980894784e+01
1.188032384925590002e+01
1.188038304704677195e+01
1.188029771029119352e+01
1.188040385174140212e+01
1.188028086192172061e+01
1.188041961286774395e+01
1.188026395541046298e+01
1.188043757546385848e+01
1.188024747951184246e+01
1.188044908514843101e+01
1.188024317415499098e+01
1.188044658898285988e+01
1.188024975378857206e+01
1.188043913337111412e+01
1.188025648406322787e+01
1.188043212841342289e+01
1.188026661667493933e+01
1.188041616954594737e+01
1.188028900088508522e+01
1.188038945258132095e+01
1.188031643547418703e+01
1.188036427400983541e+01
1.188033873467919932e+01
1.188034299705427443e+01
1.188036182207940072e+01
1.188031644096349737e+01
1.188039094482120106e+01
1.188028790536569979e+01
1.188041530134730372e+01
1.188026963318405649e+01
1.188042829308308512e+01
1.188025916855863073e+01
1.188043891939735630e+01
1.188024768517601792e+01
1.188044937043219029e+01
1.188024159712998973e+01
1.188044846702343449e+01
1.188024969678233944e+01
1.188043554073686714e+01
1.188026402913462398e+01
1.188042209371569768e+01
1.188027681313266903e+01
1.188040754202042137e+01
1.188029599148125826e+01
1.188038254964367724e+01
1.188032528443709523e+01
1.188035242401500824e+01
1.188035285172836808e+01
1.188032876251711301e+01
1.188037390376574365e+01
1.188030752986805538e+01
1.188039748123467731e+01
1.188028176741017283e+01
1.188042277972806104e+01
1.188026056665247410e+01
1.188043745516990235e+01
1.188025222537358161e+01
1.188044197270782121e+01
1.188024850240288544e+01
1.188044634827392088e+01
1.188024462423332395e+01
1.188044670714431028e+01
1.188025068125020134e+01
1.188043343178613398e+01
1.188026926445953890e+01
1.188041300879487849e+01
1.188028865088727670e+01
1.188039522566016615e+01
1.188030673568954931e+01
1.188037395079805592e+01
1.188033292030342380e+01
1.188034371284735258e+01
1.188036405683938845e+01
1.188031532306378857e+01
1.188038769731720556e+01
1.188029575684697825e+01
1.188040581372575133e+01
1.188027651159269205e+01
1.188042677573289296e+01
1.188025584988876560e+01
1.188044363969283346e+01
1.188024561956097003e+01
1.188044680845047019e+01
1.188024735956594924e+01
1.188044338754509965e+01
1.188025032413889726e+01
1.188044052189958144e+01
1.188025566912149422e+01
1.188042967253952753e+01
1.188027338479124317e+01
1.188040644567116466e+01
1.188029876980824540e+01
1.188038222732192573e+01
1.188032049611142504e+01
1.188036170151409188e+01
1.188034261296838423e+01
1.188033581680413242e+01
1.188037210412565692e+01
1.188030540489256026e+01
1.188039971546074369e+01
1.188028315876089280e+01
1.188041662409337995e+01
1.188026924576336185e+01
1.188043041748625761e+01
1.188025425700583426e+01
1.188044531027180817e+01
1.188024265740156693e+01
1.188045051395273077e+01
1.188024487741398616e+01
1.188044256146816124e+01
1.188025528116256346e+01
1.188043243407391536e+01
1.188026468242437694e+01
1.188042174451060617e+01
1.188027967772738691e+01
1.188040058585512959e+01
1.188030626264125900e+01
1.188037164629472286e+01
1.188033394164441425e+01
1.188034725157077709e+01
1.188035567827823513e+01
1.188032560301501128e+01
1.188037977417584656e+01
1.188029851245314461e+01
1.188040776955001476e+01
1.188027322985185208e+01
1.188042734135195033e+01
1.188025999166854518e+01
1.188043619878710722e+01
1.188025246616002661e+01
1.188044437308525403e+01
1.188024414779159699e+01
1.188045009136057750e+01
1.188024425480894131e+01
1.188044258306505441e+01
1.188025801391839842e+01
1.188042574858031841e+01
1.188027472913676341e+01
1.188041038951269535e+01
1.188029009731828722e+01
1.188039214203056027e+01
1.188031349160865524e+01
1.188036368004736332e+01
1.188034437676086164e+01
1.188033410174229765e+01
1.188037002599929259e+01
1.188031245128936142e+01
1.188038991473008821e+01
1.188029153959669237e+01
1.188041307850040695e+01
1.188026751536711956e+01
1.188043462524397142e+01
1.188025173564689041e+01
1.188044339877192002e+01
1.188024849454713205e+01
1.188044418727369944e+01
1.188024759642445893e+01
1.188044549970916997e+01
1.188024803744284696e+01
1.188044011354279306e+01
1.188026041910539377e+01
1.188042128802948838e+01
1.188028276695365548e+01
1.188039892672591336e+01
1.188030317683615600e+01
1.188037981576982105e+01
1.188032358751199347e+01
1.188035553012625201e+01
1.188035232868759472e+01
1.188032441858065802e+01
1.188038214647825797e+01
1.188029899166030390e+01
1.188040242624550125e+01
1.188028205597854736e+01
1.188041892690552537e+01
1.188026412850454605e+01
1.188043765134266039e+01
1.188024750751110759e+01
1.188044875115988397e+01
1.188024372711855747e+01
1.188044613695542040e+01
1.188024976390259724e+01
1.188043970164897090e+01
1.188025549653179880e+01
1.188043318138985960e+01
1.188026581936529524e+01
1.188041662964094591e+01
1.188028867210284822e+01
1.188038999770388848e+01
1.188031542531417273e+01
1.188036572484543996e+01
1.188033713415344650e+01
1.188034437048287373e+01
1.188036090211272189e+01
1.188031696994925568e+01
1.188039050644220396e+01
1.188028858135624333e+01
1.188041426085638896e+01
1.188027087065282572e+01
1.188042721716469252e+01
1.188025976239774373e+01
1.188043888607439236e+01
1.188024736818431393e+01
1.188044968037689486e+01
1.188024156009807797e+01
1.188044823535482308e+01
1.188024992609322261e+01
1.188043566869546019e+01
1.188026334317482302e+01
1.188042324813818951e+01
1.188027551698013617e+01
1.188040862340249681e+01
1.188029528418901926e+01
1.188038301806000696e+01
1.188032472417543417e+01
1.188035337117578827e+01
1.188035146514667595e+01
1.188033035400312798e+01
1.188037248506202914e+01
1.188030849185746796e+01
1.188039698977167191e+01
1.188028204446394831e+01
1.188042236955381448e+01
1.188026130888508902e+01
1.188043647099131839e+01
1.188025312659747357e+01
1.188044150385483810e+01
1.188024839032845392e+01
1.188044689415497324e+01
1.188024399014509669e+01
1.188044711298140577e+01
1.188025058241294651e+01
1.188043343241625927e+01
1.188026900936416297e+01
1.188041377445138558e+01
1.188028739055024730e+01
1.188039669630575546e+01
1.188030543009408291e+01
1.188037486209733551e+01
1.188033234441758168e+01
1.188034425116849668e+01
1.188036322849476534e+01
1.188031656939740799e+01
1.188038620006873813e+01
1.188029714376515145e+01
1.188040486504520210e+01
1.188027693282639419e+01
1.188042668160607818e+01
1.188025596754748925e+01
1.188044323726465379e+01
1.188024629893500084e+01
1.188044612771382447e+01
1.188024767894188116e+01
1.188044364125248897e+01
1.188024957505415280e+01
1.188044144874396579e+01
1.188025491671306355e+01
1.188043009279671125e+01
1.188027315983299204e+01
1.188040680874519062e+01
1.188029796858511489e+01
1.188038352596457869e+01
1.188031892934699130e+01
1.188036315965911704e+01
1.188034155123254543e+01
1.188033646209763106e+01
1.188037162404864411e+01
1.188030606453589222e+01
1.188039867873382249e+01
1.188028448161014872e+01
1.188041534310840319e+01
1.188027012771248536e+01
1.188043009429506114e+01
1.188025415715305222e+01
1.188044549614370382e+01
1.188024269691325330e+01
1.188045017412355797e+01
1.188024530441978932e+01
1.188044240613935543e+01
1.188025489912470078e+01
1.188043334883675151e+01
1.188026351053853702e+01
1.188042280249177729e+01
1.188027896238472003e+01
1.188040101677522564e+01
1.188030581751587889e+01
1.188037243576310154e+01
1.188033267583230668e+01
1.188034883071971848e+01
1.188035414676947532e+01
1.188032675395645832e+01
1.188037910076776527e+01
1.188029890118804488e+01
1.188040732000973065e+01
1.188027399857615052e+01
1.188042626370919663e+01
1.188026109896962090e+01
1.188043543158364912e+01
1.188025267016823072e+01
1.188044466691154177e+01
1.188024366429568524e+01
1.188045041826295289e+01
1.188024423873368107e+01
1.188044242839693609e+01
1.188025800082701977e+01
1.188042623695719158e+01
1.188027369672832911e+01
1.188041174526648547e+01
1.188028879114792424e+01
1.188039311003611864e+01
1.188031288418743259e+01
1.188036417620662988e+01
1.188034364704414969e+01
1.188033526446293386e+01
1.188036851931486737e+01
1.188031397350826879e+01
1.188038873937539641e+01
1.188029219887430799e+01
1.188041280910393560e+01
1.188026772490345984e+01
1.188043416892485915e+01
1.188025251041891295e+01
1.188044252254352884e+01
1.188024910657439115e+01
1.188044411544314904e+01
1.188024712033470820e+01
1.188044625868601933e+01
1.188024736065563935e+01
1.188044048233265215e+01
1.188026029780661474e+01
1.188042146348068506e+01
1.188028220179055516e+01
1.188040002119302763e+01
1.188030170901453175e+01
1.188038129952237476e+01
1.188032242237961000e+01
1.188035627488244295e+01
1.188035181556958264e+01
1.188032504319455995e+01
1.188038115273736928e+01
1.188030034461982254e+01
1.188040099469884403e+01
1.188028319063844940e+01
1.188041832203253811e+01
1.188026425764446969e+01
1.188043769885518586e+01
1.188024762399672873e+01
1.188044832053286015e+01
1.188024432775960193e+01
1.188044571042587805e+01
1.188024969952957477e+01
1.188044033732192517e+01
1.188025449985796378e+01
1.188043417259886070e+01
1.188026512006380031e+01
1.188041701502876712e+01
1.188028834988065618e+01
1.188039060456148022e+01
1.188031432944325516e+01
1.188036722642161891e+01
1.188033555268419050e+01
1.188034566692992477e+01
1.188036006604085770e+01
1.188031746498553076e+01
1.188039002722470094e+01
1.188028934889361921e+01
1.188041313506696994e+01
1.188027213541996652e+01
1.188042618448263532e+01
1.188026027682178842e+01
1.188043890977335160e+01
1.188024706104429740e+01
1.188044991289146957e+01
1.188024162391835681e+01
1.188044793922911069e+01
1.188025014790532730e+01
1.188043586406329233e+01
1.188026258096473597e+01
1.188042443144080629e+01
1.188027426393874286e+01
1.188040961303016196e+01
1.188029466077911422e+01
1.188038346282733748e+01
1.188032411421516521e+01
1.188035440660960163e+01
1.188035001086969089e+01
1.188033194828437900e+01
1.188037112913603721e+01
1.188030936876669408e+01
1.188039654660145672e+01
1.188028234593392085e+01
1.188042187386138515e+01
1.188026214607947395e+01
1.188043543953433456e+01
1.188025400264185727e+01
1.188044110923945595e+01
1.188024821074773740e+01
1.188044744919955420e+01
1.188024341867476608e+01
1.188044741863451925e+01
1.188025056169207971e+01
1.188043342223776833e+01
1.188026869698577492e+01
1.188041462185242381e+01
1.188028608284621157e+01
1.188039814449016163e+01
1.188030420563766043e+01
1.188037568438748615e+01
1.188033180813563128e+01
1.188034482479761067e+01
1.188036231343442850e+01
1.188031789728871956e+01
1.188038467828682876e+01
1.188029848491730434e+01
1.188040399873829500e+01
1.188027729371079921e+01
1.188042658068959767e+01
1.188025616053802125e+01
1.188044273474502255e+01
1.188024704331981951e+01
1.188044545300392940e+01
1.188024793254853684e+01
1.188044396997189089e+01
1.188024879817464452e+01
1.188044233077077649e+01
1.188025425894291764e+01
1.188043042506472347e+01
1.188027296346326445e+01
1.188040721636921937e+01
1.188029708380099159e+01
1.188038488836609297e+01
1.188031736333211263e+01
1.188036455104348299e+01
1.188034057939005628e+01
1.188033705376638238e+01
1.188037112477780965e+01
1.188030680522064308e+01
1.188039755035578793e+01
1.188028584958236777e+01
1.188041408884564731e+01
1.188027093371158394e+01
1.188042984074813191e+01
1.188025404613178182e+01
1.188044562052601272e+01
1.188024283677978410e+01
1.188044975464335451e+01
1.188024574478587780e+01
1.188044230521617450e+01
1.188025443789629243e+01
1.188043430881194773e+01
1.188026236353183585e+01
1.188042377590859822e+01
1.188027834062035737e+01
1.188040140273055023e+01
1.188030534267352500e+01
1.188037330680571557e+01
1.188033133271353847e+01
1.188035043085985443e+01
1.188035266457794492e+01
1.188032781832942852e+01
1.188037849245343835e+01
1.188029929208778057e+01
1.188040679900834107e+01
1.188027486470491212e+01
1.188042512243011650e+01
1.188026219974588216e+01
1.188043473054940335e+01
1.188025279839959580e+01
1.188044498938243976e+01
1.188024322546783296e+01
1.188045064940554241e+01
1.188024431309076334e+01
1.188044224164453588e+01
1.188025794714663164e+01
1.188042680521822803e+01
1.188027260367705118e+01
1.188041309724399852e+01
1.188028755544345927e+01
1.188039398338159813e+01
1.188031233593159008e+01
1.188036468585624839e+01
1.188034284155218678e+01
1.188033651452079908e+01
1.188036697081865789e+01
1.188031546605573752e+01
1.188038764329482611e+01
1.188029278466888172e+01
1.188041255470412239e+01
1.188026799285357349e+01
1.188043361410294274e+01
1.188025336432954226e+01
1.188044163238026840e+01
1.188024966514019276e+01
1.188044412217329082e+01
1.188024659941323335e+01
1.188044699195762277e+01
1.188024677037211418e+01
1.188044075428633661e+01
1.188026022576566909e+01
1.188042166387006837e+01
1.188028155964531507e+01
1.188040118905991527e+01
1.188030022364551463e+01
1.188038273017489743e+01
1.188032134847074417e+01
1.188035694914832341e+01
1.188035130585651977e+01
1.188032573419501148e+01
1.188038006566900506e+01
1.188030175829158885e+01
1.188039957185059414e+01
1.188028425689196688e+01
1.188041779565742218e+01
1.188026435534028380e+01
1.188043770384427589e+01
1.188024783529661832e+01
1.188044779902421055e+01
1.188024496210428538e+01
1.188044532230005679e+01
1.188024955729922993e+01
1.188044103203720780e+01
1.188025350868516838e+01
1.188043509069850678e+01
1.188026451928263327e+01
1.188041733638061359e+01
1.188028801954214408e+01
1.188039128200403205e+01
1.188031315069558147e+01
1.188036876609091941e+01
1.188033400449654131e+01
1.188034687985500781e+01
1.188035930841693855e+01
1.188031793990639962e+01
1.188038949421725121e+01
1.188029021133544916e+01
1.188041193245159377e+01
1.188027341280705507e+01
1.188042520630719068e+01
1.188026071129948846e+01
1.188043897993379083e+01
1.188024677848017063e+01
1.188045005887370209e+01
1.188024178595802738e+01
1.188044759124235661e+01
1.188025034808959468e+01
1.188043613316251168e+01
1.188026174811325575e+01
1.188042562973282834e+01
1.188027306712833209e+01
1.188041050719149894e+01
1.188029411307292982e+01
1.188038389853189258e+01
1.188032344336927437e+01
1.188035553063828864e+01
1.188034849963576356e+01
1.188033353058715669e+01
1.188036984519069783e+01
1.188031016297628284e+01
1.188039613931426075e+01
1.188028268599634529e+01
1.188042128622987370e+01
1.188026307258830272e+01
1.188043437473474739e+01
1.188025484048116098e+01
1.188044079248008877e+01
1.188024797180295522e+01
1.188044799881074098e+01
1.188024292124594794e+01
1.188044762348199157e+01
1.188025060848564429e+01
1.188043341595334823e+01
1.188026831831915864e+01
1.188041554838646263e+01
1.188028474028836357e+01
1.188039955593288433e+01
1.188030306903182698e+01
1.188037642297449459e+01
1.188033129766932561e+01
1.188034544673801385e+01
1.188036130816501945e+01
1.188031929840764178e+01
1.188038314663144135e+01
1.188029976887061068e+01
1.188040321557508072e+01
1.188027760465680771e+01
1.188042645826721611e+01
1.188025643803877962e+01
1.188044213466507948e+01
1.188024784017934721e+01
1.188044479852340096e+01
1.188024811384459412e+01
1.188044436833049211e+01
1.188024800729502672e+01
1.188044315479158364e+01
1.188025369964885058e+01
1.188043067743550552e+01
1.188027278110322627e+01
1.188040767983750179e+01
1.188029611493320914e+01
1.188038630394776796e+01
1.188031581285412486e+01
1.188036586629520386e+01
1.188033969524217426e+01
1.188033760413803286e+01
1.188037059211222157e+01
1.188030763346957741e+01
1.188039633584007682e+01
1.188028724879527509e+01
1.188041287445494198e+01
1.188027165989889511e+01
1.188042964889925912e+01
1.188025393849151889e+01
1.188044567192658008e+01
1.188024307772289490e+01
1.188044926604447582e+01
1.188024618378055841e+01
1.188044226788160351e+01
1.188025389984382940e+01
1.188043530162558703e+01
1.188026125572560510e+01
1.188042465791003011e+01
1.188027780724617344e+01
1.188040175747504357e+01
1.188030482504397689e+01
1.188037426307906763e+01
1.188032992044534275e+01
1.188035203736244227e+01
1.188035124329017478e+01
1.188032879515201046e+01
1.188037793895014360e+01
1.188029969986171075e+01
1.188040619728657177e+01
1.188027582582492592e+01
1.188042392997646424e+01
1.188026327972121798e+01
1.188043410245508547e+01
1.188025285599196756e+01
1.188044532679460730e+01
1.188024284454774993e+01
1.188045078084507011e+01
1.188024446987272675e+01
1.188044203738380666e+01
1.188025784145521691e+01
1.188042745411380707e+01
1.188027146038216486e+01
1.188041443065596958e+01
1.188028639972186618e+01
1.188039476411736928e+01
1.188031183458219786e+01
1.188036522322742705e+01
1.188034195363565360e+01
1.188033784656574454e+01
1.188036539432253846e+01
1.188031691566694548e+01
1.188038663058027922e+01
1.188029330475091960e+01
1.188041230079227084e+01
1.188026833076779987e+01
1.188043295995195692e+01
1.188025428693216590e+01
1.188044074304469433e+01
1.188025016087084218e+01
1.188044420534950696e+01
1.188024604589087296e+01
1.188044768517424821e+01
1.188024627355606810e+01
1.188044093449425276e+01
1.188026018926103333e+01
1.188042190234862439e+01
1.188028083666603330e+01
1.188040242236411714e+01
1.188029873531342595e+01
1.188038409600930123e+01
1.188032036694955451e+01
1.188035756310233459e+01
1.188035078483881435e+01
1.188032650092978137e+01
1.188037888754138471e+01
1.188030322030891739e+01
1.188039817204946580e+01
1.188028524774643557e+01
1.188041734286068163e+01
1.188026443521006925e+01
1.188043765302682431e+01
1.188024814544936270e+01
1.188044719455408504e+01
1.188024561558373904e+01
1.188044498414556926e+01
1.188024933621335499e+01
1.188044177557847370e+01
1.188025253779342272e+01
1.188043592605459864e+01
1.188026401509482177e+01
1.188041760590066787e+01
1.188028766681491177e+01
1.188039203683234568e+01
1.188031189422505562e+01
1.188037033012646226e+01
1.188033250296083843e+01
1.188034800496413546e+01
1.188035862162069201e+01
1.188031840918733906e+01
1.188038889580540669e+01
1.188029116962788123e+01
1.188041066335118323e+01
1.188027468802687636e+01
1.188042429221096441e+01
1.188026106769803647e+01
1.188043908445753516e+01
1.188024653485880933e+01
1.188045011126421358e+01
1.188024204122142891e+01
1.188044720508509577e+01
1.188025051340039617e+01
1.188043648006627961e+01
1.188026085236772467e+01
1.188042682848226050e+01
1.188027193837746864e+01
1.188041130457398964e+01
1.188029363098018543e+01
1.188038433989068210e+01
1.188032270217899899e+01
1.188035674116884266e+01
1.188034694369377320e+01
1.188033508650083192e+01
1.188036864042807927e+01
1.188031087921225470e+01
1.188039575436469342e+01
1.188028307797120853e+01
1.188042060251899379e+01
1.188026408059747041e+01
1.188043329114922919e+01
1.188025562839460214e+01
1.188044055482982841e+01
1.188024768352720351e+01
1.188044852822307540e+01
1.188024250758607359e+01
1.188044772934703275e+01
1.188025071064446792e+01
1.188043342788658130e+01
1.188026786638336496e+01
1.188041654911935296e+01
1.188028337650330002e+01
1.188040091717681079e+01
1.188030202474362440e+01
1.188037708535685688e+01
1.188033079856779040e+01
1.188034612867518014e+01
1.188036021159218691e+01
1.188032076254402547e+01
1.188038161990752606e+01
1.188030098586312810e+01
1.188040251391831958e+01
1.188027787764276155e+01
1.188042629995717903e+01
1.188025680719457000e+01
1.188044144192031837e+01
1.188024867586451983e+01
1.188044417762460192e+01
1.188024821851887936e+01
1.188044482879860553e+01
1.188024721688742247e+01
1.188044390888981461e+01
1.188025324026571106e+01
1.188043085992681291e+01
1.188027259802186997e+01
1.188040820874137360e+01
1.188029506386574852e+01
1.188038776059492818e+01
1.188031429237499559e+01
1.188036709803051139e+01
1.188033889422793266e+01
1.188033812669933198e+01
1.188037001268824611e+01
1.188030855353850690e+01
1.188039504287010573e+01
1.188028866471648826e+01
1.188041171181531652e+01
1.188027230477397289e+01
1.188042950888365112e+01
1.188025384897872172e+01
1.188044564053799235e+01
1.188024341801901507e+01
1.188044872041937872e+01
1.188024660702241775e+01
1.188044230132031309e+01
1.188025328966205763e+01
1.188043631375566811e+01
1.188026020064617860e+01
1.188042544388851240e+01
1.188027735486678083e+01
1.188040209544405279e+01
1.188030425285176861e+01
1.188037530585549284e+01
1.188032844907964325e+01
1.188035363541654732e+01
1.188034989284549781e+01
1.188032968585974558e+01
1.188037742838134569e+01
1.188030013890486103e+01
1.188040550760634773e+01
1.188027687716072123e+01
1.188042269994387468e+01
1.188026432543452415e+01
1.188043355185675054e+01
1.188025285026059485e+01
1.188044566473402419e+01
1.188024253352014981e+01
1.188045081104233347e+01
1.188024469913577796e+01
1.188044183036581281e+01
1.188025767400521815e+01
1.188042818199338235e+01
1.188027027880751874e+01
1.188041573100355919e+01
1.188028533152137101e+01
1.188039545667080965e+01
1.188031136670084642e+01
1.188036580173417178e+01
1.188034097889508267e+01
1.188033925307328076e+01
1.188036380432151162e+01
1.188031831031559626e+01
1.188038570296206231e+01
1.188029376883596200e+01
1.188041203263751910e+01
1.188026874852455705e+01
1.188043220808797251e+01
1.188025526620675620e+01
1.188043986898156490e+01
1.188025058636537601e+01
1.188044436051875685e+01
1.188024547318130786e+01
1.188044832475645052e+01
1.188024587492970241e+01
1.188044103026507514e+01
1.188026017387046984e+01
1.188042219079947515e+01
1.188028003136955668e+01
1.188040371123005023e+01
1.188029725882326204e+01
1.188038538693458968e+01
1.188031947655208498e+01
1.188035812853919104e+01
1.188035023810088120e+01
1.188032735074238389e+01
1.188037762298181121e+01
1.188030471714707836e+01
1.188039680886615912e+01
1.188028615841115432e+01
1.188041695652325203e+01
1.188026451161246122e+01
1.188043753435874805e+01
1.188024855609321584e+01
1.188044651698740495e+01
1.188024627342757000e+01
1.188044470588608803e+01
1.188024903767129281e+01
1.188044255613419153e+01
1.188025160170486316e+01
1.188043667100396483e+01
1.188026360318559682e+01
1.188041783698978904e+01
1.188028727822006481e+01
1.188039287361757701e+01
1.188031056736646107e+01
1.188037190408334176e+01
1.188033106023901198e+01
1.188034904032729955e+01
1.188035799606307030e+01
1.188031888754771792e+01
1.188038822203102995e+01
1.188029222228207615e+01
1.188040933969504387e+01
1.188027594657492259e+01
1.188042344981720433e+01
1.188026135023559782e+01
1.188043921003091263e+01
1.188024634379832278e+01
1.188045006524159319e+01
1.188024238248824638e+01
1.188044679516845825e+01
1.188025063182947960e+01
1.188043690649290163e+01
1.188025990341026272e+01
1.188042801289980943e+01
1.188027088790428998e+01
1.188041200630279448e+01
1.188029320277586542e+01
1.188038480134698638e+01
1.188032188316909021e+01
1.188035803375230692e+01
1.188034535647863876e+01
1.188033660235687172e+01
1.188036751985668893e+01
1.188031152442190042e+01
1.188039537744045937e+01
1.188028353395535319e+01
1.188041982098154037e+01
1.188026516034050317e+01
1.188043220356595064e+01
1.188025635627441190e+01
1.188044039514300465e+01
1.188024735758003025e+01
1.188044902290020488e+01
1.188024218545890420e+01
1.188044774044790763e+01
1.188025085480637344e+01
1.188043347159453589e+01
1.188026733640539589e+01
1.188041761692566389e+01
1.188028200587277006e+01
1.188040221594676105e+01
1.188030107487230325e+01
1.188037768102203273e+01
1.188033029611546887e+01
1.188034688065751787e+01
1.188035902504725527e+01
1.188032227788142059e+01
1.188038011267516225e+01
1.188030212806156527e+01
1.188040188976447098e+01
1.188027812589226073e+01
1.188042609210671152e+01
1.188025727291990918e+01
1.188044066363468509e+01
1.188024953598300115e+01
1.188044360245583242e+01
1.188024824460301332e+01
1.188044534188707146e+01
1.188024644171616018e+01
1.188044458274518966e+01
1.188025287978449107e+01
1.188043098420606114e+01
1.188027239973876981e+01
1.188040881071304788e+01
1.188029393483679286e+01
1.188038924497606352e+01
1.188031281564948216e+01
1.188036824105349254e+01
1.188033816954531119e+01
1.188033863572628235e+01
1.188036937434727847e+01
1.188030956730228205e+01
1.188039368109008898e+01
1.188029008254907382e+01
1.188041061122273234e+01
1.188027286923906090e+01
1.188042940917974200e+01
1.188025379213589083e+01
1.188044551850808439e+01
1.188024385354745505e+01
1.188044813108954045e+01
1.188024700086573127e+01
1.188044241053026084e+01
1.188025261425045542e+01
1.188043733088883691e+01
1.188025921066107671e+01
1.188042613160791561e+01
1.188027697408208283e+01
1.188040243135716167e+01
1.188030361593514606e+01
1.188037643399192334e+01
1.188032693029608211e+01
1.188035521041858189e+01
1.188034862127137536e+01
1.188033049427010290e+01
1.188037694759916718e+01
1.188030062290163968e+01
1.188040472494862065e+01
1.188027801170673925e+01
1.188042144669718603e+01
1.188026532459433149e+01
1.188043308097556583e+01
1.188025279050624405e+01
1.188044598846317079e+01
1.188024230278610105e+01
1.188045074090508280e+01
1.188024498927383021e+01
1.188044163511671059e+01
1.188025743698155168e+01
1.188042898485040766e+01
1.188026907216723060e+01
1.188041698446369310e+01
1.188028435619573209e+01
1.188039606772722578e+01
1.188031091803960848e+01
1.188036643360612565e+01
1.188033991529722400e+01
1.188034072454737178e+01
1.188036221561157468e+01
1.188031963953099535e+01
1.188038485976033165e+01
1.188029418832434914e+01
1.188041173569024522e+01
1.188026925405827683e+01
1.188043136252325027e+01
