1.188024147592623692e+01
1.188033801201000017e+01
1.188024493322668462e+01
1.188033554336165487e+01
1.188024477224419151e+01
1.188033451086221426e+01
1.188025001783302059e+01
1.188032780626036455e+01
1.188025410864499420e+01
1.188032512728489998e+01
1.188025983163169386e+01
1.188031599751813694e+01
1.188026797200650542e+01
1.188031090629906217e+01
1.188027356661276102e+01
1.188030153565557079e+01
1.188028426434822649e+01
1.188029378036614325e+01
1.188028985278694627e+01
1.188028590565610543e+01
1.188030076432909254e+01
1.188027623766748775e+01
1.188030675858530927e+01
1.188027063085129598e+01
1.188031551175888012e+01
1.188026081848672000e+01
1.188032198890713609e+01
1.188025729489361382e+01
1.188032701039506023e+01
1.188024960483766712e+01
1.188033327777908887e+01
1.188024750230725424e+01
1.188033424472582489e+01
1.188024386942955424e+01
1.188033887035493130e+01
1.188024270151287176e+01
1.188033659608159454e+01
1.188024397632036866e+01
1.188033792899939201e+01
1.188024388096568629e+01
1.188033377694178583e+01
1.188024951503075322e+01
1.188033071398945850e+01
1.188025124068159322e+01
1.188032586510410127e+01
1.188025955799064093e+01
1.188031847597713586e+01
1.188026398723155275e+01
1.188031343423520525e+01
1.188027290200742669e+01
1.188030311311991127e+01
1.188028037186240127e+01
1.188029769214560893e+01
1.188028819825511739e+01
1.188028673398358670e+01
1.188029799858218283e+01
1.188028050117495482e+01
1.188030396453621940e+01
1.188027128604666949e+01
1.188031431599616639e+01
1.188026418978995835e+01
1.188031855823823868e+01
1.188025835333393232e+01
1.188032712941761204e+01
1.188025115667397102e+01
1.188033022212465006e+01
1.188024912802037392e+01
1.188033496677904388e+01
1.188024337260801211e+01
1.188033727885855839e+01
1.188024447255760663e+01
1.188033720367745794e+01
1.188024194732009065e+01
1.188033846218899825e+01
1.188024495617835719e+01
1.188033396203209513e+01
1.188024691430223356e+01
1.188033327959595375e+01
1.188025078725724626e+01
1.188032588804886380e+01
1.188025730110519973e+01
1.188032225405448727e+01
1.188026164842060872e+01
1.188031394448605127e+01
1.188027143730024093e+01
1.188030692030470270e+01
1.188027652676190726e+01
1.188029930907860887e+01
1.188028736367711602e+01
1.188028954403533355e+01
1.188029366864531156e+01
1.188028338254920868e+01
1.188030318627398962e+01
1.188027264646775194e+01
1.188031075352395405e+01
1.188026782572451800e+01
1.188031727339800447e+01
1.188025849565220149e+01
1.188032528792779630e+01
1.188025451233607299e+01
1.188032829074412611e+01
1.188024873063086773e+01
1.188033511501904727e+01
1.188024532130746813e+01
1.188033515670411688e+01
1.188024421472660208e+01
1.188033887121080312e+01
1.188024178159773037e+01
1.188033703189702095e+01
1.188024510669722211e+01
1.188033623366138869e+01
1.188024467733408152e+01
1.188033341882732152e+01
1.188025104823128508e+01
1.188032788665691797e+01
1.188025376951084944e+01
1.188032436156989391e+01
1.188026133709626464e+01
1.188031524969915864e+01
1.188026776367730974e+01
1.188031064925868918e+01
1.188027499788706720e+01
1.188030009901102702e+01
1.188028456013936029e+01
1.188029388965516731e+01
1.188029074999925250e+01
1.188028423514612975e+01
1.188030170844765010e+01
1.188027635440208307e+01
1.188030695570583717e+01
1.188026929632007977e+01
1.188031690770051618e+01
1.188026059191100714e+01
1.188032166359867148e+01
1.188025672170216573e+01
1.188032838741787955e+01
1.188024891128811689e+01
1.188033282461958251e+01
1.188024778322045449e+01
1.188033507162194091e+01
1.188024290652972326e+01
1.188033866729622900e+01
1.188024357344228932e+01
1.188033653461575057e+01
1.188024317970474897e+01
1.188033812240782261e+01
1.188024487593958334e+01
1.188033284623092456e+01
1.188024933911117564e+01
1.188033113710224953e+01
1.188025193124470213e+01
1.188032443325718823e+01
1.188026023447655888e+01
1.188031874422815015e+01
1.188026419836286962e+01
1.188031204140111186e+01
1.188027430241375271e+01
1.188030284528853819e+01
1.188028024987156250e+01
1.188029679482227863e+01
1.188028987352300625e+01
1.188028578077263298e+01
1.188029790329317414e+01
1.188028026739704224e+01
1.188030534416657247e+01
1.188026984310801737e+01
1.188031459626598796e+01
1.188026444798992820e+01
1.188031920977812739e+01
1.188025689593474077e+01
1.188032790404279915e+01
1.188025152094837544e+01
1.188033004103316692e+01
1.188024819743715454e+01
1.188033603003751359e+01
1.188024347503795930e+01
1.188033651438263227e+01
1.188024442136297587e+01
1.188033810863314166e+01
1.188024165215904837e+01
1.188033756887822534e+01
1.188024578126688269e+01
1.188033424056588672e+01
1.188024639906937630e+01
1.188033267356930800e+01
1.188025213505723343e+01
1.188032529416221017e+01
1.188025696082205052e+01
1.188032210180494097e+01
1.188026298922183521e+01
1.188031259440944964e+01
1.188027166255318612e+01
1.188030706990201679e+01
1.188027740911380370e+01
1.188029764428815405e+01
1.188028831070106506e+01
1.188028963286774520e+01
1.188029392432756381e+01
1.188028197232369010e+01
1.188030466222487469e+01
1.188027232578527581e+01
1.188031054978860723e+01
1.188026710776141037e+01
1.188031880023210718e+01
1.188025764995117228e+01
1.188032500356241883e+01
1.188025460142377909e+01
1.188032931841775408e+01
1.188024757250341956e+01
1.188033510905347434e+01
1.188024598107980090e+01
1.188033531905716345e+01
1.188024320167769332e+01
1.188033926931279360e+01
1.188024257065178091e+01
1.188033631620653274e+01
1.188024472046072155e+01
1.188033684739234097e+01
1.188024519127288769e+01
1.188033216372265422e+01
1.188025154971094643e+01
1.188032830971642895e+01
1.188025385130212186e+01
1.188032308530531012e+01
1.188026262357598029e+01
1.188031508079832044e+01
1.188026757223128627e+01
1.188030979667691334e+01
1.188027663716875892e+01
1.188029917330675822e+01
1.188028446254659087e+01
1.188029362726913085e+01
1.188029217588258390e+01
1.188028274085243652e+01
1.188030205523264549e+01
1.188027651735277068e+01
1.188030772704316718e+01
1.188026771246408941e+01
1.188031781289888578e+01
1.188026080686841368e+01
1.188032165692243858e+01
1.188025560552672921e+01
1.188032963304168632e+01
1.188024882690106843e+01
1.188033226460418312e+01
1.188024751335627371e+01
1.188033619049387823e+01
1.188024240650741703e+01
1.188033798284734210e+01
1.188024417797492482e+01
1.188033703161164212e+01
1.188024246324227740e+01
1.188033770618570095e+01
1.188024603144128122e+01
1.188033244512962483e+01
1.188024882422618589e+01
1.188033113596600465e+01
1.188025313182543208e+01
1.188032322230873206e+01
1.188026033423145478e+01
1.188031899098032085e+01
1.188026500718185119e+01
1.188031044211891896e+01
1.188027519186925041e+01
1.188030296667862551e+01
1.188028050381590006e+01
1.188029536856093848e+01
1.188029137100814125e+01
1.188028542268507692e+01
1.188029776664202508e+01
1.188027945681842112e+01
1.188030697157660853e+01
1.188026889120838980e+01
1.188031443865708425e+01
1.188026438343008628e+01
1.188032040429497904e+01
1.188025557204854188e+01
1.188032807066873175e+01
1.188025198803311966e+01
1.188033041274274915e+01
1.188024697723904133e+01
1.188033662885576192e+01
1.188024405657607474e+01
1.188033602052015603e+01
1.188024381275272745e+01
1.188033893007975728e+01
1.188024196709658220e+01
1.188033651777911892e+01
1.188024607586015335e+01
1.188033485459294170e+01
1.188024631117718322e+01
1.188033155821981524e+01
1.188025325985945990e+01
1.188032527500132218e+01
1.188025664655157243e+01
1.188032134986293542e+01
1.188026453477314703e+01
1.188031175538021245e+01
1.188027150274356636e+01
1.188030683940473153e+01
1.188027882062093177e+01
1.188029615881648304e+01
1.188028866485298352e+01
1.188028975821123012e+01
1.188029475944949631e+01
1.188028031575247745e+01
1.188030564690930113e+01
1.188027243918927134e+01
1.188031067308931377e+01
1.188026584668695307e+01
1.188032019156203134e+01
1.188025741083752074e+01
1.188032462064242800e+01
1.188025413552795762e+01
1.188033063355614161e+01
1.188024688010419005e+01
1.188033462649543281e+01
1.188024636682678192e+01
1.188033603805869198e+01
1.188024227526114096e+01
1.188033905708439164e+01
1.188024351451183414e+01
1.188033613216216189e+01
1.188024400202774977e+01
1.188033703091855031e+01
1.188024621357722665e+01
1.188033113389334794e+01
1.188025147833105066e+01
1.188032870243885419e+01
1.188025453458009650e+01
1.188032160607670917e+01
1.188026339879147919e+01
1.188031529291022537e+01
1.188026776495315318e+01
1.188030841476150101e+01
1.188027809551661385e+01
1.188029883822727228e+01
1.188028433334273615e+01
1.188029278281649859e+01
1.188029384669332522e+01
1.188028173795543374e+01
1.188030197185563708e+01
1.188027634895085072e+01
1.188030904176029523e+01
1.188026626593358337e+01
1.188031811308582597e+01
1.188026111597964274e+01
1.188032220762707070e+01
1.188025420383771369e+01
1.188033041183314253e+01
1.188024921632452902e+01
1.188033198226212406e+01
1.188024668741121559e+01
1.188033721982524327e+01
1.188024251672631593e+01
1.188033714679671604e+01
1.188024424950791236e+01
1.188033785775311735e+01
1.188024217958075290e+01
1.188033678275751370e+01
1.188024695918093876e+01
1.188033261525822759e+01
1.188024834384627582e+01
1.188033053173534626e+01
1.188025453339388804e+01
1.188032252299874258e+01
1.188026005695894582e+01
1.188031884964494900e+01
1.188026634538426762e+01
1.188030902542371692e+01
1.188027549292743679e+01
1.188030311484783574e+01
1.188028134242455103e+01
1.188029369873655838e+01
1.188029237697348428e+01
1.188028549077044183e+01
1.188029796574537222e+01
1.188027810249818472e+01
1.188030845990434159e+01
1.188026854256006004e+01
1.188031419147162815e+01
1.188026375897626785e+01
1.188032188254021015e+01
1.188025471585894977e+01
1.188032776648616284e+01
1.188025217363436781e+01
1.188033134022469994e+01
1.188024584925533134e+01
1.188033661775364536e+01
1.188024478627663783e+01
1.188033606128683317e+01
1.188024287784604205e+01
1.188033931636241292e+01
1.188024278778988752e+01
1.188033569714558269e+01
1.188024580067806113e+01
1.188033543016497084e+01
1.188024682771898632e+01
1.188033024400180437e+01
1.188025387248637799e+01
1.188032562905283385e+01
1.188025672413351330e+01
1.188032006858602685e+01
1.188026589595086335e+01
1.188031150260839119e+01
1.188027132097080418e+01
1.188030602171819439e+01
1.188028047427220457e+01
1.188029516496929894e+01
1.188028859689683792e+01
1.188028954342038368e+01
1.188029613873228030e+01
1.188027879990458935e+01
1.188030603021602083e+01
1.188027263750615425e+01
1.188031135895124280e+01
1.188026430350003615e+01
1.188032111446944938e+01
1.188025763930759027e+01
1.188032452322599397e+01
1.188025311398532224e+01
1.188033185399090286e+01
1.188024679700027164e+01
1.188033399944311697e+01
1.188024621612166598e+01
1.188033708075314010e+01
1.188024178608824499e+01
1.188033834077731044e+01
1.188024422498760480e+01
1.188033651670951230e+01
1.188024332580126163e+01
1.188033660888963539e+01
1.188024743240430681e+01
1.188033061699140092e+01
1.188025103743435373e+01
1.188032869973929984e+01
1.188025574694635011e+01
1.188032031311172076e+01
1.188026358981164421e+01
1.188031552229668542e+01
1.188026854727648107e+01
1.188030679212908503e+01
1.188027906208189854e+01
1.188029892120338893e+01
1.188028454866696926e+01
1.188029139374709331e+01
1.188029537514113798e+01
1.188028133445603807e+01
1.188030180835808736e+01
1.188027561525806419e+01
1.188031063708121948e+01
1.188026528836481965e+01
1.188031794910399874e+01
1.188026113545173068e+01
1.188032331407015896e+01
1.188025289912424931e+01
1.188033058216483440e+01
1.188024974636550368e+01
1.188033223845845043e+01
1.188024554016543277e+01
1.188033781005473699e+01
1.188024312904990865e+01
1.188033654728640087e+01
1.188024375343667138e+01
1.188033863816573010e+01
1.188024250228968270e+01
1.188033566533921359e+01
1.188024737305027756e+01
1.188033315142464730e+01
1.188024826224573616e+01
1.188032939881444783e+01
1.188025574663204331e+01
1.188032240598451672e+01
1.188025976702079589e+01
1.188031811642508906e+01
1.188026792275597465e+01
1.188030810073024313e+01
1.188027537999681371e+01
1.188030291417863360e+01
1.188028272608104530e+01
1.188029217286233319e+01
1.188029278557674395e+01
1.188028563416284022e+01
1.188029873294872729e+01
1.188027646895744915e+01
1.188030947881418165e+01
1.188026865450279601e+01
1.188031423822667598e+01
1.188026257854160939e+01
1.188032326167749986e+01
1.188025446702897980e+01
1.188032732578058415e+01
1.188025181844313849e+01
1.188033258683988969e+01
1.188024516195474689e+01
1.188033610675568319e+01
1.188024527607733205e+01
1.188033666895231200e+01
1.188024199196589947e+01
1.188033909569404933e+01
1.188024379969579947e+01
1.188033539157997431e+01
1.188024516277312159e+01
1.188033560382265641e+01
1.188024787230025936e+01
1.188032912034093336e+01
1.188025390458871655e+01
1.188032599133730471e+01
1.188025739569413552e+01
1.188031854975795021e+01
1.188026676479917221e+01
1.188031165984554782e+01
1.188027149228693347e+01
1.188030465857693230e+01
1.188028198232478694e+01
1.188029476642685722e+01
1.188028845851775372e+01
1.188028875771755821e+01
1.188029779589176016e+01
1.188027775381151407e+01
1.188030595665578737e+01
1.188027253752214918e+01
1.188031260119308641e+01
1.188026286137074905e+01
1.188032143129174223e+01
1.188025800004048449e+01
1.188032496908431135e+01
1.188025177527363674e+01
1.188033263235459813e+01
1.188024721130302908e+01
1.188033361588826331e+01
1.188024549902261739e+01
1.188033807134503839e+01
1.188024190412640380e+01
1.188033743625143757e+01
1.188024441899483463e+01
1.188033726090896636e+01
1.188024305437041406e+01
1.188033565966590999e+01
1.188024845824221210e+01
1.188033067906576434e+01
1.188025059260035832e+01
1.188032810114373916e+01
1.188025719506852340e+01
1.188031951293857702e+01
1.188026337475540117e+01
1.188031539448276597e+01
1.188026987535523382e+01
1.188030531675908641e+01
1.188027943539426090e+01
1.188029906976372452e+01
1.188028533771206874e+01
1.188028972807405736e+01
1.188029643351964992e+01
1.188028138400839495e+01
1.188030194762906078e+01
1.188027432468087774e+01
1.188031212947836401e+01
1.188026491540142615e+01
1.188031765730892886e+01
1.188026060903902348e+01
1.188032473590306637e+01
1.188025203762053472e+01
1.188033025780465834e+01
1.188025002913643569e+01
1.188033306081313611e+01
1.188024444786540279e+01
1.188033779304732995e+01
1.188024392635474591e+01
1.188033646591778414e+01
1.188024290058931065e+01
1.188033901113426438e+01
1.188024335106060114e+01
1.188033474354574892e+01
1.188024720932398637e+01
1.188033368744332208e+01
1.188024877820712533e+01
1.188032803206043297e+01
1.188025646646198652e+01
1.188032269126723151e+01
1.188025983826450194e+01
1.188031683723358078e+01
1.188026935108288029e+01
1.188030776730098736e+01
1.188027520632756939e+01
1.188030213703798488e+01
1.188028438503626205e+01
1.188029111732889120e+01
1.188029274503563926e+01
1.188028547032195625e+01
1.188030005762344565e+01
1.188027494007326723e+01
1.188030989472448340e+01
1.188026888969933914e+01
1.188031483364984808e+01
1.188026108431804850e+01
1.188032419661730543e+01
1.188025470993353849e+01
1.188032713633641357e+01
1.188025089714119531e+01
1.188033377586262951e+01
1.188024508160580694e+01
1.188033541424290185e+01
1.188024524586523256e+01
1.188033763076904847e+01
1.188024151590247612e+01
1.188033835031897745e+01
1.188024461312443059e+01
1.188033566249332296e+01
1.188024452891757399e+01
1.188033517846467113e+01
1.188024914857220971e+01
1.188032849090135556e+01
1.188025353806938611e+01
1.188032598864274192e+01
1.188025861326259580e+01
1.188031718183852092e+01
1.188026704430735236e+01
1.188031187308355996e+01
1.188027224273804094e+01
1.188030302143210193e+01
1.188028301972627432e+01
1.188029481310782920e+01
1.188028863187566309e+01
1.188028741390591136e+01
1.188029934668305998e+01
1.188027730898116374e+01
1.188030576454724496e+01
1.188027188601025763e+01
1.188031415575260397e+01
1.188026186422435693e+01
1.188032125953671425e+01
1.188025810538868754e+01
1.188032598123936445e+01
1.188025049657892040e+01
1.188033280426870419e+01
1.188024780343088160e+01
1.188033375448457640e+01
1.188024443018799658e+01
1.188033864997341738e+01
1.188024254521440248e+01
1.188033673328555828e+01
1.188024403744743651e+01
1.188033799738524721e+01
1.188024338311357475e+01
1.188033448106909340e+01
1.188024898885968739e+01
1.188033113629209403e+01
1.188025051635167273e+01
1.188032695664366045e+01
1.188025849025217262e+01
1.188031930032300032e+01
1.188026310837868493e+01
1.188031468498654597e+01
1.188027147604152134e+01
1.188030431238644447e+01
1.188027936743591795e+01
1.188029890214857076e+01
1.188028668550396638e+01
1.188028817040755669e+01
1.188029689244165255e+01
1.188028154735794217e+01
1.188030264139062098e+01
1.188027272311888183e+01
1.188031317620496985e+01
1.188026502767147718e+01
1.188031762520285639e+01
1.188025951598429408e+01
1.188032609545012974e+01
1.188025178178611441e+01
1.188032975953263026e+01
1.188024978744165949e+01
1.188033423272454314e+01
1.188024376939897309e+01
1.188033725488178050e+01
1.188024451880638210e+01
1.188033695946199586e+01
1.188024205892389951e+01
1.188033878300277735e+01
1.188024442664231017e+01
1.188033431821374997e+01
1.188024665376352473e+01
1.188033385148627019e+01
1.188024983972919912e+01
1.188032682041582078e+01
1.188025660039965636e+01
1.188032302335124690e+01
1.188026049357217673e+01
1.188031528688334504e+01
1.188027030797027273e+01
1.188030787125326526e+01
1.188027535323866068e+01
1.188030080052226722e+01
1.188028593430401614e+01
1.188029065939805839e+01
1.188029259553963968e+01
1.188028474900992748e+01
1.188030169201356046e+01
1.188027385740741337e+01
1.188030982890472842e+01
1.188026886082485767e+01
1.188031599623837131e+01
1.188025965445559962e+01
1.188032452685206586e+01
1.188025512265139483e+01
1.188032747391172705e+01
1.188024962825522479e+01
1.188033454938359590e+01
1.188024552023122737e+01
1.188033493011430863e+01
1.188024464118139534e+01
1.188033857817170791e+01
1.188024164154779427e+01
1.188033738090468994e+01
1.188024492864821369e+01
1.188033632216326474e+01
1.188024427019068874e+01
1.188033420807474450e+01
1.188025026736425183e+01
1.188032844589586468e+01
1.188025312915095455e+01
1.188032539966896550e+01
1.188026010037891034e+01
1.188031628591194533e+01
1.188026689029300442e+01
1.188031176145947931e+01
1.188027355310990707e+01
1.188030149564841764e+01
1.188028346138776747e+01
1.188029496392314144e+01
1.188028936570803040e+01
1.188028576156167126e+01
1.188030045074620489e+01
1.188027734226019128e+01
1.188030584101943710e+01
1.188027066669286924e+01
1.188031564397820183e+01
1.188026147059419557e+01
1.188032092226753100e+01
1.188025768102430213e+01
1.188032733920837636e+01
1.188024963479792007e+01
1.188033245962222573e+01
1.188024818345670397e+01
1.188033446738860199e+01
1.188024337877030057e+01
1.188033862652009098e+01
1.188024340731960038e+01
1.188033652993448541e+01
1.188024327003433811e+01
1.188033835581106246e+01
1.188024425607709667e+01
1.188033346251161682e+01
1.188024893634186441e+01
1.188033163171654394e+01
1.188025102836486724e+01
1.188032554431835663e+01
1.188025931274537861e+01
1.188031951750497051e+01
1.188026317104115748e+01
1.188031341509438121e+01
1.188027296359049245e+01
1.188030390192912122e+01
1.188027920019289141e+01
1.188029817109907249e+01
1.188028834063732830e+01
1.188028705991218281e+01
1.188029687698268333e+01
1.188028143760027788e+01
1.188030390370476574e+01
1.188027118971425722e+01
1.188031362074233854e+01
1.188026530102365896e+01
1.188031812569303902e+01
1.188025807869974315e+01
1.188032703683456148e+01
1.188025203983803735e+01
1.188032947730594202e+01
1.188024897141116476e+01
1.188033538442328840e+01
1.188024369307195016e+01
1.188033649894827271e+01
1.188024460973167251e+01
1.188033783623536621e+01
1.188024159796475665e+01
1.188033801167964931e+01
1.188024533940848926e+01
1.188033447497292094e+01
1.188024606403879524e+01
1.188033342548963844e+01
1.188025116714335105e+01
1.188032608233594090e+01
1.188025630817608125e+01
1.188032302239086846e+01
1.188026170959081007e+01
1.188031385150593344e+01
1.188027067271582027e+01
1.188030806972740550e+01
1.188027606648310908e+01
1.188029915782906798e+01
1.188028703593395186e+01
1.188029067207980560e+01
1.188029272374036616e+01
1.188028345833434685e+01
1.188030325646411356e+01
1.188027337544942164e+01
1.188030960659680169e+01
1.188026829638011783e+01
1.188031750162396172e+01
1.188025864378881025e+01
1.188032434608305365e+01
1.188025531523283007e+01
1.188032838609881736e+01
1.188024838215260992e+01
1.188033472092970300e+01
1.188024617313901032e+01
1.188033494969227633e+01
1.188024365569916796e+01
1.188033914244124389e+01
1.188024230905237566e+01
1.188033657730342618e+01
1.188024466293722803e+01
1.188033701218834537e+01
1.188024460299858731e+01
1.188033297388840737e+01
1.188025091153718193e+01
1.188032882360766962e+01
1.188025305711375701e+01
1.188032424979635593e+01
1.188026147053309955e+01
1.188031598047285264e+01
1.188026664648447550e+01
1.188031108070564557e+01
1.188027516841549946e+01
1.188030041798008796e+01
1.188028343625369665e+01
1.188029483249837526e+01
1.188029066974099557e+01
1.188028418084618743e+01
1.188030095566593758e+01
1.188027752736316067e+01
1.188030645616101033e+01
1.188026910586107121e+01
1.188031671208737805e+01
1.188026158487588191e+01
1.188032080942006274e+01
1.188025668160505788e+01
1.188032867199425269e+01
1.188024937453778129e+01
1.188033190440650344e+01
1.188024805741195067e+01
1.188033555890720550e+01
1.188024271263857656e+01
1.188033806277354643e+01
1.188024410039822953e+01
1.188033690724216740e+01
1.188024247587148530e+01
1.188033812143580548e+01
1.188024539049903794e+01
1.188033291985471607e+01
1.188024846441153137e+01
1.188033178663070366e+01
1.188025210123872455e+01
1.188032425106555401e+01
1.188025954629972958e+01
1.188031981989788122e+01
1.188026380548851968e+01
1.188031184154752573e+01
1.188027400246411958e+01
1.188030395448934584e+01
1.188027931972555429e+01
1.188029686900735094e+01
1.188028992242977822e+01
1.188028654692253383e+01
1.188029671447459457e+01
1.188028078604111393e+01
1.188030550633801852e+01
1.188027007718795325e+01
1.188031356063132193e+01
1.188026534557247871e+01
1.188031920187902024e+01
1.188025666879553910e+01
1.188032737734494582e+01
1.188025250454235859e+01
1.188032970376174724e+01
1.188024777874226068e+01
1.188033614889276635e+01
1.188024415517068810e+01
1.188033591549027257e+01
1.188024412037421129e+01
1.188033873638296534e+01
1.188024173076169987e+01
1.188033698143707362e+01
1.188024577479199095e+01
1.188033504807363805e+01
1.188024581823386328e+01
1.188033243884571810e+01
1.188025237318230154e+01
1.188032593183556429e+01
1.188025593522835877e+01
1.188032244714556640e+01
1.188026322783993116e+01
1.188031286545080079e+01
1.188027057820858801e+01
1.188030797699624941e+01
1.188027735155337261e+01
1.188029759015986997e+01
1.188028754171877921e+01
1.188029082703319972e+01
1.188029339692274355e+01
1.188028182843351210e+01
1.188030439932814630e+01
1.188027339473345556e+01
1.188030961762034465e+01
1.188026715547104573e+01
1.188031897755306332e+01
1.188025823310734097e+01
1.188032396278856062e+01
1.188025499636946236e+01
1.188032967316689970e+01
1.188024752496179737e+01
1.188033435615066047e+01
1.188024664992472523e+01
1.188033554945925907e+01
1.188024264999433655e+01
1.188033911223608108e+01
1.188024323268243165e+01
1.188033625282517214e+01
1.188024398377798541e+01
1.188033735511203837e+01
1.188024549596544510e+01
1.188033186355289317e+01
1.188025096933933611e+01
1.188032927774668046e+01
1.188025356164959234e+01
1.188032279921309708e+01
1.188026239058451061e+01
1.188031613063507486e+01
1.188026669823186587e+01
1.188030982739885033e+01
1.188027670692894233e+01
1.188029993450859578e+01
1.188028327367605108e+01
1.188029415293994795e+01
1.188029231192115276e+01
1.188028302233572653e+01
1.188030096287245385e+01
1.188027747456980698e+01
1.188030764866597799e+01
1.188026757639826414e+01
1.188031718124973324e+01
1.188026189740087091e+01
1.188032121098556182e+01
1.188025530887009928e+01
1.188032961436026724e+01
1.188024964822585439e+01
1.188033152918935187e+01
1.188024735107659957e+01
1.188033666771306862e+01
1.188024264138351604e+01
1.188033724591953622e+01
1.188024431240926759e+01
1.188033769536004769e+01
1.188024203173758409e+01
1.188033732760081662e+01
1.188024639837951391e+01
1.188033296260274518e+01
1.188024792020104492e+01
1.188033136288054692e+01
1.188025347310414936e+01
1.188032340885134808e+01
1.188025932783124716e+01
1.188031982254228147e+01
1.188026501307731309e+01
1.188031034659822360e+01
1.188027444875159233e+01
1.188030413972962407e+01
1.188027999050938455e+01
1.188029522980259323e+01
1.188029108139060952e+01
1.188028652805075325e+01
1.188029679451364018e+01
1.188027955614263043e+01
1.188030707575138401e+01
1.188026956239355414e+01
1.188031330673540609e+01
1.188026487263615039e+01
1.188032064998758308e+01
1.188025565059201227e+01
1.188032718649970754e+01
1.188025278520867900e+01
1.188033051086992486e+01
1.188024657149553853e+01
1.188033631831042314e+01
1.188024486711130656e+01
1.188033581531197491e+01
1.188024322264342558e+01
1.188033928380481363e+01
1.188024242201607983e+01
1.188033608063720870e+01
1.188024562555406227e+01
1.188033568952699781e+01
1.188024615291733355e+01
1.188033115507847270e+01
1.188025312707378767e+01
1.188032622995655530e+01
1.188025586607687778e+01
1.188032129828481409e+01
1.188026466554615190e+01
1.188031247046667005e+01
1.188027035577164803e+01
1.188030732998481298e+01
1.188027897264500510e+01
1.188029644593494183e+01
1.188028755704597117e+01
1.188029073481496134e+01
1.188029464947187819e+01
1.188028023349205142e+01
1.188030494577165186e+01
1.188027360324905679e+01
1.188031014934698781e+01
1.188026564387200779e+01
1.188032006062719859e+01
1.188025835095840677e+01
1.188032376777682408e+01
1.188025409631794460e+01
1.188033097228856860e+01
1.188024726269986608e+01
1.188033374502512451e+01
1.188024664102798411e+01
1.188033655541764233e+01
1.188024199944316983e+01
1.188033852480719688e+01
1.188024402374844968e+01
1.188033651246047562e+01
1.188024324000248200e+01
1.188033711594775177e+01
1.188024668394974448e+01
1.188033120668409559e+01
1.188025058179569804e+01
1.188032942423988736e+01
1.188025464006550180e+01
1.188032143121872508e+01
1.188026272098631431e+01
1.188031640410259371e+01
1.188026730717276358e+01
1.188030823918035672e+01
1.188027782131727683e+01
1.188029993784809513e+01
1.188028336291214160e+01
1.188029289296862601e+01
1.188029391739983964e+01
1.188028245883624479e+01
1.188030078552941760e+01
1.188027689780713558e+01
1.188030921073926471e+01
1.188026644076863469e+01
1.188031712488513669e+01
1.188026201728360931e+01
1.188032219449091187e+01
1.188025392639622702e+01
1.188032996212130143e+01
1.188025016454424687e+01
1.188033164231153194e+01
1.188024624052396838e+01
1.188033741915347363e+01
1.188024312581028319e+01
1.188033656498185309e+01
1.188024394061612554e+01
1.188033854458896066e+01
1.188024217098863033e+01
1.188033624104581065e+01
1.188024695127622365e+01
1.188033344764606625e+01
1.188024768728587510e+01
1.188033036515057006e+01
1.188025476015145543e+01
1.188032315503502900e+01
1.188025899060621171e+01
1.188031926522294590e+01
1.188026655434156176e+01
1.188030927651717406e+01
1.188027441187812983e+01
1.188030406860188037e+01
1.188028124271937713e+01
1.188029362899136210e+01
1.188029164678708405e+01
1.188028668901886853e+01
1.188029740186071592e+01
1.188027795768226014e+01
1.188030825042289607e+01
1.188026956995284067e+01
1.188031325000465799e+01
1.188026381687053679e+01
1.188032210565956603e+01
1.188025522641248166e+01
1.188032675695809459e+01
1.188025257471786666e+01
1.188033172045439656e+01
1.188024572356319908e+01
1.188033593382331432e+01
1.188024543957619272e+01
1.188033629891335430e+01
1.188024226709003273e+01
1.188033924678076225e+01
1.188024340343570984e+01
1.188033563658576242e+01
1.188024503690349043e+01
1.188033601625872748e+01
1.188024706141581355e+01
1.188032995851439644e+01
1.188025329367788707e+01
1.188032664246188297e+01
1.188025635946973146e+01
1.188031981706418350e+01
1.188026567751911067e+01
1.188031255508450279e+01
1.188027039420385123e+01
1.188030610057623448e+01
1.188028055358467938e+01
1.188029589381433127e+01
1.188028739731415051e+01
1.188029011196248952e+01
1.188029626961676399e+01
1.188027903408979569e+01
1.188030497317100576e+01
1.188027361001959292e+01
1.188031126494539258e+01
1.188026412670888199e+01
1.188032055041914070e+01
1.188025870339507861e+01
1.188032406695898224e+01
1.188025279533409417e+01
1.188033191033208347e+01
1.188024755227568185e+01
1.188033327716701848e+01
1.188024604817829655e+01
1.188033761613406725e+01
1.188024193408358897e+01
1.188033764998722397e+01
1.188024435609552576e+01
1.188033720887946032e+01
1.188024281413492034e+01
1.188033630333706014e+01
1.188024778213432597e+01
1.188033113622099890e+01
1.188025008410805583e+01
1.188032900579585593e+01
1.188025604933983281e+01
1.188032048995547640e+01
1.188026257528792051e+01
1.188031641234266189e+01
1.188026849936592200e+01
1.188030669288772501e+01
1.188027834503754221e+01
1.188030011150686605e+01
1.188028398610043013e+01
1.188029126630782883e+01
1.188029512654997433e+01
1.188028241097841331e+01
1.188030081461887022e+01
1.188027573604087905e+01
1.188031077645932854e+01
1.188026589748253947e+01
1.188031683823459872e+01
1.188026163981827565e+01
1.188032357757631807e+01
1.188025290652792343e+01
1.188032976033339772e+01
1.188025053362634509e+01
1.188033233982988790e+01
1.188024507805299024e+01
1.188033758488708003e+01
1.188024389459715735e+01
1.188033634499754854e+01
1.188024313447276192e+01
1.188033907295480951e+01
1.188024288301769005e+01
1.188033524708540511e+01
1.188024691847265402e+01
1.188033403880536198e+01
1.188024802145110392e+01
1.188032903819881092e+01
1.188025561930493090e+01
1.188032337397685723e+01
1.188025892284634288e+01
1.188031812389760589e+01
1.188026805178148493e+01
1.188030879573897813e+01
1.188027420943350165e+01
1.188030346027747264e+01
1.188028286067840789e+01
1.188029242525986184e+01
1.188029170002497104e+01
1.188028663887285141e+01
1.188029859541978261e+01
1.188027635736405507e+01
1.188030883379907543e+01
1.188026980337905947e+01
1.188031369394095904e+01
1.188026236270749258e+01
1.188032319733895825e+01
1.188025534924313220e+01
1.188032647883600035e+01
1.188025177920743758e+01
1.188033297931580456e+01
1.188024546154877292e+01
1.188033526823753583e+01
1.188024554865662985e+01
1.188033721469218484e+01
1.188024163509336439e+01
1.188033863787525668e+01
1.188024428924342324e+01
1.188033577779745897e+01
1.188024434598771606e+01
1.188033577398594964e+01
1.188024829726878551e+01
1.188032919119886976e+01
1.188025299075369290e+01
1.188032678145133403e+01
1.188025743743154194e+01
1.188031838164616438e+01
1.188026610147304574e+01
1.188031280063123063e+01
1.188027097298728485e+01
1.188030450636021129e+01
1.188028173664028486e+01
1.188029585035684299e+01
1.188028745342023029e+01
1.188028890165704432e+01
1.188029788984888313e+01
1.188027842481245955e+01
1.188030477926783135e+01
1.188027311274060693e+01
1.188031277789264806e+01
1.188026297473399850e+01
1.188032049593202011e+01
1.188025890009630103e+01
1.188032495201623995e+01
1.188025144750008799e+01
1.188033226245488017e+01
1.188024811945250825e+01
1.188033327538227191e+01
1.188024502511720293e+01
1.188033835082160650e+01
1.188024243939660352e+01
1.188033687402112371e+01
1.188024410342043424e+01
1.188033800394335415e+01
1.188024295890458504e+01
1.188033516542030199e+01
1.188024844952186498e+01
1.188033153227035754e+01
1.188024986380781556e+01
1.188032800237389885e+01
1.188025741066084606e+01
1.188032013557588229e+01
1.188026227324808026e+01
1.188031587720694304e+01
1.188027005531857405e+01
1.188030554532101135e+01
1.188027836360989120e+01
1.188030006467248612e+01
1.188028519797540739e+01
1.188028964126034204e+01
1.188029574679674027e+01
1.188028257980565350e+01
1.188030135123622166e+01
1.188027417784647000e+01
1.188031197588087551e+01
1.188026589555300028e+01
1.188031671181395765e+01
1.188026067547512810e+01
1.188032500524170132e+01
1.188025247231319348e+01
1.188032928466595450e+01
1.188025043377534118e+01
1.188033346583920213e+01
1.188024424382049737e+01
1.188033718139301342e+01
1.188024456107300786e+01
1.188033671007928760e+01
1.188024223309663618e+01
1.188033902928531127e+01
1.188024391804704116e+01
1.188033468570539242e+01
1.188024642201519221e+01
1.188033434892262719e+01
1.188024894075151749e+01
1.188032776148889447e+01
1.188025589257887660e+01
1.188032374483391962e+01
1.188025940132084912e+01
1.188031661992372712e+01
1.188026914954452096e+01
1.188030881666107241e+01
1.188027423210975009e+01
1.188030226206080897e+01
1.188028447527693210e+01
1.188029180917110494e+01
1.188029154128599885e+01
1.188028607771712153e+01
1.188030018455122239e+01
1.188027512432309862e+01
1.188030887889037324e+01
1.188026987200369433e+01
1.188031472593197435e+01
1.188026086604775244e+01
1.188032370380319591e+01
1.188025574203456713e+01
1.188032667273656884e+01
1.188025055672591357e+01
1.188033390792412014e+01
1.188024576701591073e+01
1.188033470865245533e+01
1.188024507242774774e+01
1.188033822252128857e+01
1.188024157621900834e+01
1.188033770848868365e+01
1.188024474048101276e+01
1.188033638005418169e+01
1.188024393954444058e+01
1.188033494661665657e+01
1.188024948038524542e+01
1.188032900897136734e+01
1.188025254022718080e+01
1.188032637152541859e+01
1.188025887676044512e+01
1.188031734696558850e+01
1.188026602713286195e+01
1.188031281655556981e+01
1.188027214277669685e+01
1.188030291724600040e+01
1.188028233330393491e+01
1.188029601418471159e+01
1.188028802403554529e+01
1.188028729655997218e+01
1.188029914184951608e+01
1.188027835062930926e+01
1.188030475486557158e+01
1.188027202612863498e+01
1.188031433135555659e+01
1.188026240732032157e+01
1.188032017560281517e+01
1.188025862155486578e+01
1.188032626273452941e+01
1.188025043169066919e+01
1.188033204906907514e+01
1.188024857674855461e+01
1.188033385942735087e+01
1.188024391296628934e+01
1.188033851153304177e+01
1.188024326240755002e+01
1.188033653487276986e+01
1.188024339212030434e+01
1.188033851133438823e+01
1.188024368843829848e+01
1.188033408291939175e+01
1.188024853244342971e+01
1.188033207181211814e+01
1.188025019487362854e+01
1.188032663898703944e+01
1.188025837002839502e+01
1.188032027622477216e+01
1.188026220523633114e+01
1.188031475003961290e+01
1.188027160432043061e+01
1.188030498294134674e+01
1.188027817961770261e+01
1.188029949988740164e+01
1.188028680385121127e+01
1.188028838533699094e+01
1.188029583523557520e+01
1.188028257441741786e+01
1.188030247856585753e+01
1.188027258097358541e+01
1.188031259151741637e+01
1.188026615520358220e+01
1.188031706403793386e+01
1.188025928660343311e+01
1.188032609926477079e+01
1.188025260136671690e+01
1.188032892298064525e+01
1.188024974738833528e+01
1.188033467818786271e+01
1.188024398411051585e+01
1.188033646321372316e+01
1.188024478828183561e+01
1.188033753163010964e+01
1.188024162234189163e+01
1.188033840140820629e+01
1.188024489475819045e+01
1.188033470842774264e+01
1.188024578601291736e+01
1.188033410543568991e+01
1.188025021839324857e+01
1.188032688812062609e+01
1.188025567399177973e+01
1.188032387743151119e+01
1.188026047268224339e+01
1.188031512480856300e+01
1.188026966325677591e+01
1.188030903551113759e+01
1.188027477611469074e+01
1.188030067061885831e+01
1.188028571982128057e+01
1.188029172156528013e+01
1.188029156154280841e+01
1.188028492442361461e+01
1.188030181056363155e+01
1.188027447414584969e+01
1.188030866682422548e+01
1.188026945850304905e+01
1.188031618147529400e+01
1.188025970444342683e+01
1.188032364944075425e+01
1.188025601659247243e+01
1.188032745412533053e+01
1.188024925043768931e+01
1.188033426167838336e+01
1.188024638390569443e+01
1.188033459104279110e+01
1.188024414168125631e+01
1.188033893700609944e+01
1.188024210068212128e+01
1.188033684053919714e+01
1.188024460778679980e+01
1.188033711813589122e+01
1.188024408866578518e+01
1.188033376269946828e+01
1.188025025858334338e+01
1.188032931563817662e+01
1.188025233203432585e+01
1.188032536799989813e+01
1.188026030516288856e+01
1.188031689532539836e+01
1.188026575946724428e+01
1.188031230788945258e+01
1.188027370493106716e+01
1.188030169912882705e+01
1.188028240484534059e+01
1.188029599428480054e+01
1.188028918823258095e+01
1.188028565629046263e+01
1.188029981197285778e+01
1.188027852910235183e+01
1.188030521618725110e+01
1.188027051680109203e+01
1.188031554845110804e+01
1.188026239807807194e+01
1.188031997795023464e+01
1.188025775441692744e+01
1.188032765490000564e+01
1.188024999078647070e+01
1.188033152775138568e+01
1.188024858918081783e+01
1.188033489629454209e+01
1.188024309662270106e+01
1.188033809001306196e+01
1.188024402064078622e+01
1.188033677976781277e+01
1.188024254851699268e+01
1.188033846143250472e+01
1.188024477247148880e+01
1.188033340713370123e+01
1.188024812929133134e+01
1.188033236515498103e+01
1.188025112001519012e+01
1.188032528871349847e+01
1.188025874724526787e+01
1.188032060574073334e+01
1.188026266493561600e+01
1.188031323141433937e+01
1.188027278128697262e+01
1.188030494236626566e+01
1.188027818408306224e+01
1.188029834009065588e+01
1.188028844316492894e+01
1.188028771024018759e+01
1.188029567562869104e+01
1.188028207968689465e+01
1.188030402786367645e+01
1.188027132162988586e+01
1.188031265179898455e+01
1.188026628763705617e+01
1.188031800616041878e+01
1.188025781844829254e+01
1.188032661851257643e+01
1.188025303464489113e+01
1.188032900928580204e+01
1.188024860967179208e+01
1.188033559247001136e+01
1.188024430521602071e+01
1.188033581338352107e+01
1.188024443113545381e+01
1.188033848219589395e+01
1.188024157030399586e+01
1.188033742128636661e+01
1.188024546275155835e+01
1.188033521464637765e+01
1.188024539986807859e+01
1.188033326758416663e+01
1.188025148053590030e+01
1.188032659620781040e+01
1.188025527090171529e+01
1.188032347936396427e+01
1.188026193444131984e+01
1.188031400285266947e+01
1.188026965845635630e+01
1.188030906128221886e+01
1.188027591649426107e+01
1.188029904744688459e+01
1.188028638459408981e+01
1.188029187738623449e+01
1.188029207480326122e+01
1.188028334981991208e+01
1.188030309792636352e+01
1.188027437636271166e+01
1.188030858666179057e+01
1.188026845368892204e+01
1.188031771426050121e+01
1.188025911725224049e+01
1.188032329477025151e+01
1.188025583989015388e+01
1.188032868557730737e+01
1.188024824422763714e+01
1.188033403626390871e+01
1.188024692867260868e+01
1.188033505838208370e+01
1.188024308499051074e+01
1.188033909158499135e+01
1.188024297486650838e+01
1.188033638355962651e+01
1.188024399399234632e+01
1.188033760292903196e+01
1.188024483215536264e+01
1.188033259683690268e+01
1.188025045585928297e+01
1.188032980263548311e+01
1.188025265725159230e+01
1.188032397524289152e+01
1.188026135913719905e+01
1.188031695902570206e+01
1.188026568943126371e+01
1.188031120156024301e+01
1.188027529701814977e+01
1.188030105974856809e+01
1.188028223762848867e+01
1.188029547776190853e+01
1.188029077309639447e+01
1.188028435570717178e+01
1.188029993277280205e+01
1.188027857094839490e+01
1.188030627036190268e+01
1.188026893211553237e+01
1.188031619163025177e+01
1.188026268506081529e+01
1.188032023502470302e+01
1.188025643829783995e+01
1.188032874514217774e+01
1.188025012712157391e+01
1.188033108255645232e+01
1.188024801588001012e+01
1.188033605625540545e+01
1.188024284106611361e+01
1.188033732152252853e+01
1.188024436544635165e+01
1.188033750363200447e+01
1.188024196139318178e+01
1.188033781737761885e+01
1.188024583567272963e+01
1.188033331198306364e+01
1.188024754983469577e+01
1.188033212254767790e+01
1.188025243301212974e+01
1.188032431428805680e+01
1.188025861220988411e+01
1.188032073323643623e+01
1.188026372343806969e+01
1.188031168469175469e+01
1.188027338049575299e+01
1.188030513594230797e+01
1.188027868875375503e+01
1.188029676023937498e+01
1.188028974173496799e+01
1.188028758133090435e+01
1.188029565746022875e+01
1.188028099050433006e+01
1.188030565069697531e+01
1.188027063553927398e+01
1.188031242011316202e+01
1.188026596178282190e+01
1.188031939635940049e+01
1.188025665384583363e+01
1.188032656265955822e+01
1.188025338763380745e+01
1.188032968236586662e+01
1.188024735149300426e+01
1.188033594530460668e+01
1.188024497027981319e+01
1.188033557969667520e+01
1.188024359694982124e+01
1.188033917331954825e+01
1.188024211189154578e+01
1.188033646498056939e+01
1.188024545020783052e+01
1.188033589336649776e+01
1.188024555195165632e+01
1.188033204341116011e+01
1.188025236522847905e+01
1.188032681364428456e+01
1.188025507408816495e+01
1.188032248148379288e+01
1.188026342231678711e+01
1.188031345777759817e+01
1.188026942409845788e+01
1.188030858336720641e+01
1.188027747625411301e+01
1.188029776606459187e+01
1.188028650636646688e+01
1.188029188698453709e+01
1.188029318415880020e+01
1.188028170339671874e+01
1.188030381277830472e+01
1.188027456618531907e+01
1.188030896848627549e+01
1.188026700155295501e+01
1.188031894198034877e+01
1.188025910278901165e+01
1.188032302475837731e+01
1.188025507520679191e+01
1.188033003504869001e+01
1.188024779983742896e+01
1.188033347013439212e+01
1.188024705439216255e+01
1.188033600109478982e+01
1.188024229044958702e+01
1.188033865330076466e+01
1.188024382202414841e+01
1.188033650729605739e+01
1.188024321131283578e+01
1.188033754744405535e+01
1.188024596018225232e+01
1.188033181023004836e+01
1.188025014655457134e+01
1.188033007929933405e+01
1.188025358307162449e+01
1.188032255845035401e+01
1.188026183699808769e+01
1.188031724781516374e+01
1.188026612644658186e+01
1.188030967655556758e+01
1.188027654618889173e+01
1.188030096019930504e+01
1.188028222144091650e+01
1.188029436350073809e+01
1.188029242805924923e+01
1.188028362680350192e+01
1.188029977045512631e+01
1.188027814707216478e+01
1.188030777121716497e+01
1.188026765384104166e+01
1.188031626462658963e+01
1.188026288289828081e+01
1.188032108149781685e+01
1.188025500639932552e+01
1.188032927338251632e+01
1.188025060069437799e+01
1.188033105955732083e+01
1.188024696866752450e+01
1.188033695157029612e+01
1.188024317729441393e+01
1.188033658349649890e+01
1.188024412915679306e+01
1.188033839300035410e+01
1.188024191630221260e+01
1.188033679076766802e+01
1.188024651760886918e+01
1.188033372087888750e+01
1.188024718458067142e+01
1.188033127872541783e+01
1.188025376777398634e+01
1.188032391538323651e+01
1.188025825647867073e+01
1.188032035046999724e+01
1.188026519977696971e+01
1.188031048207368734e+01
1.188027344303277211e+01
1.188030517377156769e+01
1.188027979276442636e+01
1.188029511196295829e+01
1.188029046947507439e+01
1.188028773101690660e+01
1.188029610881686970e+01
1.188027945517955430e+01
1.188030696583183499e+01
1.188027051691742031e+01
1.188031228222212654e+01
1.188026504498831670e+01
1.188032090023939347e+01
1.188025605118055061e+01
1.188032617326339313e+01
1.188025331512333516e+01
1.188033082813670838e+01
1.188024636020667479e+01
1.188033570766628877e+01
1.188024560122829421e+01
1.188033592776807446e+01
1.188024260042956648e+01
1.188033932089115297e+01
1.188024303378071345e+01
1.188033589218835040e+01
1.188024493597883691e+01
1.188033635423793122e+01
1.188024630558832939e+01
1.188033079989774876e+01
1.188025267483958558e+01
1.188032724756147473e+01
1.188025539056119406e+01
1.188032106669713883e+01
1.188026456476644199e+01
1.188031344631249198e+01
1.188026935015907348e+01
1.188030750457121698e+01
1.188027910269533471e+01
1.188029705465729258e+01
1.188028635413489376e+01
1.188029142328042553e+01
1.188029473915771206e+01
1.188028036585418334e+01
1.188030396299893177e+01
1.188027465750527156e+01
1.188030994293953491e+01
1.188026543766450871e+01
1.188031960797420972e+01
1.188025941798568219e+01
1.188032318375954688e+01
1.188025383886374442e+01
1.188033111555963472e+01
1.188024794431251507e+01
1.188033294199988177e+01
1.188024659749605227e+01
1.188033710320116576e+01
1.188024204067407119e+01
1.188033783719198055e+01
1.188024428321128312e+01
1.188033713061991747e+01
1.188024264990140466e+01
1.188033689028074846e+01
1.188024710490645575e+01
1.188033159849725529e+01
1.188024962485425817e+01
1.188032983984835766e+01
1.188025492467196464e+01
1.188032148853399050e+01
1.188026178424127366e+01
1.188031737165859525e+01
1.188026716575880570e+01
1.188030808663080506e+01
1.188027722619757398e+01
1.188030113009999589e+01
1.188028268232250362e+01
1.188029280404860089e+01
1.188029377295533706e+01
1.188028345960225707e+01
1.188029971145719976e+01
1.188027712880598941e+01
1.188030938197934461e+01
1.188026693689485569e+01
1.188031601203320697e+01
1.188026264810033794e+01
1.188032239879673391e+01
1.188025384530455852e+01
1.188032921458104774e+01
1.188025103221023926e+01
1.188033162029827672e+01
1.188024576478357375e+01
1.188033730113174435e+01
1.188024388859916947e+01
1.188033623415227069e+01
1.188024339518073980e+01
1.188033905791069422e+01
1.188024247270658940e+01
1.188033575029906785e+01
1.188024662469394954e+01
1.188033433830108621e+01
1.188024733802589061e+01
1.188033002039420083e+01
1.188025475403517994e+01
1.188032404427166711e+01
1.188025807011012347e+01
1.188031936410895462e+01
1.188026673914511733e+01
1.188030984788240829e+01
1.188027324068045765e+01
1.188030473085114380e+01
1.188028134147546311e+01
1.188029377490423855e+01
1.188029063850786926e+01
1.188028777257144597e+01
1.188029715639368789e+01
1.188027781167054719e+01
1.188030772012870351e+01
1.188027071968599557e+01
1.188031258074634167e+01
1.188026365804244122e+01
1.188032213160424888e+01
1.188025603348034309e+01
1.188032583019811383e+01
1.188025265757650928e+01
1.188033212805955330e+01
1.188024591536833441e+01
1.188033509793194753e+01
1.188024584058796940e+01
1.188033677189484472e+01
1.188024183130941580e+01
1.188033886738303480e+01
1.188024396646019198e+01
1.188033589449321425e+01
1.188024421691859089e+01
1.188033629404950275e+01
1.188024747221948374e+01
1.188032990669513822e+01
1.188025245935972407e+01
1.188032750788735470e+01
1.188025631172646612e+01
1.188031959085253497e+01
1.188026513942672757e+01
1.188031369528091297e+01
1.188026976056056050e+01
1.188030598158016460e+01
1.188028041670292367e+01
1.188029689895392416e+01
1.188028631489277842e+01
1.188029036151161932e+01
1.188029640063576586e+01
1.188027958854679333e+01
1.188030379617096166e+01
1.188027430857743383e+01
1.188031138700652889e+01
1.188026414782063966e+01
1.188031969126222975e+01
1.188025968244081021e+01
1.188032392932054648e+01
1.188025245068001468e+01
1.188033164912683759e+01
1.188024845765323434e+01
1.188033280860933338e+01
1.188024564597152732e+01
1.188033797518334467e+01
1.188024239124343850e+01
1.188033701358275529e+01
1.188024416885592771e+01
1.188033795531526238e+01
1.188024261162733097e+01
1.188033582182632841e+01
1.188024789730926045e+01
1.188033190937635908e+01
1.188024928080622189e+01
1.188032899477548021e+01
1.188025632518023045e+01
1.188032098592272412e+01
1.188026147545108913e+01
1.188031700771119681e+01
1.188026864864720267e+01
1.188030681039286662e+01
1.188027735351088410e+01
1.188030118222208209e+01
1.188028374309758739e+01
1.188029113975681028e+01
1.188029455825197012e+01
1.188028360504753245e+01
1.188030009663042108e+01
1.188027564134831771e+01
1.188031071724297583e+01
1.188026680020315595e+01
1.188031581476979426e+01
1.188026182508446738e+01
1.188032386578521304e+01
1.188025323139046030e+01
1.188032879036783207e+01
1.188025106566040989e+01
1.188033267449405983e+01
1.188024479349845564e+01
1.188033705131879714e+01
1.188024460389229553e+01
1.188033646107936647e+01
1.188024246308918030e+01
1.188033919784124315e+01
1.188024343842746866e+01
1.188033506438905462e+01
1.188024621148222515e+01
1.188033477422705531e+01
1.188024809776223023e+01
1.188032870544224906e+01
1.188025517333084657e+01
1.188032442495614838e+01
1.188025837481992220e+01
1.188031793486643473e+01
1.188026796345309677e+01
1.188030976345184442e+01
1.188027316087498519e+01
1.188030368625510036e+01
1.188028299333745963e+01
1.188029299677862660e+01
1.188029049938373660e+01
1.188028736603996371e+01
1.188029867280432050e+01
1.188027644498920665e+01
1.188030789675873677e+01
1.188027086245605979e+01
1.188031346931435195e+01
1.188026212337774545e+01
1.188032281570948712e+01
1.188025637752828523e+01
1.188032588874110829e+01
1.188025150755422921e+01
1.188033319309855784e+01
1.188024606862777688e+01
1.188033448795093250e+01
1.188024550275003577e+01
1.188033781111630915e+01
1.188024158871043134e+01
1.188033800675172991e+01
1.188024454213385717e+01
1.188033641503901983e+01
1.188024368298706435e+01
1.188033562710681856e+01
1.188024869297077579e+01
1.188032958033364928e+01
1.188025199620821759e+01
1.188032727403368050e+01
1.188025767489803464e+01
1.188031843154771039e+01
1.188026516720595893e+01
1.188031381706118061e+01
1.188027077431912204e+01
1.188030435712420463e+01
1.188028117241563564e+01
1.188029704693026289e+01
1.188028672766690441e+01
1.188028883120558454e+01
1.188029778397076264e+01
1.188027938620142798e+01
1.188030369413889709e+01
1.188027336769442854e+01
1.188031297692609733e+01
1.188026340511080114e+01
1.188031941666352154e+01
1.188025954162178444e+01
1.188032516659311177e+01
1.188025129943376967e+01
1.188033158609454532e+01
1.188024896730216184e+01
1.188033325361644899e+01
1.188024450215646688e+01
1.188033831933211282e+01
1.188024314646436785e+01
1.188033654967507680e+01
1.188024353812377321e+01
1.188033859147843074e+01
1.188024318026921833e+01
1.188033470193544616e+01
1.188024812281647868e+01
1.188033246400942389e+01
1.188024943381498844e+01
1.188032770870350774e+01
1.188025740750418358e+01
1.188032102746142016e+01
1.188026129840336154e+01
1.188031603883067788e+01
1.188027023120242376e+01
1.188030609186414743e+01
1.188027718164799040e+01
1.188030077846772770e+01
1.188028527209964835e+01
1.188028975486543537e+01
1.188029477137218848e+01
1.188028368088251163e+01
1.188030107576362226e+01
1.188027400976660886e+01
1.188031150560429694e+01
1.188026701738311708e+01
1.188031602662093356e+01
1.188026051095312319e+01
1.188032509392921909e+01
1.188025321230750819e+01
1.188032837400400155e+01
1.188025051933413501e+01
1.188033391839166875e+01
1.188024435106289189e+01
1.188033639955811438e+01
1.188024495658608082e+01
1.188033720279218919e+01
1.188024172269457424e+01
1.188033873092367365e+01
1.188024445267032903e+01
1.188033494568781734e+01
1.188024555827363926e+01
1.188033471043684131e+01
1.188024929725683343e+01
