1.188024147592623336e+01
1.188034500411095706e+01
1.188048909299684119e+01
1.188044238426551225e+01
1.188028121641202972e+01
1.188026660209034802e+01
1.188042375986170818e+01
1.188050138319553461e+01
1.188037625391068630e+01
1.188025156633817403e+01
1.188032956177890043e+01
1.188048571276628707e+01
1.188046920199886891e+01
1.188030682497914192e+01
1.188025982138204562e+01
1.188040316016442688e+01
1.188050485150335156e+01
1.188039965276032639e+01
1.188025529684798975e+01
1.188030246824772718e+01
1.188046340256858180e+01
1.188047725263170129e+01
1.188032030546488116e+01
1.188024427045850473e+01
1.188037096806583648e+01
1.188049617842417049e+01
1.188041855360295784e+01
1.188026387163173681e+01
1.188028241487817205e+01
1.188044580367410674e+01
1.188049260087679926e+01
1.188034924729717545e+01
1.188024840697777940e+01
1.188035413087546388e+01
1.188049753263790187e+01
1.188044868864323966e+01
1.188028686667727385e+01
1.188027282230545723e+01
1.188042883545010930e+01
1.188050285191183875e+01
1.188037447880067710e+01
1.188024896136301578e+01
1.188032673136463480e+01
1.188048072421533696e+01
1.188046114665823794e+01
1.188029790008784836e+01
1.188025253612471133e+01
1.188039711422540989e+01
1.188049821630895764e+01
1.188039291113993734e+01
1.188025116593072639e+01
1.188030208447948866e+01
1.188046487376529114e+01
1.188047888045228540e+01
1.188032327583570513e+01
1.188025048180513288e+01
1.188037951167563122e+01
1.188050417161202965e+01
1.188042503052919230e+01
1.188027051910484388e+01
1.188029002266728362e+01
1.188045220159467519e+01
1.188049545958524256e+01
1.188034927955984976e+01
1.188024785069539924e+01
1.188035298405532281e+01
1.188049361824906036e+01
1.188044144072481245e+01
1.188027871792413137e+01
1.188026592419667615e+01
1.188042234973416811e+01
1.188049512303547139e+01
1.188036653169779377e+01
1.188024363648706583e+01
1.188032479809411512e+01
1.188048018302840170e+01
1.188046080367592161e+01
1.188029943230340812e+01
1.188025771214324422e+01
1.188040465167808080e+01
1.188050535821734854e+01
1.188039921891075679e+01
1.188025846560509180e+01
1.188031070230352526e+01
1.188047227830276320e+01
1.188048297625841343e+01
1.188032509895255906e+01
1.188025200261530401e+01
1.188038012162340706e+01
1.188050153773095907e+01
1.188041894919762065e+01
1.188026355238678988e+01
1.188028387008972331e+01
1.188044561790411535e+01
1.188048702749756735e+01
1.188034051917854939e+01
1.188024160263955586e+01
1.188034961415497648e+01
1.188049110003452924e+01
1.188043913355001457e+01
1.188027872092423998e+01
1.188026980518426257e+01
1.188042851003962674e+01
1.188050105036921522e+01
1.188037233666425330e+01
1.188025121193398626e+01
1.188033399756804975e+01
1.188048822454505604e+01
1.188046591820997122e+01
1.188030294013622346e+01
1.188026123634335462e+01
1.188040700271259098e+01
1.188050414282716716e+01
1.188039460157201432e+01
1.188025302777909964e+01
1.188030561745696900e+01
1.188046594263412992e+01
1.188047426568379983e+01
1.188031596014139168e+01
1.188024515207776943e+01
1.188037550120564312e+01
1.188049717510507364e+01
1.188041478227497905e+01
1.188026201519390668e+01
1.188028626578540781e+01
1.188045010042976912e+01
1.188049143650728290e+01
1.188034551264820671e+01
1.188024906504094957e+01
1.188035893759957062e+01
1.188049937404979417e+01
1.188044499507198282e+01
1.188028372387297971e+01
1.188027516025540287e+01
1.188043249717298799e+01
1.188050131540644294e+01
1.188036940428415456e+01
1.188024757391576891e+01
1.188033025030702916e+01
1.188048246940004127e+01
1.188045736657416285e+01
1.188029387817732996e+01
1.188025413690863452e+01
1.188040138079007235e+01
1.188049815898638428e+01
1.188038877300216711e+01
1.188025002103913330e+01
1.188030641652699515e+01
1.188046853147994852e+01
1.188047692709857195e+01
1.188031987422011149e+01
1.188025212020973598e+01
1.188038448500811661e+01
1.188050526329828749e+01
1.188042108029402755e+01
1.188026825010769549e+01
1.188029318831498848e+01
1.188045553354435668e+01
1.188049316454372750e+01
1.188034439943114506e+01
1.188024740887142094e+01
1.188035673170283246e+01
1.188049450109156169e+01
1.188043703001456564e+01
1.188027519109646590e+01
1.188026817983162609e+01
1.188042617254715161e+01
1.188049401326425070e+01
1.188036219690407869e+01
1.188024324683722810e+01
1.188032942527618729e+01
1.188048304327331550e+01
1.188045813697269537e+01
1.188029649991834091e+01
1.188026025702897037e+01
1.188040957917366214e+01
1.188050565078300203e+01
1.188039517450576632e+01
1.188025716444986735e+01
1.188031456463967572e+01
1.188047514420178530e+01
1.188048002263220049e+01
1.188032062199165750e+01
1.188025253045602625e+01
1.188038394738277503e+01
1.188050152725134367e+01
1.188041409759222944e+01
1.188026067278817521e+01
1.188028669015830019e+01
1.188044883954633946e+01
1.188048491198731504e+01
1.188033616731643072e+01
1.188024198160582223e+01
1.188035433923320383e+01
1.188049303847736482e+01
1.188043585927964862e+01
1.188027637424269756e+01
1.188027314426381409e+01
1.188043318027327366e+01
1.188050052672643453e+01
1.188036836338946500e+01
1.188025093106512564e+01
1.188033839523005675e+01
1.188049050623713399e+01
1.188046243214517261e+01
1.188029905720228108e+01
1.188026271670557676e+01
1.188041075250982281e+01
1.188050324558342652e+01
1.188038951780449182e+01
1.188025092135040417e+01
1.188030888892930115e+01
1.188046843186267054e+01
1.188047123436625085e+01
1.188031177289556517e+01
1.188024628238496483e+01
1.188038012416887312e+01
1.188049810689342678e+01
1.188041103213856253e+01
1.188026034633715078e+01
1.188029025334620670e+01
1.188045431219089032e+01
1.188049011293291102e+01
1.188034177193956964e+01
1.188024981318964457e+01
1.188036368552546129e+01
1.188050097626801715e+01
1.188044112346914361e+01
1.188028059978457307e+01
1.188027753537297571e+01
1.188043601967388696e+01
1.188049957491392128e+01
1.188036430699126456e+01
1.188024633474740455e+01
1.188033384196163134e+01
1.188048412647991015e+01
1.188045354884905791e+01
1.188029003183474330e+01
1.188025597146368995e+01
1.188040570730227685e+01
1.188049804239822649e+01
1.188038469929634289e+01
1.188024909421641873e+01
1.188031087989953427e+01
1.188047210258739916e+01
1.188047485290415040e+01
1.188031651712494430e+01
1.188025386210225420e+01
1.188038938214290496e+01
1.188050611759733854e+01
1.188041698463947071e+01
1.188026601671423421e+01
1.188029636209101980e+01
1.188045868623038359e+01
1.188049065909476987e+01
1.188033950760369351e+01
1.188024709488972697e+01
1.188036049933191940e+01
1.188049526181794313e+01
1.188043258929677037e+01
1.188027184916420786e+01
1.188027064365994079e+01
1.188043002204308252e+01
1.188049285150559342e+01
1.188035796634996366e+01
1.188024309599168582e+01
1.188033417245273959e+01
1.188048581858169328e+01
1.188045539275611695e+01
1.188029366098260020e+01
1.188026291496819553e+01
1.188041441694730516e+01
1.188050571849261772e+01
1.188039102421983273e+01
1.188025591514763235e+01
1.188031840654346638e+01
1.188047779904966639e+01
1.188047686164810735e+01
1.188031614543324110e+01
1.188025316067101222e+01
1.188038773957900318e+01
1.188050136547176372e+01
1.188040922435117075e+01
1.188025797901162406e+01
1.188028968337571456e+01
1.188045205267332882e+01
1.188048275309560253e+01
1.188033195430115185e+01
1.188024260932797382e+01
1.188035916725884888e+01
1.188049489668819270e+01
1.188043255381304242e+01
1.188027416608397324e+01
1.188027660155314535e+01
1.188043775151712822e+01
1.188049980079089885e+01
1.188036432893004957e+01
1.188025071694675461e+01
1.188034274562457071e+01
1.188049255479496757e+01
1.188045875127061635e+01
1.188029518744986568e+01
1.188026427015996589e+01
1.188041441678041998e+01
1.188050217408300568e+01
1.188038442136550366e+01
1.188024899343351848e+01
1.188031229066493744e+01
1.188047087700123683e+01
1.188046816924128990e+01
1.188030775238523695e+01
1.188024766008565791e+01
1.188038482789982275e+01
1.188049896585973819e+01
1.188040729803183737e+01
1.188025885516024793e+01
1.188029435943428069e+01
1.188045842011020348e+01
1.188048861851822835e+01
1.188033801789917199e+01
1.188025064096147609e+01
1.188036836221821702e+01
1.188050233396538147e+01
1.188043707866927967e+01
1.188027750190168774e+01
1.188027995183168528e+01
1.188043940859875924e+01
1.188049764460410884e+01
1.188035920644847465e+01
1.188024525907755269e+01
1.188033751511977165e+01
1.188048570510381907e+01
1.188044970748650009e+01
1.188028637221196959e+01
1.188025804074694847e+01
1.188041008813402932e+01
1.188049786270431341e+01
1.188038068764494248e+01
1.188024837648253396e+01
1.188031545702478731e+01
1.188047556937413241e+01
1.188047264669094361e+01
1.188031319556910326e+01
1.188025569385554192e+01
1.188039418792411794e+01
1.188050672716096123e+01
1.188041274558037586e+01
1.188026382229918454e+01
1.188029954441529412e+01
1.188046166338052778e+01
1.188048795654066581e+01
1.188033462226135484e+01
1.188024692254458969e+01
1.188036429604003175e+01
1.188049591247945713e+01
1.188042813535196984e+01
1.188026870524271494e+01
1.188027331880541837e+01
1.188043389624373880e+01
1.188049163819930421e+01
1.188035384061858935e+01
1.188024317638160099e+01
1.188033902347411797e+01
1.188048849324900047e+01
1.188045256089641732e+01
1.188029090529139964e+01
1.188026566983752375e+01
1.188041914784508180e+01
1.188050555235866135e+01
1.188038676721055786e+01
1.188025471682113121e+01
1.188032222461791143e+01
1.188048024441088124e+01
1.188047350506830213e+01
1.188031168523254344e+01
1.188025390492961719e+01
1.188039150711905911e+01
1.188050106623028235e+01
1.188040434822177716e+01
1.188025548548789345e+01
1.188029285482499020e+01
1.188045525900173160e+01
1.188048055553555749e+01
1.188032788371086923e+01
1.188024348005710173e+01
1.188036408428893687e+01
1.188049666174132390e+01
1.188042920860666918e+01
1.188027208556406933e+01
1.188028015922885139e+01
1.188044220545677021e+01
1.188049886241588737e+01
1.188036022969187044e+01
1.188025056450901751e+01
1.188034704165344202e+01
1.188049436949002846e+01
1.188045488523001580e+01
1.188029134384103180e+01
1.188026590565778307e+01
1.188041800375305890e+01
1.188050094324508699e+01
1.188037933205176344e+01
1.188024725904539913e+01
1.188031582939493447e+01
1.188047328333382602e+01
1.188046507909023042e+01
1.188030390506616030e+01
1.188024928155033599e+01
1.188038960132038113e+01
1.188049974248624707e+01
1.188040357346041098e+01
1.188025753068057355e+01
1.188029856541189133e+01
1.188046240561963884e+01
1.188048694250367809e+01
1.188033424441684893e+01
1.188025153934644429e+01
1.188037295717495923e+01
1.188050344412145165e+01
1.188043286774586882e+01
1.188027443958517715e+01
1.188028241540210495e+01
1.188044267103909490e+01
1.188049553971531580e+01
1.188035412252552980e+01
1.188024436174235277e+01
1.188034127776881199e+01
1.188048721383156980e+01
1.188044585493677019e+01
1.188028290837004697e+01
1.188026034341906723e+01
1.188041451557448980e+01
1.188049761425797968e+01
1.188037673397197480e+01
1.188024785734471855e+01
1.188032012937862447e+01
1.188047891394309730e+01
1.188047029766458706e+01
1.188030990127719555e+01
1.188025760295677991e+01
1.188039888891571394e+01
1.188050708681472578e+01
1.188040836731553895e+01
1.188026167219422113e+01
1.188030273756293020e+01
1.188046447054084886e+01
1.188048507166156753e+01
1.188032976236607396e+01
1.188024690573148590e+01
1.188036813062234565e+01
1.188049646446841123e+01
1.188042368371809943e+01
1.188026577057780031e+01
1.188027620625289416e+01
1.188043779113397491e+01
1.188049037185074219e+01
1.188034981831112624e+01
1.188024347856738316e+01
1.188034396084770172e+01
1.188049105093935154e+01
1.188044963114119845e+01
1.188028822285380670e+01
1.188026850622872210e+01
1.188042375612853085e+01
1.188050514532174695e+01
1.188038240465352757e+01
1.188025357053779985e+01
1.188032601748833272e+01
1.188048248395212525e+01
1.188046996646738052e+01
1.188030725851355385e+01
1.188025477547581410e+01
1.188039525912283167e+01
1.188050064317340748e+01
1.188039948708804161e+01
1.188025320509727578e+01
1.188029620771604122e+01
1.188045845835894987e+01
1.188047832205371712e+01
1.188032395695625354e+01
1.188024458590988353e+01
1.188036907471811787e+01
1.188049831966997694e+01
1.188042581449743729e+01
1.188027012150722150e+01
1.188028379974108617e+01
1.188044652481306152e+01
1.188049770303957153e+01
1.188035606383284559e+01
1.188025047051829475e+01
1.188035127830736748e+01
1.188049595187396967e+01
1.188045084571944976e+01
1.188028754083214089e+01
1.188026763316477563e+01
1.188042152237506421e+01
1.188049956828027653e+01
1.188037426922458906e+01
1.188024573205068890e+01
1.188031951033527278e+01
1.188047565449589982e+01
1.188046197079387767e+01
1.188030023515086953e+01
1.188025114086177325e+01
1.188039443145981267e+01
1.188050042586185029e+01
1.188039985084488492e+01
1.188025636112769234e+01
1.188030285245359785e+01
1.188046625075248919e+01
1.188048507529428122e+01
1.188033044678352645e+01
1.188025250097089369e+01
1.188037746194192934e+01
1.188050430605618502e+01
1.188042849995642136e+01
1.188027142393515945e+01
1.188028493325622748e+01
1.188044581527833721e+01
1.188049327625164153e+01
1.188034907510935234e+01
1.188024365687943984e+01
1.188034513681142101e+01
1.188048865989653535e+01
1.188044200191281696e+01
1.188027964716716944e+01
1.188026287581919505e+01
1.188041897988998841e+01
1.188049728973970964e+01
1.188037283270336530e+01
1.188024752506044557e+01
1.188032487779391388e+01
1.188048211853634228e+01
1.188046779572120926e+01
1.188030662695630824e+01
1.188025957824594947e+01
1.188040347358410109e+01
1.188050719366258079e+01
1.188040385624500139e+01
1.188025957362455998e+01
1.188030594552775554e+01
1.188046711486737550e+01
1.188048202044342183e+01
1.188032494734791733e+01
1.188024705813128712e+01
1.188037201127019848e+01
1.188049692823997283e+01
1.188041924845030195e+01
1.188026305436828878e+01
1.188027930475272242e+01
1.188044170065019856e+01
1.188048904909714487e+01
1.188034589618958492e+01
1.188024399145666976e+01
1.188034896601489976e+01
1.188049347499165265e+01
1.188044659342519438e+01
1.188028560419412827e+01
1.188027140973065165e+01
1.188042822771380536e+01
1.188050449242011553e+01
1.188037793982962853e+01
1.188025247931726014e+01
1.188032978573190768e+01
1.188048452329078764e+01
1.188046626100602410e+01
1.188030288329155226e+01
1.188025578482750255e+01
1.188039900461515863e+01
1.188050010945011969e+01
1.188039465768600067e+01
1.188025114893625656e+01
1.188029974322567206e+01
1.188046164860164566e+01
1.188047605342576674e+01
1.188032017335764223e+01
1.188024591702925470e+01
1.188037412150909411e+01
1.188049985574057388e+01
1.188042236200050361e+01
1.188026826275761039e+01
1.188028750612514806e+01
1.188045069362529915e+01
1.188049631590963706e+01
1.188035183141467321e+01
1.188025043365490419e+01
1.188035545266589565e+01
1.188049730569289508e+01
1.188044664631911296e+01
1.188028379414306279e+01
1.188026946339009093e+01
1.188042498201257224e+01
1.188049806437181033e+01
1.188036925149565448e+01
1.188024442488533516e+01
1.188032333697179865e+01
1.188047799232751878e+01
1.188045884925734796e+01
1.188029674461505891e+01
1.188025322990929133e+01
1.188039930362679542e+01
1.188050100391139807e+01
1.188039612179265880e+01
1.188025533425011737e+01
1.188030720187138023e+01
1.188046993845511956e+01
1.188048300872667262e+01
1.188032662189911726e+01
1.188025352024196479e+01
1.188038187018614877e+01
1.188050492141553960e+01
1.188042398664104660e+01
1.188026846761781918e+01
1.188028751373862235e+01
1.188044885051465371e+01
1.188049087066763754e+01
1.188034408377710349e+01
1.188024315762379146e+01
1.188034909780702186e+01
1.188049004900056715e+01
1.188043815724683760e+01
1.188027659319283735e+01
1.188026563198777374e+01
1.188042346942970440e+01
1.188049688033086504e+01
1.188036897699975647e+01
1.188024736692358907e+01
1.188032968278172063e+01
1.188048516585822689e+01
1.188046513174269947e+01
1.188030336654966135e+01
1.188026161012080095e+01
1.188040793243903614e+01
1.188050704714489569e+01
1.188039922094004908e+01
1.188025753560106779e+01
1.188030917384637597e+01
1.188046960488555648e+01
1.188047881978292075e+01
1.188032019678315265e+01
1.188024739289469522e+01
1.188037594528217511e+01
1.188049731305832246e+01
1.188041484191545472e+01
1.188026056363078098e+01
1.188028261077140257e+01
1.188044561671537558e+01
1.188048766481794871e+01
1.188034206935889614e+01
1.188024470255451703e+01
1.188035401965095161e+01
1.188049574873696734e+01
1.188044343817862725e+01
1.188028304063933938e+01
1.188027436718553531e+01
1.188043255037535140e+01
1.188050359091681685e+01
1.188037337816677663e+01
1.188025144809297551e+01
1.188033353176332341e+01
1.188048636980398243e+01
1.188046240517244811e+01
1.188029857817359236e+01
1.188025694546577782e+01
1.188040275222043540e+01
1.188049947742109680e+01
1.188038987534586965e+01
1.188024932611997109e+01
1.188030346037970553e+01
1.188046482557946248e+01
1.188047374849828586e+01
1.188031653026649259e+01
1.188024746178471425e+01
1.188037920645472489e+01
1.188050125474796204e+01
1.188041884161585671e+01
1.188026649848707805e+01
1.188029126229679022e+01
1.188045469750718475e+01
1.188049469627209831e+01
1.188034753451293213e+01
1.188025045454570439e+01
1.188035956385095737e+01
1.188049843675692152e+01
1.188044230228551257e+01
1.188028012049562321e+01
1.188027140749551336e+01
1.188042839214316793e+01
1.188049644636171998e+01
1.188036429642984437e+01
1.188024334830769213e+01
1.188032731088089200e+01
1.188048029676830453e+01
1.188045571738068951e+01
1.188029343325108655e+01
1.188025553852791916e+01
1.188040420162025157e+01
1.188050146365438842e+01
1.188039237738823140e+01
1.188025443762853861e+01
1.188031159543401216e+01
1.188047345288127232e+01
1.188048073630864998e+01
1.188032276844444723e+01
1.188025459344969903e+01
1.188038617772034655e+01
1.188050529410933009e+01
1.188041934107658726e+01
1.188026558465466387e+01
1.188029016610939692e+01
1.188045178656629730e+01
1.188048833954720962e+01
1.188033916747550656e+01
1.188024287582132388e+01
1.188035316474111092e+01
1.188049138514547742e+01
1.188043432779036124e+01
1.188027374874956266e+01
1.188026860373689608e+01
1.188042797077480373e+01
1.188049637592382268e+01
1.188036515901662860e+01
1.188024736956742622e+01
1.188033452485783670e+01
1.188048803939191345e+01
1.188046229787378216e+01
1.188030011546164033e+01
1.188026369070412969e+01
1.188041225812997048e+01
1.188050664904864995e+01
1.188039447206625532e+01
1.188025556876988631e+01
1.188031242938681764e+01
1.188047195022287639e+01
1.188047548717604762e+01
1.188031553006753072e+01
1.188024792233391835e+01
1.188037993879402698e+01
1.188049762677260013e+01
1.188041047462556321e+01
1.188025830310964714e+01
1.188028611848973881e+01
1.188044952932001586e+01
1.188048621228675295e+01
1.188033833148410068e+01
1.188024559824018489e+01
1.188035910198078682e+01
1.188049785582011708e+01
1.188044015662751285e+01
1.188028052458636807e+01
1.188027736691415726e+01
1.188043671390969713e+01
1.188050244038164038e+01
1.188036872723484727e+01
1.188025048362871949e+01
1.188033725967927090e+01
1.188048803240251239e+01
1.188045841649746848e+01
1.188029436204348421e+01
1.188025826952073416e+01
1.188040650986650526e+01
1.188049875838935243e+01
1.188038515376631565e+01
1.188024774362494895e+01
1.188030735597981646e+01
1.188046798314488761e+01
1.188047140427538118e+01
1.188031302322820792e+01
1.188024920700778253e+01
1.188038431046613752e+01
1.188050250132534025e+01
1.188041524413694816e+01
1.188026481849219351e+01
1.188029505332490743e+01
1.188045852386989587e+01
1.188049284151989049e+01
1.188034317728278566e+01
1.188025053575076839e+01
1.188036361293531229e+01
1.188049935276797520e+01
1.188043783030881606e+01
1.188027653732688549e+01
1.188027347679120993e+01
1.188043176204773488e+01
1.188049472844889110e+01
1.188035942027149261e+01
1.188024251118268104e+01
1.188033143159003835e+01
1.188048256579658712e+01
1.188045257607578975e+01
1.188029029876721587e+01
1.188025805467935569e+01
1.188040910797437810e+01
1.188050179148768315e+01
1.188038860849544065e+01
1.188025365898860564e+01
1.188031601567377571e+01
1.188047677966257609e+01
1.188047825342572494e+01
1.188031888701341643e+01
1.188025571882445419e+01
1.188039038248092538e+01
1.188050543020300509e+01
1.188041457828920322e+01
1.188026279017852715e+01
1.188029290026436868e+01
1.188045463356601594e+01
1.188048569928388076e+01
1.188033434421342172e+01
1.188024282176655078e+01
1.188035733982768960e+01
1.188049267050488211e+01
1.188043051835979291e+01
1.188027111388220725e+01
1.188027178076670332e+01
1.188043246892816640e+01
1.188049576536400131e+01
1.188036137018595362e+01
1.188024751927771128e+01
1.188033938486745811e+01
1.188049072370235848e+01
1.188045928777477478e+01
1.188029687074920204e+01
1.188026581396977299e+01
1.188041644549594622e+01
1.188050600346951846e+01
1.188038962226103479e+01
1.188025368522275116e+01
1.188031572010627990e+01
1.188047416132080158e+01
1.188047204039700055e+01
1.188031096609186577e+01
1.188024865762831972e+01
1.188038399653360599e+01
1.188049787562741777e+01
1.188040615511354936e+01
1.188025627523399308e+01
1.188028981984868970e+01
1.188045342664762671e+01
1.188048468336148744e+01
1.188033467503763774e+01
1.188024666406438712e+01
1.188036419310425806e+01
1.188049978051859235e+01
1.188043674107910341e+01
1.188027804974344015e+01
1.188028039890518706e+01
1.188044071025590576e+01
1.188050104272578444e+01
1.188036399669358545e+01
1.188024959439160710e+01
1.188034097506523956e+01
1.188048952127493862e+01
1.188045431324943024e+01
1.188029025373804082e+01
1.188025976846097009e+01
1.188041028450424719e+01
1.188049796235807953e+01
1.188038050482571073e+01
1.188024640617553729e+01
1.188031142457714751e+01
1.188047111320926774e+01
1.188046901604827177e+01
1.188030964618251240e+01
1.188025113825734635e+01
1.188038941388070846e+01
1.188050358026203668e+01
1.188041156095459705e+01
1.188026321347425096e+01
1.188029886567574067e+01
1.188046216210751105e+01
1.188049075129790744e+01
1.188033876597869920e+01
1.188025068170455611e+01
1.188036760280807158e+01
1.188050006310987605e+01
1.188043324824039182e+01
1.188027306248337922e+01
1.188027568242471688e+01
1.188043510050821183e+01
1.188049292390540579e+01
1.188035463770008882e+01
1.188024192030376369e+01
1.188033569648161603e+01
1.188048479541421898e+01
1.188044942432896889e+01
1.188028733693009542e+01
1.188026076467069636e+01
1.188041400423283278e+01
1.188050197348611547e+01
1.188038480606521397e+01
1.188025298650646810e+01
1.188032044617376393e+01
1.188047990614915150e+01
1.188047555750990192e+01
1.188031498020225030e+01
1.188025689654880246e+01
1.188039448445970514e+01
1.188050533776562645e+01
1.188040971482953800e+01
1.188026010016152334e+01
1.188029572643869969e+01
1.188045740165122943e+01
1.188048296576931051e+01
1.188032963077455406e+01
1.188024300397021982e+01
1.188036162334930523e+01
1.188049390533910277e+01
1.188042673172830632e+01
1.188026868645416201e+01
1.188027515082543317e+01
1.188043694754062507e+01
1.188049503671869545e+01
1.188035760151313802e+01
1.188024780230897548e+01
1.188034424430093949e+01
1.188049320471898440e+01
1.188045609684434822e+01
1.188029363127542837e+01
1.188026797582494609e+01
1.188042049156826430e+01
1.188050511672679477e+01
1.188038468596812791e+01
1.188025189827189187e+01
1.188031905478340988e+01
1.188047624913217781e+01
1.188046849717469655e+01
1.188030652292711231e+01
1.188024960855074674e+01
1.188038812160608160e+01
1.188049806411198617e+01
1.188040188985387324e+01
1.188025448012252738e+01
1.188029370464210466e+01
1.188045729524217897e+01
1.188048306870888027e+01
1.188033109157132117e+01
1.188024788506031015e+01
1.188036927332336212e+01
1.188050150805156235e+01
1.188043318518648306e+01
1.188027561134025767e+01
1.188028345496480398e+01
1.188044453357027486e+01
1.188049940218854239e+01
1.188035919819443187e+01
1.188024879038425574e+01
1.188034468476902461e+01
1.188049084760752017e+01
1.188045011411575480e+01
1.188028627172171880e+01
1.188026145279329526e+01
1.188041408184906444e+01
1.188049709782082353e+01
1.188037593843421114e+01
1.188024531617652002e+01
1.188031565849338023e+01
1.188047420584401870e+01
1.188046657756495605e+01
1.188030639169680924e+01
1.188025324010893158e+01
1.188039449678299064e+01
1.188050447682232402e+01
1.188040778434965894e+01
1.188026167529610788e+01
1.188030268742345186e+01
1.188046560374075256e+01
1.188048842756185053e+01
1.188033430892745201e+01
1.188025089861268668e+01
1.188037153800052614e+01
1.188050057860554887e+01
1.188042857479677927e+01
1.188026971390296183e+01
1.188027803506982849e+01
1.188043841551780844e+01
1.188049104481728691e+01
1.188034996162050128e+01
1.188024158025684507e+01
1.188034010074221136e+01
1.188048697967749945e+01
1.188044625930775133e+01
1.188028454174717297e+01
1.188026365340612500e+01
1.188041887124608031e+01
1.188050199571446441e+01
1.188038096144202527e+01
1.188025240910037184e+01
1.188032487182966790e+01
1.188048282161516411e+01
1.188047264816685633e+01
1.188031105265377541e+01
1.188025812872346521e+01
1.188039848559128231e+01
1.188050502667779362e+01
1.188040476851525540e+01
1.188025753112077076e+01
1.188029865490032755e+01
1.188046010065670721e+01
1.188048015409687963e+01
1.188032504245633092e+01
1.188024342896213703e+01
1.188036601353845789e+01
1.188049508795505105e+01
1.188042296866409941e+01
1.188026646226850325e+01
1.188027869990955665e+01
1.188044138916909631e+01
1.188049417756680448e+01
1.188035384388278892e+01
1.188024820519710190e+01
1.188034908559366976e+01
1.188049546999175732e+01
1.188045272240720962e+01
1.188029039782188256e+01
1.188027017414715658e+01
1.188042439552611462e+01
1.188050399723296913e+01
1.188037967923247962e+01
1.188025022219424187e+01
1.188032244273078852e+01
1.188047822481105698e+01
1.188046487487382130e+01
1.188030221752577020e+01
1.188025078322048067e+01
1.188039231531441686e+01
1.188049819485108038e+01
1.188039768322931167e+01
1.188025291563604213e+01
1.188029776065446974e+01
1.188046112021408085e+01
1.188048135805823691e+01
1.188032757200686973e+01
1.188024924606157029e+01
1.188037432346448874e+01
1.188050302487239129e+01
1.188042948418600986e+01
1.188027320630237860e+01
1.188028652882355019e+01
1.188044818025382376e+01
1.188049752527612313e+01
1.188035434523802003e+01
1.188024808293960533e+01
1.188034839664587139e+01
1.188049202328624432e+01
1.188044583787802821e+01
1.188028243376682092e+01
1.188026333177965199e+01
1.188041790614996884e+01
1.188049617158847227e+01
1.188037146242972142e+01
1.188024447369334524e+01
1.188032004788912666e+01
1.188047724942494199e+01
1.188046408123621411e+01
1.188030325122727504e+01
1.188025549646150658e+01
1.188039953933183668e+01
1.188050517705822173e+01
1.188040390776783006e+01
1.188026019721043092e+01
1.188030650842271818e+01
1.188046884251600055e+01
1.188048587458954408e+01
1.188032981645465114e+01
1.188025119430656673e+01
1.188037542447617412e+01
1.188050091124669727e+01
1.188042382924646212e+01
1.188026650929118233e+01
1.188028054462230365e+01
1.188044171401010729e+01
1.188048910185522367e+01
1.188034540299234720e+01
1.188024149332906632e+01
1.188034463735894697e+01
1.188048911077370207e+01
1.188044307650937625e+01
1.188028190568482856e+01
1.188026670466597778e+01
1.188042368948554284e+01
1.188050184454409930e+01
1.188037706666237447e+01
1.188025191670216607e+01
1.188032927908043490e+01
1.188048551742466330e+01
1.188046952725839667e+01
1.188030711105542103e+01
1.188025941928820117e+01
1.188040238959864148e+01
1.188050450840368910e+01
1.188039975814654348e+01
1.188025509980812799e+01
1.188030169563984373e+01
1.188046273981648859e+01
1.188047727828661237e+01
1.188032059284079800e+01
1.188024410113365192e+01
1.188037050650316218e+01
1.188049621471197703e+01
1.188041922801384764e+01
1.188026443523114750e+01
1.188028241249968175e+01
1.188044577556101800e+01
1.188049317530334825e+01
1.188035008836657624e+01
1.188024871506132563e+01
1.188035389240364736e+01
1.188049750891502754e+01
1.188044916386230021e+01
1.188028717315703275e+01
1.188027240877513435e+01
1.188042815860643842e+01
1.188050265532102223e+01
1.188037461945985029e+01
1.188024867195048628e+01
1.188032589349402279e+01
1.188048009940144922e+01
1.188046119018739688e+01
1.188029806544624378e+01
1.188025218788856030e+01
1.188039657701916774e+01
1.188049826854016722e+01
1.188039353754456862e+01
1.188025157747616056e+01
1.188030197384077624e+01
1.188046488548049595e+01
1.188047954047910792e+01
1.188032410693859120e+01
1.188025073202014248e+01
1.188037932518850504e+01
1.188050431893796421e+01
1.188042563510258276e+01
1.188027083338611511e+01
1.188028961619830781e+01
1.188045164893224914e+01
1.188049542065399855e+01
1.188034945299032685e+01
1.188024748448269108e+01
1.188035211928091961e+01
1.188049306058762156e+01
1.188044150308797064e+01
1.188027875664625554e+01
1.188026541317727691e+01
1.188042175999132866e+01
1.188049518865661547e+01
1.188036708251971163e+01
1.188024387648038704e+01
1.188032458087832133e+01
1.188048023081681315e+01
1.188046151837346187e+01
1.188030021540172321e+01
1.188025789085501671e+01
1.188040452208632658e+01
1.188050566810942499e+01
1.188039992607065365e+01
1.188025877405429398e+01
1.188031032043971535e+01
1.188047187445755881e+01
1.188048309894424115e+01
1.188032530076620397e+01
1.188025157805891396e+01
1.188037926938972966e+01
1.188050107390219878e+01
1.188041903108628716e+01
1.188026346579929360e+01
1.188028321990907443e+01
1.188044500161283423e+01
1.188048710407998421e+01
1.188034097070184458e+01
1.188024165946451483e+01
1.188034929716305754e+01
1.188049117914167319e+01
1.188043986994763124e+01
1.188027941991716219e+01
1.188026990140693684e+01
1.188042843936758075e+01
1.188050150696733809e+01
1.188037311473880564e+01
1.188025150050273915e+01
1.188033365610288605e+01
1.188048798715422194e+01
1.188046619893821365e+01
1.188030316409082410e+01
1.188026077389936042e+01
1.188040620180071727e+01
1.188050379573252435e+01
1.188039470320079438e+01
1.188025282289084394e+01
1.188030485806365988e+01
1.188046532748147399e+01
1.188047435103747418e+01
1.188031629360229324e+01
1.188024502262344839e+01
1.188037509619861254e+01
1.188049728007311856e+01
1.188041550682944347e+01
1.188026259755231884e+01
1.188028627182700347e+01
1.188045008795904245e+01
1.188049201745210048e+01
1.188034632652655453e+01
1.188024931988923960e+01
1.188035864986066592e+01
1.188049931291413763e+01
1.188044542278814575e+01
1.188028396205918114e+01
1.188027468145408072e+01
1.188043178397028576e+01
1.188050110303325724e+01
1.188036952514631395e+01
1.188024726288477417e+01
1.188032941654387464e+01
1.188048188353201162e+01
1.188045745884754645e+01
1.188029408060612013e+01
1.188025382676026354e+01
1.188040090404082783e+01
1.188049828392601981e+01
1.188038945308601413e+01
1.188025045932802470e+01
1.188030632854454183e+01
1.188046857403479706e+01
1.188047760467688363e+01
1.188032068694164956e+01
1.188025232831723166e+01
1.188038426128194125e+01
1.188050537994887002e+01
1.188042163691779685e+01
1.188026849327078871e+01
1.188029271480829507e+01
1.188045494038905403e+01
1.188049309899510320e+01
1.188034453806129065e+01
1.188024700826444935e+01
1.188035586169493385e+01
1.188049397186495248e+01
1.188043712775111693e+01
1.188027525584566035e+01
1.188026770300816892e+01
1.188042564413184010e+01
1.188049415211613535e+01
1.188036280226995878e+01
1.188024352005642648e+01
1.188032924368623888e+01
1.188048313559439073e+01
1.188045887945328616e+01
1.188029727431811189e+01
1.188026040679163131e+01
1.188040942632344787e+01
1.188050593848363512e+01
1.188039583575701741e+01
1.188025740240608918e+01
1.188031411723903119e+01
1.188047469787226795e+01
1.188048010939060894e+01
1.188032077578693091e+01
1.188025206036409820e+01
1.188038308082041361e+01
1.188050108001155003e+01
1.188041419971482071e+01
1.188026059971098292e+01
1.188028606841741563e+01
1.188044828243179118e+01
1.188048505878669303e+01
1.188033667147885986e+01
1.188024207626797413e+01
1.188035406892010393e+01
1.188049317363413415e+01
1.188043663237396430e+01
1.188027707459993998e+01
1.188027322607677227e+01
1.188043310158042942e+01
1.188050097090259172e+01
1.188036909992313106e+01
1.188025115316624536e+01
1.188033799296640325e+01
1.188049022666967858e+01
1.188046266963989694e+01
1.188029922234574443e+01
1.188026219976674547e+01
1.188040992888617886e+01
1.188050290249515939e+01
1.188038962351317096e+01
1.188025071662990051e+01
1.188030815069715551e+01
1.188046787085881384e+01
1.188047138351207543e+01
1.188031215435616161e+01
1.188024619324916209e+01
1.188037977444582793e+01
1.188049827670214675e+01
1.188041180053500590e+01
1.188026093998161947e+01
1.188029026016447887e+01
1.188045430741932584e+01
1.188049069197955454e+01
1.188034255070719070e+01
1.188025000879857096e+01
1.188036334478192479e+01
1.188050087559060941e+01
1.188044150300261848e+01
1.188028077129319371e+01
1.188027699573656371e+01
1.188043527652887832e+01
1.188049935387650002e+01
1.188036441558350731e+01
1.188024601041178663e+01
1.188033302096827271e+01
1.188048358712315888e+01
1.188045369536060036e+01
1.188029027506981095e+01
1.188025570185883950e+01
1.188040529160718073e+01
1.188049823783335235e+01
1.188038542822600618e+01
1.188024955304362607e+01
1.188031080774945281e+01
1.188047216823954422e+01
1.188047553929987643e+01
1.188031730287906917e+01
1.188025402106044126e+01
1.188038911592298064e+01
1.188050619955509823e+01
1.188041749069723707e+01
1.188026618860637029e+01
1.188029582434492504e+01
1.188045805745354677e+01
1.188049057278729137e+01
1.188033961825046525e+01
1.188024666807318575e+01
1.188035963303989817e+01
1.188049476923699110e+01
1.188043272902524450e+01
1.188027194530121911e+01
1.188027020536299894e+01
1.188042955738428752e+01
1.188049306310877817e+01
1.188035862314007396e+01
1.188024339782567118e+01
1.188033402084796286e+01
1.188048594829520610e+01
1.188045615440293190e+01
1.188029441785196205e+01
1.188026302805367074e+01
1.188041423434054344e+01
1.188050597831112221e+01
1.188039163515023766e+01
1.188025608070129024e+01
1.188031789462474208e+01
1.188047731330645540e+01
1.188047691676523065e+01
1.188031625695972515e+01
1.188025265268791664e+01
1.188038686748545736e+01
1.188050094327025796e+01
1.188040935410960586e+01
1.188025792614473275e+01
1.188028909605015926e+01
1.188045155886971393e+01
1.188048297139114418e+01
1.188033250986070932e+01
1.188024273905646133e+01
1.188035893946505084e+01
1.188049508171824442e+01
1.188043335552793067e+01
1.188027485916346748e+01
1.188027666093664969e+01
1.188043765740667368e+01
1.188050022548362072e+01
1.188036501794320543e+01
1.188025086900852401e+01
1.188034228174432272e+01
1.188049223415542244e+01
1.188045894801732594e+01
1.188029529817012175e+01
1.188026370545327737e+01
1.188041357865868441e+01
1.188050184326221803e+01
1.188038453895004132e+01
1.188024879656327215e+01
1.188031158090441153e+01
1.188047037577882392e+01
1.188046838515843184e+01
1.188030818255142584e+01
1.188024761048654732e+01
1.188038453099714786e+01
1.188049919560250167e+01
1.188040810313040296e+01
1.188025945207143863e+01
1.188029435913621334e+01
1.188045841513658551e+01
1.188048918760333272e+01
1.188033875430990349e+01
1.188025077227022308e+01
1.188036796584937704e+01
1.188050219282279407e+01
1.188043741057567537e+01
1.188027760954128098e+01
1.188027935684121772e+01
1.188043864273334549e+01
1.188049742254907137e+01
1.188035931054602656e+01
1.188024492969782742e+01
1.188033671517075440e+01
1.188048521911301414e+01
1.188044991277220497e+01
1.188028665887502910e+01
1.188025781293367977e+01
1.188040973284702950e+01
1.188049812523678384e+01
1.188038145956932112e+01
1.188024884886153565e+01
1.188031539335893783e+01
1.188047565013654605e+01
1.188047333325121002e+01
1.188031394620088577e+01
1.188025579736072324e+01
1.188039387491644305e+01
1.188050677152259915e+01
1.188041319967372189e+01
1.188026392401531872e+01
1.188029894639639039e+01
1.188046100484650758e+01
1.188048785610427949e+01
1.188033471226530224e+01
1.188024647792999744e+01
1.188036344229089636e+01
1.188049546428578296e+01
1.188042832294002871e+01
1.188026883716891824e+01
1.188027292224395559e+01
1.188043349653896463e+01
1.188049192082866590e+01
1.188035454456486306e+01
1.188024350124147333e+01
1.188033889544292876e+01
1.188048865269880139e+01
1.188045333290049399e+01
1.188029163596605997e+01
1.188026573901125715e+01
1.188041892973593860e+01
1.188050577956767917e+01
1.188038732454633362e+01
1.188025480930453170e+01
1.188032165043512656e+01
1.188047972345653847e+01
1.188047353380429882e+01
1.188031176100934694e+01
1.188025336719223723e+01
1.188039063844006371e+01
1.188050067731397164e+01
1.188040451251551666e+01
1.188025545877837530e+01
1.188029230691250149e+01
1.188045483148404635e+01
1.188048084536045224e+01
1.188032848820317966e+01
1.188024364095749696e+01
1.188036389387947089e+01
1.188049688971031870e+01
1.188043003041152446e+01
1.188027276261795784e+01
1.188028018838394217e+01
1.188044208903441756e+01
1.188049926132630851e+01
1.188036086620772025e+01
1.188025064413589860e+01
1.188034651658014340e+01
1.188049401009573636e+01
1.188045504483842585e+01
1.188029140549902962e+01
1.188026530064177777e+01
1.188041715975912993e+01
1.188050063303037085e+01
1.188037946908249864e+01
1.188024707720096096e+01
1.188031515463071486e+01
1.188047284649441693e+01
1.188046536357245486e+01
1.188030438340976680e+01
1.188024926949659665e+01
1.188038935364743764e+01
1.188050002629665691e+01
1.188040440742673631e+01
1.188025812246267776e+01
1.188029855003834712e+01
1.188046239276869365e+01
1.188048749408829607e+01
1.188033493204386914e+01
1.188025160234759703e+01
1.188037250374531162e+01
1.188050326281968694e+01
1.188043315379443676e+01
1.188027448728907842e+01
1.188028177147245579e+01
1.188044189033299425e+01
1.188049532464571456e+01
1.188035422996786217e+01
1.188024403534297058e+01
1.188034050658215968e+01
1.188048678720806173e+01
1.188044612246744336e+01
1.188028323990196355e+01
1.188026015741508701e+01
1.188041421883064785e+01
1.188049793937672760e+01
1.188037754213829800e+01
1.188024833565802574e+01
1.188032006649764760e+01
1.188047900176747973e+01
1.188047097599878654e+01
1.188031060922884663e+01
1.188025764558331332e+01
1.188039852589281331e+01
1.188050709185686493e+01
1.188040876928450729e+01
1.188026170604837795e+01
1.188030208432875767e+01
1.188046378898705591e+01
1.188048496434527124e+01
1.188032983941806719e+01
1.188024645177461736e+01
1.188036729794120738e+01
1.188049606777010681e+01
1.188042392414392978e+01
1.188026594163032534e+01
1.188027585345031945e+01
1.188043745633262205e+01
1.188049072256956684e+01
1.188035056407941248e+01
1.188024382000902968e+01
1.188034384936056043e+01
1.188049123212640268e+01
1.188045040468337632e+01
1.188028891901559447e+01
1.188026852491306329e+01
1.188042349766152128e+01
1.188050533626103622e+01
1.188038290632009009e+01
1.188025359053645502e+01
1.188032538449130726e+01
1.188048193303538724e+01
1.188046997493243140e+01
1.188030730567591142e+01
1.188025421644032065e+01
1.188039440277038850e+01
1.188050029540835340e+01
1.188039969215086522e+01
1.188025320960201903e+01
1.188029570313524985e+01
1.188045809888689952e+01
1.188047868218941083e+01
1.188032460673829682e+01
1.188024477305182280e+01
1.188036891570714815e+01
1.188049858303964612e+01
1.188042664758141420e+01
1.188027077386465180e+01
1.188028379126842893e+01
1.188044637985009722e+01
1.188049807076714615e+01
1.188035664397468949e+01
1.188025047654149091e+01
1.188035069370719121e+01
1.188049555720871631e+01
1.188045097283474405e+01
1.188028755963617122e+01
1.188026699587385870e+01
1.188042068137110796e+01
1.188049928690377754e+01
1.188037443286709838e+01
1.188024557173871543e+01
1.188031887617370153e+01
1.188047528551753906e+01
1.188046232440383676e+01
1.188030075991182066e+01
1.188025116320019237e+01
1.188039422838874160e+01
1.188050075704161834e+01
1.188040070530861314e+01
1.188025693918658199e+01
1.188030281416428302e+01
1.188046622275379782e+01
1.188048560252368802e+01
1.188033108014784744e+01
1.188025249279804640e+01
1.188037695124331172e+01
1.188050408612686759e+01
1.188042874308123409e+01
1.188027141666938391e+01
1.188028424760499746e+01
1.188044502810753222e+01
1.188049307634696916e+01
1.188034919361489017e+01
1.188024334107121405e+01
1.188034440139185577e+01
1.188048829766394832e+01
1.188044233400993122e+01
1.188028002378772285e+01
1.188026273041682757e+01
1.188041873865649656e+01
1.188049767191669659e+01
1.188037366959246910e+01
1.188024800122400393e+01
1.188032480782822198e+01
1.188048220549786649e+01
1.188046845787641814e+01
1.188030728542056202e+01
1.188025955556721769e+01
1.188040305846706346e+01
1.188050715888095610e+01
1.188040420716123968e+01
1.188025954309515342e+01
1.188030524312625680e+01
1.188046641776528567e+01
1.188048191394899611e+01
1.188032501930797125e+01
1.188024660314866132e+01
1.188037120770716726e+01
1.188049658936087916e+01
1.188041954568359415e+01
1.188026326673914923e+01
1.188027899650924724e+01
1.188044142946389492e+01
1.188048946381698201e+01
1.188034667748495465e+01
1.188024434232243465e+01
1.188034886359126219e+01
1.188049366975465659e+01
1.188044735985825717e+01
1.188028625804214755e+01
1.188027137215391349e+01
1.188042792504195333e+01
1.188050464457641731e+01
1.188037838498627963e+01
1.188025242865462339e+01
1.188032909850117314e+01
1.188048394859766432e+01
1.188046625601706197e+01
1.188030290942373668e+01
1.188025521308929733e+01
1.188039816928628412e+01
1.188049981015132417e+01
1.188039490893771344e+01
1.188025118870471530e+01
1.188029928473864416e+01
1.188046135768952105e+01
1.188047648142292978e+01
1.188032086367729434e+01
1.188024612455738094e+01
1.188037398720357984e+01
1.188050014653592434e+01
1.188042319745271769e+01
1.188026888200580089e+01
1.188028745319506996e+01
1.188045051470666280e+01
1.188049664806786332e+01
1.188035235247952670e+01
1.188025036615691299e+01
1.188035481142165040e+01
1.188049688033450657e+01
1.188044674650983445e+01
1.188028377700445581e+01
1.188026880226654924e+01
1.188042415291603149e+01
1.188049781977759167e+01
1.188036944834071562e+01
1.188024429179664310e+01
1.188032274798817589e+01
1.188047769349610228e+01
1.188045927130731982e+01
1.188029731283084622e+01
1.188025328239859491e+01
1.188039913960538208e+01
1.188050137507601534e+01
1.188039698801731348e+01
1.188025588997578197e+01
1.188030713312719655e+01
1.188046988861288611e+01
1.188048350557523491e+01
1.188032719657781655e+01
1.188025343923302479e+01
1.188038130325297104e+01
1.188050466558445528e+01
1.188042419086608170e+01
1.188026841126654887e+01
1.188028679423802458e+01
1.188044806557916466e+01
1.188049069409988867e+01
1.188034422076066932e+01
1.188024285943559910e+01
1.188034840430445271e+01
1.188048975510110239e+01
1.188043855502340485e+01
1.188027701388786284e+01
1.188026552478650544e+01
1.188042327958242161e+01
1.188049731313865287e+01
1.188036983447773309e+01
1.188024783256143202e+01
1.188032959787634013e+01
1.188048524433749797e+01
1.188046577036961793e+01
1.188030396960719415e+01
1.188026151880872305e+01
1.188040746435402895e+01
1.188050697326596072e+01
1.188039952307267910e+01
1.188025744525125305e+01
1.188030842919435237e+01
1.188046890028571845e+01
1.188047872208848865e+01
1.188032027149552050e+01
1.188024694488313315e+01
1.188037517824925438e+01
1.188049703740398755e+01
1.188041519882056818e+01
1.188026081831179148e+01
1.188028234665382143e+01
1.188044540665503490e+01
1.188048813838287288e+01
1.188034287905165165e+01
1.188024505513079454e+01
1.188035391853630784e+01
1.188049594893652916e+01
1.188044418920574508e+01
1.188028364505013101e+01
1.188027426851347279e+01
1.188043220075569550e+01
1.188050370297789016e+01
1.188037376721443295e+01
1.188025132978883569e+01
1.188033279592093017e+01
1.188048577832818253e+01
1.188046239409401927e+01
1.188029859113185260e+01
1.188025636957632614e+01
1.188040194622045220e+01
1.188049923319412216e+01
1.188039017726209678e+01
1.188024940409968266e+01
1.188030304953994332e+01
1.188046460249266545e+01
1.188047424072390612e+01
1.188031725535626215e+01
1.188024768305043288e+01
1.188037908961391409e+01
1.188050156473396868e+01
1.188041967060764570e+01
1.188026707664689319e+01
1.188029115880675057e+01
1.188045448016113959e+01
1.188049498958161365e+01
1.188034799501980388e+01
1.188025031485832983e+01
1.188035887000988211e+01
1.188049798628038545e+01
1.188044238191065993e+01
1.188028007486896875e+01
1.188027073121278221e+01
1.188042758374460384e+01
1.188049624603041465e+01
1.188036453233628542e+01
1.188024324718864833e+01
1.188032677052934361e+01
1.188048006913431465e+01
1.188045620594010998e+01
1.188029404081283680e+01
1.188025561593710044e+01
1.188040407030525891e+01
1.188050186689365084e+01
1.188039324644882733e+01
1.188025496257787594e+01
1.188031148917271373e+01
1.188047337523114244e+01
1.188048119770641087e+01
1.188032328115642500e+01
1.188025443918454194e+01
1.188038555681763597e+01
1.188050500623813832e+01
1.188041951141636332e+01
1.188026548588576148e+01
1.188028942112416075e+01
1.188045101271102411e+01
1.188048819429713987e+01
1.188033932987262631e+01
1.188024260154472955e+01
1.188035251832753936e+01
1.188049116235921510e+01
1.188043479111795264e+01
1.188027421128562011e+01
1.188026853120271831e+01
1.188042782719879753e+01
1.188049685217236551e+01
1.188036602849956402e+01
1.188024781619273540e+01
1.188033441735695028e+01
1.188048810225009966e+01
1.188046290637953817e+01
1.188030065819968684e+01
1.188026352860505241e+01
1.188041173743804002e+01
1.188050653801343692e+01
1.188039472882119263e+01
1.188025542414460212e+01
1.188031165012994350e+01
1.188047124658741360e+01
1.188047540635346522e+01
1.188031561517614954e+01
1.188024748879711900e+01
1.188037921491572746e+01
1.188049741871583365e+01
1.188041089288893914e+01
1.188025859986433552e+01
1.188028589684869729e+01
1.188044937675897650e+01
1.188048673858026127e+01
1.188033916175371552e+01
1.188024594442738469e+01
1.188035899432998832e+01
1.188049805352243027e+01
1.188044088447315794e+01
1.188028107325969529e+01
1.188027720336108217e+01
1.188043631577406423e+01
1.188050251226327525e+01
1.188036906179653585e+01
1.188025030183217901e+01
1.188033648177736445e+01
1.188048743179813371e+01
1.188045840707026102e+01
1.188029436977290132e+01
1.188025769780546526e+01
1.188040574094059743e+01
1.188049857498721096e+01
1.188038550976924768e+01
1.188024786159188650e+01
1.188030699310711213e+01
1.188046782592322970e+01
1.188047195598502626e+01
1.188031377642108311e+01
1.188024943471878814e+01
1.188038420347341884e+01
1.188050282218932630e+01
1.188041605810242807e+01
1.188026534818444624e+01
1.188029489404096495e+01
1.188045826467651267e+01
1.188049309387687735e+01
1.188034357699454979e+01
1.188025032642666545e+01
1.188036287163181015e+01
1.188049888362642292e+01
1.188043789636706649e+01
1.188027647103822559e+01
1.188027279407218728e+01
1.188043098283130661e+01
1.188049457923241015e+01
1.188035970022550813e+01
1.188024244572783594e+01
1.188033094213785823e+01
1.188048240915812137e+01
1.188045312800532116e+01
1.188029094050099843e+01
1.188025815090832715e+01
1.188040900238257080e+01
1.188050221853752042e+01
1.188038947146012703e+01
1.188025414506461885e+01
1.188031586547500851e+01
1.188047666911196742e+01
1.188047867536384494e+01
1.188031933568068688e+01
1.188025549213627308e+01
1.188038971106556119e+01
1.188050511520538066e+01
1.188041472062715798e+01
1.188026265629193645e+01
1.188029213847921461e+01
1.188045387959845911e+01
1.188048559296142592e+01
1.188033453831546993e+01
1.188024257681690976e+01
1.188035674459524849e+01
1.188049252039369108e+01
1.188043104586233234e+01
1.188027161484846772e+01
1.188027173831706484e+01
1.188043236564005767e+01
1.188049627725371771e+01
1.188036224281420772e+01
1.188024793847633021e+01
1.188033924749449355e+01
1.188049076444553620e+01
1.188045986045927727e+01
1.188029734935875226e+01
1.188026558015531009e+01
1.188041587379554187e+01
1.188050585839008910e+01
1.188038983809492422e+01
1.188025349272456843e+01
1.188031491446364818e+01
1.188047346734696319e+01
1.188047198442714780e+01
1.188031106886039190e+01
1.188024824541437319e+01
1.188038332151427667e+01
1.188049773841577306e+01
1.188040663519686468e+01
1.188025661259713317e+01
1.188028963786329761e+01
1.188045332690952094e+01
1.188048525543387690e+01
1.188033551753152395e+01
1.188024699555544395e+01
1.188036407116683080e+01
1.188049996817451515e+01
1.188043743864880142e+01
1.188027853733059480e+01
1.188028016782242169e+01
1.188044026325543356e+01
1.188050107557109669e+01
1.188036427956806484e+01
1.188024935428988194e+01
1.188034016245489077e+01
1.188048891969470411e+01
1.188045431341032376e+01
1.188029026408744393e+01
1.188025920884199138e+01
1.188040955968092049e+01
1.188049784455638758e+01
1.188038091719815093e+01
1.188024656469089280e+01
1.188031110875976637e+01
1.188047101871666023e+01
1.188046962148191810e+01
1.188031042004728910e+01
1.188025136464157328e+01
1.188038930892384926e+01
1.188050390379774335e+01
1.188041235176559951e+01
1.188026368807321020e+01
1.188029864635498711e+01
1.188046185878341099e+01
1.188049096181610409e+01
1.188033910589697761e+01
1.188025040646286357e+01
1.188036682016309697e+01
1.188049958249610327e+01
1.188043330820497268e+01
1.188027298355021877e+01
1.188027500185898155e+01
1.188043435847866469e+01
1.188049283187525162e+01
1.188035496569397864e+01
1.188024189307219380e+01
1.188033525896966047e+01
1.188048470832672088e+01
1.188045003534035260e+01
1.188028800670164209e+01
1.188026087289054900e+01
1.188041391690627435e+01
1.188050241590805101e+01
1.188038565417702230e+01
1.188025342612998259e+01
1.188032024640985895e+01
1.188047975859791272e+01
1.188047593712261829e+01
1.188031536398547239e+01
1.188025659950880808e+01
1.188039376711578043e+01
1.188050500149988409e+01
1.188040983577690568e+01
1.188025993892381038e+01
1.188029495667894686e+01
1.188045667615999257e+01
1.188048290544216457e+01
1.188032986207838348e+01
1.188024279276741169e+01
1.188036108223168519e+01
1.188049382821644251e+01
1.188042732080275421e+01
1.188026922133044572e+01
1.188027513293781645e+01
1.188043687783014590e+01
1.188049557600659689e+01
1.188035846833148135e+01
1.188024818592134757e+01
1.188034407033016926e+01
1.188049321764794364e+01
1.188045662901708432e+01
1.188029404312499970e+01
1.188026767061661104e+01
1.188041987167051872e+01
1.188050494181626071e+01
1.188038486627885959e+01
1.188025166501831542e+01
1.188031823137988852e+01
1.188047557357087847e+01
1.188046847376478965e+01
