1.188024147592623514e+01
1.188032648146300296e+01
1.188033067277939026e+01
1.188024462923290869e+01
1.188032417463100288e+01
1.188032984199443831e+01
1.188024284522824914e+01
1.188032358229708230e+01
1.188033511689194910e+01
1.188024330168654252e+01
1.188031809282483664e+01
1.188033514922670619e+01
1.188024547678823950e+01
1.188031872715792048e+01
1.188033738755496316e+01
1.188024304535259112e+01
1.188031405953751474e+01
1.188034096059539912e+01
1.188024689289483149e+01
1.188031181433545136e+01
1.188033983382211112e+01
1.188024550497815213e+01
1.188031078139632868e+01
1.188034475024068826e+01
1.188024685587714657e+01
1.188030523742861533e+01
1.188034412327570344e+01
1.188024938424243260e+01
1.188030578963893014e+01
1.188034618039120538e+01
1.188024766698710977e+01
1.188030080339066785e+01
1.188034901604913962e+01
1.188025214618423497e+01
1.188029876014871533e+01
1.188034751519711207e+01
1.188025112696180585e+01
1.188029741879924295e+01
1.188035195222125218e+01
1.188025331784418803e+01
1.188029198884707860e+01
1.188035059301386198e+01
1.188025613024653104e+01
1.188029258055262538e+01
1.188035237978851377e+01
1.188025508569457855e+01
1.188028744110923007e+01
1.188035438780604913e+01
1.188026010131036081e+01
1.188028574245448787e+01
1.188035246165655323e+01
1.188025939333767056e+01
1.188028422977932230e+01
1.188035632687497412e+01
1.188026233662249531e+01
1.188027908253276799e+01
1.188035419372392276e+01
1.188026533572367960e+01
1.188027983471134696e+01
1.188035564935433541e+01
1.188026489197856250e+01
1.188027470696206578e+01
1.188035677280090674e+01
1.188027032020199769e+01
1.188027348968627805e+01
1.188035440089551109e+01
1.188026984005806064e+01
1.188027193957317884e+01
1.188035763432212200e+01
1.188027341962884087e+01
1.188026723558799347e+01
1.188035471999282855e+01
1.188027648491487120e+01
1.188026826067134678e+01
1.188035581507051397e+01
1.188027654465895644e+01
1.188026330076283443e+01
1.188035603307281463e+01
1.188028223875947553e+01
1.188026268790971152e+01
1.188035322784136305e+01
1.188028188262869023e+01
1.188026122323915956e+01
1.188035580403385083e+01
1.188028595989968750e+01
1.188025710701536575e+01
1.188035213713963323e+01
1.188028895400132079e+01
1.188025850145404760e+01
1.188035287487966052e+01
1.188028940084131158e+01
1.188025384913901306e+01
1.188035220345493315e+01
1.188029519809446555e+01
1.188025394275220314e+01
1.188034901045718783e+01
1.188029484853927364e+01
1.188025266829924931e+01
1.188035093872516512e+01
1.188029926966677152e+01
1.188024926118285940e+01
1.188034658318020576e+01
1.188030204571713710e+01
1.188025109890322284e+01
1.188034699874351041e+01
1.188030275151738024e+01
1.188024687085308706e+01
1.188034548969245563e+01
1.188030848102673609e+01
1.188024774579001352e+01
1.188034198595285851e+01
1.188030801456775443e+01
1.188024674223386867e+01
1.188034330865339427e+01
1.188031261841042863e+01
1.188024413652798472e+01
1.188033836121972087e+01
1.188031502803410788e+01
1.188024646365326120e+01
1.188033851917041162e+01
1.188031586082455426e+01
1.188024274809707137e+01
1.188033625709282148e+01
1.188032135181569515e+01
1.188024444725546047e+01
1.188033254761387170e+01
1.188032064689094547e+01
1.188024376663033443e+01
1.188033333663815050e+01
1.188032527328269339e+01
1.188024202123529705e+01
1.188032792269404680e+01
1.188032717477465638e+01
1.188024485237253636e+01
1.188032791273726119e+01
1.188032800678900358e+01
1.188024170535052448e+01
1.188032501033663202e+01
1.188033309692530892e+01
1.188024423657712170e+01
1.188032122297797244e+01
1.188033204177870950e+01
1.188024389941693926e+01
1.188032157463282168e+01
1.188033653966072301e+01
1.188024303723521946e+01
1.188031584238835592e+01
1.188033780590226129e+01
1.188024635354289771e+01
1.188031577363011948e+01
1.188033852129522572e+01
1.188024379697331767e+01
1.188031236556751402e+01
1.188034306456359168e+01
1.188024713183159520e+01
1.188030864456908731e+01
1.188034156461663216e+01
1.188024712616663869e+01
1.188030867314579275e+01
1.188034579958395653e+01
1.188024713341096827e+01
1.188030278661691774e+01
1.188034632525646295e+01
1.188025088256318540e+01
1.188030278067007828e+01
1.188034682706765111e+01
1.188024890422038204e+01
1.188029901630699747e+01
1.188035070080580979e+01
1.188025297869178587e+01
1.188029551481028356e+01
1.188034868509478414e+01
1.188025326095175416e+01
1.188029534520572383e+01
1.188035254594562673e+01
1.188025408839035890e+01
1.188028947632696131e+01
1.188035225364108882e+01
1.188025818644804943e+01
1.188028965965177974e+01
1.188035246961540281e+01
1.188025674184357428e+01
1.188028569508263743e+01
1.188035558029982752e+01
1.188026145893035235e+01
1.188028256706042107e+01
1.188035300661246296e+01
1.188026195670198781e+01
1.188028232686741070e+01
1.188035641054444014e+01
1.188026352276805042e+01
1.188027664717085230e+01
1.188035525543203086e+01
1.188026785786165540e+01
1.188027714308179839e+01
1.188035514237052226e+01
1.188026687391473502e+01
1.188027313289507880e+01
1.188035742985199938e+01
1.188027210800749245e+01
1.188027052493358227e+01
1.188035428826965756e+01
1.188027272449119920e+01
1.188027033644651809e+01
1.188035718444256794e+01
1.188027492008141728e+01
1.188026500875872671e+01
1.188035515722962465e+01
1.188027935770846000e+01
1.188026592954810745e+01
1.188035470362720858e+01
1.188027873799306100e+01
1.188026201876956023e+01
1.188035614358676995e+01
1.188028434076899842e+01
1.188026006215577191e+01
1.188035245822638153e+01
1.188028496068404927e+01
1.188026003474183590e+01
1.188035482950210309e+01
1.188028765537809051e+01
1.188025520534931978e+01
1.188035195752184947e+01
1.188029204502926817e+01
1.188025664497227396e+01
1.188035118434366488e+01
1.188029167629752436e+01
1.188025296163258027e+01
1.188035178883963106e+01
1.188029748383086215e+01
1.188025176518361903e+01
1.188034761768973979e+01
1.188029798043769247e+01
1.188025198844885999e+01
1.188034948046120576e+01
1.188030102979273295e+01
1.188024778015691396e+01
1.188034582682242579e+01
1.188030521254578531e+01
1.188024980789166563e+01
1.188034478637486302e+01
1.188030497215714654e+01
1.188024645662574130e+01
1.188034460245688706e+01
1.188031081285642721e+01
1.188024610065665243e+01
1.188034003530762206e+01
1.188031105570195756e+01
1.188024663879176757e+01
1.188034143743514015e+01
1.188031430921750520e+01
1.188024314525220859e+01
1.188033709827571371e+01
1.188031812588387659e+01
1.188024580069571101e+01
1.188033587123434032e+01
1.188031788971933977e+01
1.188024285772285360e+01
1.188033497770691582e+01
1.188032359266081706e+01
1.188024338948710934e+01
1.188033013227973456e+01
1.188032345561191505e+01
1.188024427711159348e+01
1.188033114925792688e+01
1.188032676492400341e+01
1.188024155872470189e+01
1.188032624924864855e+01
1.188033006430211458e+01
1.188024484841013084e+01
1.188032494000832173e+01
1.188032971471616328e+01
1.188024235816710750e+01
1.188032344252789230e+01
1.188033511792071550e+01
1.188024378902326816e+01
1.188031845901093853e+01
1.188033448703435013e+01
1.188024502876296751e+01
1.188031918858794711e+01
1.188033771388620963e+01
1.188024311037224123e+01
1.188031387492922342e+01
1.188034036066835597e+01
1.188024700620504071e+01
1.188031260553537827e+01
1.188033979402973728e+01
1.188024497981193583e+01
1.188031063031701606e+01
1.188034475223399333e+01
1.188024728427515164e+01
1.188030566460062154e+01
1.188034353302112223e+01
1.188024884621138355e+01
1.188030622015701177e+01
1.188034655657069116e+01
1.188024771671058311e+01
1.188030065539411240e+01
1.188034843846909006e+01
1.188025215631917852e+01
1.188029955839366991e+01
1.188034757186456680e+01
1.188025057195573275e+01
1.188029724487942396e+01
1.188035196336512023e+01
1.188025368868915344e+01
1.188029246085867463e+01
1.188035008703835693e+01
1.188025551171312344e+01
1.188029296392236489e+01
1.188035281010048649e+01
1.188025512557966934e+01
1.188028731796968884e+01
1.188035384380057025e+01
1.188026001457091319e+01
1.188028652858075773e+01
1.188035262052272323e+01
1.188025881973471698e+01
1.188028402147861584e+01
1.188035635272351165e+01
1.188026265442912788e+01
1.188027958284220276e+01
1.188035378107447215e+01
1.188026464942895544e+01
1.188028015516349711e+01
1.188035613495554443e+01
1.188026493009157392e+01
1.188027459697181776e+01
1.188035627056862964e+01
1.188027014609528287e+01
1.188027424500976892e+01
1.188035466407669105e+01
1.188026926160845775e+01
1.188027168614617501e+01
1.188035767744157134e+01
1.188027369159473956e+01
1.188026774809963726e+01
1.188035440606937243e+01
1.188027574630005923e+01
1.188026850373482546e+01
1.188035635373073440e+01
1.188027659114736068e+01
1.188026319305475376e+01
1.188035557750063553e+01
1.188028198943526093e+01
1.188026339506655304e+01
1.188035359362854315e+01
1.188028131496896123e+01
1.188026091550503516e+01
1.188035586382916264e+01
1.188028619531261221e+01
1.188025761688076543e+01
1.188035192353247638e+01
1.188028818052901414e+01
1.188025865473210807e+01
1.188035346091245614e+01
1.188028946727557766e+01
1.188025373442138211e+01
1.188035179602647062e+01
1.188029488765231001e+01
1.188025458646925792e+01
1.188034947331000168e+01
1.188029430845410239e+01
1.188025229933203342e+01
1.188035101145895567e+01
1.188029947919957685e+01
1.188024975551766182e+01
1.188034646770555725e+01
1.188030125608733378e+01
1.188025115275203270e+01
1.188034762313247228e+01
1.188030285013920206e+01
1.188024674204376474e+01
1.188034512859150738e+01
1.188030812473246556e+01
1.188024831354401911e+01
1.188034253669134799e+01
1.188030751917455063e+01
1.188024630793370306e+01
1.188034338765636022e+01
1.188031281334432165e+01
1.188024460500578527e+01
1.188033833815043749e+01
1.188031424133707681e+01
1.188024641172528106e+01
1.188033916988544192e+01
1.188031600374396746e+01
1.188024260082099204e+01
1.188033593749456962e+01
1.188032096527062720e+01
1.188024492978579438e+01
1.188033317379833775e+01
1.188032021279142647e+01
1.188024326614259074e+01
1.188033341269924748e+01
1.188032546470326523e+01
1.188024245652649036e+01
1.188032798317187044e+01
1.188032640962613407e+01
1.188024469199462096e+01
1.188032857522474828e+01
1.188032820517593358e+01
1.188024153827211471e+01
1.188032472486901625e+01
1.188033269523409530e+01
1.188024462822516547e+01
1.188032190945689059e+01
1.188033168422372121e+01
1.188024333537445365e+01
1.188032163654742313e+01
1.188033673767266762e+01
1.188024343526753590e+01
1.188031597499417025e+01
1.188033707960733487e+01
1.188024608590785469e+01
1.188031643145126282e+01
1.188033878461125070e+01
1.188024361194474920e+01
1.188031210491569567e+01
1.188034266154658880e+01
1.188024743068931599e+01
1.188030937416575838e+01
1.188034129672984562e+01
1.188024650474012489e+01
1.188030870839119935e+01
1.188034601258936007e+01
1.188024749343842679e+01
1.188030297806668045e+01
1.188034565304696599e+01
1.188025051272394528e+01
1.188030341625328390e+01
1.188034716238178135e+01
1.188024870623676499e+01
1.188029876992587042e+01
1.188035030829921190e+01
1.188025318655252960e+01
1.188029626911145442e+01
1.188034851719769946e+01
1.188025259170411729e+01
1.188029534070609472e+01
1.188035278002707607e+01
1.188025441286803741e+01
1.188028971225437047e+01
1.188035164802728083e+01
1.188025772311423189e+01
1.188029025511864845e+01
1.188035288104300768e+01
1.188025653880722743e+01
1.188028545197642138e+01
1.188035520758175778e+01
1.188026158104583274e+01
1.188028332726435821e+01
1.188035294568780920e+01
1.188026125225293050e+01
1.188028226980527435e+01
1.188035666898830556e+01
1.188026381704093204e+01
1.188027691295290467e+01
1.188035472570283524e+01
1.188026731300920069e+01
1.188027768110216087e+01
1.188035563066785905e+01
1.188026667622121479e+01
1.188027288241920232e+01
1.188035708322585826e+01
1.188027215266558301e+01
1.188027127271201699e+01
1.188035433759253046e+01
1.188027200000934691e+01
1.188027021507518377e+01
1.188035746742991705e+01
1.188027519190589310e+01
1.188026529033827039e+01
1.188035470912774727e+01
1.188027874602327039e+01
1.188026639417774355e+01
1.188035526596531710e+01
1.188027855796169874e+01
1.188026175140895901e+01
1.188035582614398500e+01
1.188028431871667401e+01
1.188026078048335243e+01
1.188035261718356317e+01
1.188028423323309646e+01
1.188025983915286510e+01
1.188035513398542165e+01
1.188028791430411779e+01
1.188025549000886372e+01
1.188035159311022682e+01
1.188029138321479294e+01
1.188025702242787496e+01
1.188035181427570386e+01
1.188029152747802719e+01
1.188025266971176741e+01
1.188035150041425680e+01
1.188029740757528430e+01
1.188025243909031659e+01
1.188034788179707135e+01
1.188029726821143939e+01
1.188025171125121027e+01
1.188034980023462239e+01
1.188030128644230032e+01
1.188024805720090527e+01
1.188034554454793579e+01
1.188030451853199665e+01
1.188025008722097198e+01
1.188034547400007668e+01
1.188030486855070222e+01
1.188024613490992643e+01
1.188034433977346538e+01
1.188031069588362953e+01
1.188024671786298825e+01
1.188034039642466766e+01
1.188031037718911875e+01
1.188024627566393576e+01
1.188034176339498060e+01
1.188031457450094663e+01
1.188024340656007460e+01
1.188033689322531750e+01
1.188031741798041985e+01
1.188024597430637286e+01
1.188033660355115728e+01
1.188031784495767518e+01
1.188024250387530500e+01
1.188033473471236512e+01
1.188032344861599654e+01
1.188024394088849434e+01
1.188033057901011702e+01
1.188032282873571432e+01
1.188024382719506633e+01
1.188033146983990385e+01
1.188032704923905847e+01
1.188024179914439671e+01
1.188032611358238455e+01
1.188032936034134046e+01
1.188024491242871150e+01
1.188032570143845845e+01
1.188032974124437402e+01
1.188024197303627894e+01
1.188032321088789622e+01
1.188033495979613008e+01
1.188024426899815467e+01
1.188031897726648367e+01
1.188033392831324520e+01
1.188024449487395628e+01
1.188031949035720203e+01
1.188033802634578606e+01
1.188024332793287030e+01
1.188031379846482594e+01
1.188033967718453532e+01
1.188024696064663210e+01
1.188031337859151826e+01
1.188033990233864401e+01
1.188024456753102420e+01
1.188031040004809569e+01
1.188034459160986245e+01
1.188024769080149134e+01
1.188030623829866350e+01
1.188034305679595626e+01
1.188024823485784864e+01
1.188030648851874993e+01
1.188034690430364115e+01
1.188024791264291835e+01
1.188030062630963890e+01
1.188034778995801943e+01
1.188025200505867751e+01
1.188030032445519701e+01
1.188034776981577068e+01
1.188025013984814748e+01
1.188029700508041664e+01
1.188035180974590332e+01
1.188025402326419666e+01
1.188029307271447266e+01
1.188034970480768315e+01
1.188025483291472639e+01
1.188029318391397915e+01
1.188035319766562026e+01
1.188025530414412678e+01
1.188028732358424655e+01
1.188035324209909938e+01
1.188025976511772264e+01
1.188028726873609919e+01
1.188035291280447758e+01
1.188025837802954854e+01
1.188028376111955353e+01
1.188035621300652700e+01
1.188026292179855226e+01
1.188028021521333955e+01
1.188035350097387877e+01
1.188026391634857859e+01
1.188028031228442671e+01
1.188035656390290384e+01
1.188026509822395838e+01
1.188027462456004280e+01
1.188035572438719356e+01
1.188026980918402487e+01
1.188027494092010983e+01
1.188035505182162943e+01
1.188026882298081333e+01
1.188027139486950112e+01
1.188035755554739659e+01
1.188027389930758559e+01
1.188026838383649597e+01
1.188035423252270384e+01
1.188027497470578098e+01
1.188026858476814240e+01
1.188035682233583223e+01
1.188027675794300286e+01
1.188026323064909562e+01
1.188035509213312935e+01
1.188028157845509547e+01
1.188026402980458407e+01
1.188035407421531175e+01
1.188028089392980569e+01
1.188026058439320565e+01
1.188035576051422026e+01
1.188028635312808667e+01
1.188025824013695164e+01
1.188035185709351360e+01
1.188028738811489404e+01
1.188025864851220526e+01
1.188035396409959965e+01
1.188028964334140625e+01
1.188025377155688567e+01
1.188035137325210400e+01
1.188029441794633101e+01
1.188025514528779958e+01
1.188035004036095366e+01
1.188029392062260925e+01
1.188025192159750176e+01
1.188035092432044237e+01
1.188029959838001659e+01
1.188025035247655836e+01
1.188034650509827728e+01
1.188030046168905862e+01
1.188025105083556632e+01
1.188034815259283405e+01
1.188030304685083216e+01
1.188024677040359656e+01
1.188034476677249707e+01
1.188030761280563574e+01
1.188024878453330224e+01
1.188034318026751102e+01
1.188030718047281553e+01
1.188024587949149335e+01
1.188034331132884169e+01
1.188031290587472455e+01
1.188024516448415824e+01
1.188033847250500585e+01
1.188031346408446964e+01
1.188024620892784178e+01
1.188033971438450820e+01
1.188031623245020718e+01
1.188024261474624765e+01
1.188033563186282038e+01
1.188032042794966259e+01
1.188024530438422488e+01
1.188033388078210351e+01
1.188031993860559687e+01
1.188024278603222150e+01
1.188033333923159240e+01
1.188032554248190387e+01
1.188024297042298905e+01
1.188032820444294480e+01
1.188032566807788193e+01
1.188024438676276517e+01
1.188032912108339367e+01
1.188032847639598266e+01
1.188024153510739112e+01
1.188032446798426278e+01
1.188033214882533173e+01
1.188024490155644486e+01
1.188032266410251658e+01
1.188033148857774357e+01
1.188024280600626881e+01
1.188032155593852757e+01
1.188033681171875777e+01
1.188024389883252141e+01
1.188031627053793571e+01
1.188033639091438509e+01
1.188024568050537155e+01
1.188031696317481511e+01
1.188033910727057929e+01
1.188024359220002424e+01
1.188031188726830223e+01
1.188034212103768716e+01
1.188024760170830696e+01
1.188031015878856955e+01
1.188034119151738111e+01
1.188024593195090617e+01
1.188030860925406351e+01
1.188034609231271865e+01
1.188024790535166630e+01
1.188030333334461197e+01
1.188034503218947791e+01
1.188025001322106533e+01
1.188030391727479618e+01
1.188034754313031094e+01
1.188024867355652248e+01
1.188029858064936484e+01
1.188034978664818908e+01
1.188025325799278065e+01
1.188029706487898629e+01
1.188034851151474491e+01
1.188025198461735954e+01
1.188029521102270003e+01
1.188035287260114536e+01
1.188025477512133143e+01
1.188029011162457671e+01
1.188035110716586829e+01
1.188025713917963344e+01
1.188029070861606762e+01
1.188035332369492991e+01
1.188025649974854048e+01
1.188028527962878655e+01
1.188035471513177121e+01
1.188026155917251359e+01
1.188028411504708259e+01
1.188035304530301595e+01
1.188026062295013752e+01
1.188028209772932442e+01
1.188035677886213115e+01
1.188026413463374453e+01
1.188027734050537632e+01
1.188035427367874419e+01
1.188026665751524646e+01
1.188027807084492515e+01
1.188035613579557115e+01
1.188026663985326969e+01
1.188027271578836519e+01
1.188035662727709685e+01
1.188027204684829741e+01
1.188027203394797304e+01
1.188035454458483287e+01
1.188027136302912190e+01
1.188026998973729320e+01
1.188035759600681374e+01
1.188027547237232895e+01
1.188026573072798087e+01
1.188035435113823368e+01
1.188027803448525077e+01
1.188026670535652940e+01
1.188035583067153489e+01
1.188027853530921618e+01
1.188026158029631674e+01
1.188035541070534329e+01
1.188028414084641327e+01
1.188026149801034137e+01
1.188035292976748103e+01
1.188028360492451974e+01
1.188025955142235190e+01
1.188035527948671977e+01
1.188028816709898017e+01
1.188025592924092066e+01
1.188035133057582726e+01
1.188029063309409494e+01
1.188025724242212533e+01
1.188035243215787773e+01
1.188029153083983758e+01
1.188025248564923864e+01
1.188035112614723943e+01
1.188029717135835384e+01
1.188025309790111450e+01
1.188034829434585760e+01
1.188029666597624256e+01
1.188025135441104929e+01
1.188034995775648106e+01
1.188030152222185443e+01
1.188024848332476324e+01
1.188034537517784983e+01
1.188030374844044168e+01
1.188025020626205830e+01
1.188034613531061368e+01
1.188030491073186035e+01
1.188024593176946198e+01
1.188034400413020109e+01
1.188031041605201743e+01
1.188024730574318610e+01
1.188034089969064055e+01
1.188030981865358271e+01
1.188024584596017341e+01
1.188034192515547005e+01
1.188031480433969200e+01
1.188024381023495835e+01
1.188033681127608254e+01
1.188031664682859656e+01
1.188024598599996473e+01
1.188033729554609153e+01
1.188031793845824957e+01
1.188024227833612301e+01
1.188033443225868879e+01
1.188032314009819146e+01
1.188024444890320552e+01
1.188033116053056659e+01
1.188032233089701606e+01
1.188024332422884122e+01
1.188033162560281575e+01
1.188032728382746939e+01
1.188024217404541893e+01
1.188032611029450969e+01
1.188032860647665956e+01
1.188024481410750788e+01
1.188032640889674951e+01
1.188032989745072499e+01
1.188024172488275809e+01
1.188032293379221471e+01
1.188033463689436786e+01
1.188024469180209408e+01
1.188031962193366375e+01
1.188033350670668398e+01
1.188024392181296029e+01
1.188031962800922692e+01
1.188033827521493002e+01
1.188024367097610146e+01
1.188031386265226708e+01
1.188033895756536573e+01
1.188024675353398862e+01
1.188031408447764647e+01
1.188034013076287110e+01
1.188024429976402985e+01
1.188031013870746300e+01
1.188034426722944126e+01
1.188024802675670166e+01
1.188030692906304431e+01
1.188034272472830288e+01
1.188024759845404965e+01
1.188030659476793360e+01
1.188034717512103100e+01
1.188024822401805558e+01
1.188030074506865574e+01
1.188034711940807853e+01
1.188025169423390537e+01
1.188030101068976840e+01
1.188034807742655374e+01
1.188024985860273830e+01
1.188029674884760212e+01
1.188035149471902940e+01
1.188025427436028281e+01
1.188029379138346009e+01
1.188034947269841624e+01
1.188025414332583196e+01
1.188029324507051498e+01
1.188035349564277610e+01
1.188025558715391305e+01
1.188028748308160232e+01
1.188035263268201369e+01
1.188025935928470744e+01
1.188028791703310105e+01
1.188035330348742491e+01
1.188025809230297014e+01
1.188028349908937464e+01
1.188035591554785775e+01
1.188026309338121500e+01
1.188028094330227447e+01
1.188035337584019580e+01
1.188026318677161441e+01
1.188028031508025784e+01
1.188035689134864725e+01
1.188026535894051072e+01
1.188027481085637937e+01
1.188035518493424547e+01
1.188026932025563021e+01
1.188027553364573308e+01
1.188035552600027067e+01
1.188026854418535017e+01
1.188027111667924807e+01
1.188035728087102960e+01
1.188027399963172925e+01
1.188026910342602527e+01
1.188035421763637700e+01
1.188027422084153351e+01
1.188026851716941223e+01
1.188035717838136485e+01
1.188027700470132331e+01
1.188026343051131128e+01
1.188035462794894137e+01
1.188028102097584160e+01
1.188026455081121213e+01
1.188035462865501657e+01
1.188028063529486289e+01
1.188026028099129050e+01
1.188035551063277317e+01
1.188028639276146059e+01
1.188025893469055916e+01
1.188035195182821901e+01
1.188028662749133701e+01
1.188025850047900533e+01
1.188035434461172812e+01
1.188028988609947234e+01
1.188025397321432308e+01
1.188035098601293349e+01
1.188029380838464810e+01
1.188025558067811005e+01
1.188035066816798491e+01
1.188029369647887279e+01
1.188025158593623232e+01
1.188035069803666133e+01
1.188029958949150178e+01
1.188025100757434060e+01
1.188034670497568257e+01
1.188029971287979869e+01
1.188025081498609303e+01
1.188034855028118564e+01
1.188030329645313365e+01
1.188024696420578152e+01
1.188034445462138500e+01
1.188030696875418712e+01
1.188024912331312066e+01
1.188034387108464962e+01
1.188030700545803597e+01
1.188024550710408889e+01
1.188034310441945429e+01
1.188031286144773979e+01
1.188024576843359625e+01
1.188033876943691425e+01
1.188031274586398212e+01
1.188024588106937252e+01
1.188034011909777021e+01
1.188031649983695104e+01
1.188024279368584857e+01
1.188033538969474812e+01
1.188031976727713790e+01
1.188024553896893742e+01
1.188033462117148709e+01
1.188031982683601129e+01
1.188024237546060569e+01
1.188033314481219449e+01
1.188032547549729223e+01
1.188024351471435480e+01
1.188032858715617657e+01
1.188032499855888879e+01
1.188024396625909240e+01
1.188032952027894495e+01
1.188032877180333458e+01
1.188024169517939477e+01
1.188032428790423012e+01
1.188033148882567858e+01
1.188024502810368332e+01
1.188032343809593883e+01
1.188033145283118230e+01
1.188024235905454873e+01
1.188032136498839364e+01
1.188033673435328730e+01
1.188024437841521319e+01
1.188031672515854886e+01
1.188033578671385015e+01
1.188024517045917250e+01
1.188031734253655003e+01
1.188033943946769178e+01
1.188024373257750277e+01
1.188031175919541838e+01
1.188034147762291681e+01
1.188024762025915670e+01
1.188031094857630166e+01
1.188034124247362655e+01
1.188024545374912933e+01
1.188030841127061699e+01
1.188034601519819944e+01
1.188024831871767795e+01
1.188030384410942020e+01
1.188034450766803474e+01
1.188024942046010857e+01
1.188030426144540819e+01
1.188034791873701934e+01
1.188024879657362831e+01
1.188029849303232766e+01
1.188034917362817922e+01
1.188025317241428169e+01
1.188029785160041740e+01
1.188034865709558652e+01
1.188025148349072957e+01
1.188029499476814088e+01
1.188035280418570494e+01
1.188025512419275742e+01
1.188029066168096293e+01
1.188035067378165088e+01
1.188025647404619001e+01
1.188029100200378707e+01
1.188035374661939336e+01
1.188025661069211836e+01
1.188028522023179079e+01
1.188035414361982944e+01
1.188026137690504314e+01
1.188028487964096769e+01
1.188035329014916464e+01
1.188026011009972294e+01
1.188028185202689535e+01
1.188035672490949679e+01
1.188026442446211561e+01
1.188027791275568745e+01
1.188035393949018292e+01
1.188026593346916293e+01
1.188027829846028993e+01
1.188035660682457006e+01
1.188026674657528226e+01
1.188027267250273589e+01
1.188035610525278507e+01
1.188027177847214233e+01
1.188027275801668026e+01
1.188035488969932452e+01
1.188027085204067035e+01
1.188026970427153906e+01
1.188035755926149051e+01
1.188027571066795041e+01
1.188026630867236477e+01
1.188035412048233574e+01
1.188027726754126157e+01
1.188026685363310264e+01
1.188035634723763323e+01
1.188027864768219111e+01
1.188026154193195261e+01
1.188035494275749571e+01
1.188028379949174429e+01
1.188026216465169327e+01
1.188035337234606459e+01
1.188028311113151148e+01
1.188025921749775904e+01
1.188035525952384042e+01
1.188028836361787022e+01
1.188025649777275206e+01
1.188035120393883837e+01
1.188028984112306574e+01
1.188025729997571389e+01
1.188035298829780828e+01
1.188029166008641901e+01
1.188025244266093416e+01
1.188035071340986271e+01
1.188029677199122958e+01
1.188025369246320828e+01
1.188034882780470980e+01
1.188029620571166944e+01
1.188025096562548377e+01
1.188034995102456293e+01
1.188030168804564290e+01
1.188024902943551098e+01
1.188034534926451258e+01
1.188030295037188466e+01
1.188025016454634653e+01
1.188034672181865581e+01
1.188030506866648217e+01
1.188024587687709577e+01
1.188034364441340429e+01
1.188030997467597771e+01
1.188024781646183214e+01
1.188034151389082105e+01
1.188030940843103167e+01
1.188024539875434016e+01
1.188034192520957433e+01
1.188031495108988267e+01
1.188024432359042848e+01
1.188033687927295290e+01
1.188031586179704568e+01
1.188024583982201321e+01
1.188033790031527026e+01
1.188031813668413150e+01
1.188024220700363287e+01
1.188033412036587677e+01
1.188032267291536570e+01
1.188024486738797414e+01
1.188033184218793004e+01
1.188032198656582139e+01
1.188024281827976658e+01
1.188033162351494454e+01
1.188032742285883891e+01
1.188024264740263192e+01
1.188032626231211708e+01
1.188032785295767901e+01
1.188024456197427092e+01
1.188032701743033748e+01
1.188033014655777464e+01
1.188024163562874946e+01
1.188032266200437270e+01
1.188033415947221982e+01
1.188024501334539806e+01
1.188032035519262664e+01
1.188033324262738333e+01
1.188024336024820826e+01
1.188031961293273575e+01
1.188033841683410152e+01
1.188024410041889745e+01
1.188031408632109276e+01
1.188033825254761311e+01
1.188024639781016489e+01
1.188031468054378692e+01
1.188034043957223318e+01
1.188024419428633749e+01
1.188030989740625998e+01
1.188034379371880789e+01
1.188024825044996291e+01
1.188030769620370819e+01
1.188034255301369235e+01
1.188024698787316424e+01
1.188030655462420881e+01
1.188034732787469849e+01
1.188024860899963642e+01
1.188030102625552686e+01
1.188034647764566998e+01
1.188025124110176911e+01
1.188030157708419310e+01
1.188034845232494696e+01
1.188024974170970438e+01
1.188029652724120666e+01
1.188035103716614671e+01
1.188025440301192504e+01
1.188029457362427443e+01
1.188034940256198624e+01
1.188025349362641414e+01
1.188029316731920559e+01
1.188035366571603113e+01
1.188025593034541139e+01
1.188028780668658335e+01
1.188035206606715377e+01
1.188025881850747290e+01
1.188028843640867827e+01
1.188035374788954357e+01
1.188025797165505004e+01
1.188028328599928152e+01
1.188035548333774827e+01
1.188026313324205141e+01
1.188028172165511265e+01
1.188035341308784965e+01
1.188026251078806084e+01
1.188028018752952164e+01
1.188035708210787078e+01
1.188026566589534205e+01
1.188027516164583908e+01
1.188035470202343902e+01
1.188026870475658825e+01
1.188027598936390561e+01
1.188035603997048995e+01
1.188026842986134568e+01
1.188027090134301744e+01
1.188035688033222925e+01
1.188027395994386737e+01
1.188026985955776738e+01
1.188035436432964964e+01
1.188027353381504092e+01
1.188026832878049888e+01
1.188035739008779679e+01
1.188027728335540267e+01
1.188026379394111665e+01
1.188035423366747878e+01
1.188028034625568985e+01
1.188026492776899801e+01
1.188035520871081729e+01
1.188028053920678495e+01
1.188026005383531647e+01
1.188035514482428923e+01
1.188028628515657559e+01
1.188025965174494836e+01
1.188035220613773468e+01
1.188028594639909841e+01
1.188025824211947246e+01
1.188035457432241415e+01
1.188029014613652201e+01
1.188025433619760918e+01
1.188035068155278395e+01
1.188029309180820370e+01
1.188025586606555350e+01
1.188035130727750577e+01
1.188029363166821462e+01
1.188025133927433075e+01
1.188035036672795464e+01
1.188029942727250976e+01
1.188025167091004697e+01
1.188034706123322159e+01
1.188029905565922384e+01
1.188025048008891815e+01
1.188034879194342786e+01
1.188030354857173698e+01
1.188024731578309456e+01
1.188034423753669344e+01
1.188030622874486042e+01
1.188024930725989314e+01
1.188034455886001872e+01
1.188030698531266793e+01
1.188024523572184066e+01
1.188034280426332145e+01
1.188031265879422804e+01
1.188024636623917729e+01
1.188033921838363227e+01
1.188031213057360169e+01
1.188024546616017396e+01
1.188034036383238856e+01
1.188031675496153916e+01
1.188024312556096085e+01
1.188033525418847880e+01
1.188031902246263449e+01
1.188024561504477816e+01
1.188033534424873494e+01
1.188031986427163922e+01
1.188024207705188040e+01
1.188033286969979940e+01
1.188032524663920064e+01
1.188024403846754495e+01
1.188032911637366595e+01
1.188032444252125330e+01
1.188024347132098235e+01
1.188032975683706383e+01
1.188032904028435333e+01
1.188024200209166104e+01
1.188032422528883458e+01
1.188033075718089115e+01
1.188024499364522590e+01
1.188032418068202389e+01
1.188033155948330588e+01
1.188024203448486560e+01
1.188032110656537732e+01
1.188033649275891612e+01
1.188024482316263608e+01
1.188031731965955728e+01
1.188033530568681861e+01
1.188024459911371444e+01
1.188031755790486699e+01
1.188033973031674329e+01
1.188024401249077755e+01
1.188031175850094989e+01
1.188034077565612812e+01
1.188024747650539048e+01
1.188031169313434177e+01
1.188034142794551506e+01
1.188024510713013093e+01
1.188030815958438424e+01
1.188034577282175164e+01
1.188024868316098726e+01
1.188030448705621289e+01
1.188034411508928656e+01
1.188024877995288442e+01
1.188030444156657950e+01
1.188034823894091829e+01
1.188024905067210391e+01
1.188029854172728328e+01
1.188034851565432248e+01
1.188025292444312520e+01
1.188029857963677749e+01
1.188034892830475897e+01
1.188025112206075562e+01
1.188029473900896349e+01
1.188035257081605067e+01
1.188025541057793788e+01
1.188029133519240155e+01
1.188035038012742994e+01
1.188025577503634622e+01
1.188029113257197089e+01
1.188035410057253571e+01
1.188025684318424346e+01
1.188028530501590296e+01
1.188035354115949183e+01
1.188026103337458039e+01
1.188028557255190876e+01
1.188035365080957817e+01
1.188025974391622519e+01
1.188028158132029866e+01
1.188035650765617213e+01
1.188026463827946699e+01
1.188027859875930048e+01
1.188035375178298203e+01
1.188026518963308042e+01
1.188027836574771712e+01
1.188035699591254257e+01
1.188026696431761131e+01
1.188027278012694588e+01
1.188035556658887515e+01
1.188027135118065125e+01
1.188027339794911086e+01
1.188035533996893278e+01
1.188027049350074726e+01
1.188026940847659851e+01
1.188035736220622418e+01
1.188027586018078807e+01
1.188026698975527395e+01
1.188035404197411182e+01
1.188027649501080951e+01
1.188026684530152721e+01
1.188035676959641052e+01
1.188027885964518049e+01
1.188026165999951367e+01
1.188035447267247235e+01
1.188028330278054767e+01
1.188026273533170141e+01
1.188035390866053476e+01
1.188028277434657731e+01
1.188025888796547491e+01
1.188035508355649839e+01
1.188028845924736920e+01
1.188025715798544368e+01
1.188035123398672788e+01
1.188028905778801558e+01
1.188025720582746203e+01
1.188035343876319061e+01
1.188029187669293130e+01
1.188025256036473465e+01
1.188035031311672718e+01
1.188029622202309454e+01
1.188025417994764155e+01
1.188034944290764017e+01
1.188029590577039230e+01
1.188025059587374699e+01
1.188034979387214563e+01
1.188030174164712705e+01
1.188024965500521191e+01
1.188034548340555396e+01
1.188030217508354980e+01
1.188024997717279874e+01
1.188034719206995504e+01
1.188030530104098048e+01
1.188024598563194800e+01
1.188034331168263691e+01
1.188030938862840102e+01
1.188024820977249085e+01
1.188034219706013950e+01
1.188030916059105735e+01
1.188024498502049298e+01
1.188034178165607280e+01
1.188031497516176849e+01
1.188024490350591478e+01
1.188033710949333255e+01
1.188031511351584513e+01
1.188024555511295333e+01
1.188033837920637481e+01
1.188031839585551275e+01
1.188024230093817657e+01
1.188033384983976859e+01
1.188032206813272396e+01
1.188024515899444111e+01
1.188033257964727696e+01
1.188032180541881999e+01
1.188024235991866817e+01
1.188033148579910225e+01
1.188032742972920275e+01
1.188024317383937145e+01
1.188032657749584686e+01
1.188032714989028982e+01
1.188024417945906031e+01
1.188032749149082790e+01
1.188033044266141580e+01
1.188024171190962797e+01
1.188032244567994766e+01
1.188033355262304624e+01
1.188024519947060398e+01
1.188032113068637230e+01
1.188033314128366413e+01
1.188024285995224183e+01
1.188031947130087573e+01
1.188033841787078515e+01
1.188024456898251380e+01
1.188031447285322351e+01
1.188033761132002653e+01
1.188024592081098874e+01
1.188031513462325961e+01
1.188034078109694391e+01
1.188024425325672162e+01
1.188030972525844930e+01
1.188034320000384447e+01
1.188024833118255152e+01
1.188030849170518444e+01
1.188034254235157761e+01
1.188024645170055216e+01
1.188030639800646604e+01
1.188034733276360022e+01
1.188024901877565576e+01
1.188030146874656445e+01
1.188034591255665795e+01
1.188025067668948154e+01
1.188030199510487606e+01
1.188034884544805081e+01
1.188024978683453803e+01
1.188029638795046772e+01
1.188035046962010455e+01
1.188025438221989383e+01
1.188029537013950332e+01
1.188034949058374679e+01
1.188025293083488521e+01
1.188029298409074919e+01
1.188035368184828755e+01
1.188025628375405063e+01
1.188028828877823884e+01
1.188035158846203032e+01
1.188025817726133582e+01
1.188028880218532457e+01
1.188035419593841802e+01
1.188025800927642806e+01
1.188028316774186877e+01
1.188035495226229443e+01
1.188026301829309972e+01
1.188028250007898379e+01
1.188035360441822696e+01
1.188026193348173010e+01
1.188027996631334204e+01
1.188035711411044026e+01
1.188026596836095905e+01
1.188027566685375191e+01
1.188035431982159906e+01
1.188026800034008801e+01
1.188027628744609565e+01
1.188035654304197841e+01
1.188026846877792053e+01
1.188027079259895658e+01
1.188035639289041967e+01
1.188027376124848189e+01
1.188027060153681802e+01
1.188035465988519057e+01
1.188027295642286596e+01
1.188026805924606499e+01
1.188035743952397283e+01
1.188027754281037751e+01
1.188026430648840304e+01
1.188035395106865977e+01
1.188027959483058815e+01
1.188026514425958702e+01
1.188035576347111011e+01
1.188028059010112081e+01
1.188025994416805631e+01
1.188035470481765010e+01
1.188028601555952157e+01
1.188026034050043123e+01
1.188035260298586593e+01
1.188028538501259668e+01
1.188025791573174672e+01
1.188035463957913329e+01
1.188029037238872831e+01
1.188025484179363644e+01
1.188035049893717954e+01
1.188029231131802455e+01
1.188025598937028349e+01
1.188035190695505250e+01
1.188029370641441318e+01
1.188025122003773326e+01
1.188034997456716013e+01
1.188029910132669897e+01
1.188025229197718424e+01
1.188034755264954256e+01
1.188029852726510249e+01
1.188025009076476124e+01
1.188034886831186299e+01
1.188030375257203275e+01
1.188024780230513677e+01
1.188034415156345247e+01
1.188030543810606510e+01
1.188024932872673034e+01
1.188034519343344186e+01
1.188030709620348446e+01
1.188024510065441852e+01
1.188034245713272874e+01
1.188031229195730454e+01
1.188024690808316208e+01
1.188033979410508501e+01
1.188031165222282404e+01
1.188024501079441819e+01
1.188034044377740805e+01
1.188031694801342120e+01
1.188024358360172883e+01
1.188033525808615920e+01
1.188031824070682951e+01
1.188024552945755907e+01
1.188033600082072994e+01
1.188032002320879421e+01
1.188024192272434831e+01
1.188033256190524511e+01
1.188032485443735631e+01
1.188024449294364260e+01
1.188032976303452060e+01
1.188032403047977326e+01
1.188024295015145881e+01
1.188032983044058710e+01
1.188032923324094625e+01
1.188024242534341290e+01
1.188032430932091543e+01
1.188033000259414784e+01
1.188024479954427370e+01
1.188032484401993472e+01
1.188033177717686861e+01
1.188024186057545961e+01
1.188032083004446804e+01
1.188033608996407509e+01
1.188024518579620725e+01
1.188031802138703164e+01
1.188033497461422883e+01
1.188024401590356582e+01
1.188031761345833104e+01
1.188033993281107925e+01
1.188024439794575571e+01
1.188031191057992686e+01
1.188034006496160622e+01
1.188024717631692795e+01
1.188031234634889621e+01
1.188034171316781773e+01
1.188024491651181158e+01
1.188030790454946661e+01
1.188034537268737623e+01
1.188024895323336594e+01
1.188030522619386531e+01
1.188034387729035757e+01
1.188024814197846979e+01
1.188030446627932690e+01
1.188034845869338874e+01
1.188024939862941487e+01
1.188029874814268183e+01
1.188034786328184822e+01
1.188025252441007140e+01
1.188029920496255443e+01
1.188034928724138872e+01
1.188025092069480415e+01
1.188029449468572984e+01
1.188035218441361707e+01
1.188025559101459727e+01
1.188029209311246781e+01
1.188035024491742675e+01
1.188025509287993842e+01
1.188029111335595367e+01
1.188035434281514569e+01
1.188025715706397811e+01
1.188028555123543839e+01
1.188035295864117380e+01
1.188026054329198899e+01
1.188028615218760109e+01
1.188035408654467417e+01
1.188025954055783728e+01
1.188028133673935649e+01
1.188035614334838641e+01
1.188026473534791450e+01
1.188027935672022650e+01
1.188035372500162978e+01
1.188026447679021658e+01
1.188027829003429581e+01
1.188035726296304873e+01
1.188026725029390818e+01
1.188027305162612635e+01
1.188035506211261705e+01
1.188027078394977032e+01
1.188027391491212192e+01
1.188035585213468615e+01
1.188027029923260613e+01
1.188026915327285948e+01
1.188035702528554438e+01
1.188027588301600623e+01
1.188026772975823775e+01
1.188035412567489857e+01
1.188027576733259139e+01
1.188026670184453693e+01
1.188035706060693464e+01
1.188027912611990367e+01
1.188026194307348860e+01
1.188035405081668650e+01
1.188028267380558312e+01
1.188026317428072609e+01
1.188035449327162496e+01
1.188028260196607455e+01
1.188025861313940723e+01
1.188035477606820223e+01
1.188028841923205725e+01
1.188025786358397262e+01
1.188035142631862939e+01
1.188028833278776908e+01
1.188025698544714892e+01
1.188035374965830471e+01
1.188029213364060332e+01
1.188025284287735239e+01
1.188034997477944721e+01
1.188029554848304414e+01
1.188025452792862247e+01
1.188035009239134610e+01
1.188029576906449414e+01
1.188025029447090120e+01
1.188034951463084710e+01
1.188030165168205166e+01
1.188025031202435855e+01
1.188034577869381003e+01
1.188030147114480073e+01
1.188024967339844729e+01
1.188034751567838221e+01
1.188030555926275156e+01
1.188024625766061604e+01
1.188034305420753256e+01
1.188030868866345102e+01
1.188024845684747355e+01
1.188034290048184971e+01
1.188030907353911836e+01
1.188024465269024965e+01
1.188034152645372465e+01
1.188031484886735711e+01
1.188024550063270368e+01
1.188033749851494392e+01
1.188031444904406975e+01
1.188024516468758485e+01
1.188033870557982574e+01
1.188031866618496402e+01
1.188024255527895789e+01
1.188033366733074736e+01
1.188032135998918015e+01
1.188024529871906587e+01
1.188033332312046220e+01
1.188032178136777262e+01
1.188024199531983882e+01
1.188033124779188476e+01
1.188032728062326981e+01
1.188024370305335431e+01
1.188032704793482708e+01
1.188032654245417596e+01
1.188024370267710950e+01
1.188032780839290226e+01
1.188033073516784022e+01
1.188024194441501358e+01
1.188032232948555134e+01
1.188033285380294579e+01
1.188024522919448422e+01
1.188032189794582116e+01
1.188033319214165218e+01
1.188024246498179792e+01
1.188031924155231600e+01
1.188033825856854264e+01
1.188024502580406860e+01
1.188031500991084144e+01
1.188033707682852658e+01
1.188024536166897249e+01
1.188031542816183617e+01
1.188034110433167356e+01
1.188024446298770798e+01
1.188030966459800908e+01
1.188034252646517075e+01
1.188024825215625491e+01
1.188030926481324734e+01
1.188034267784533071e+01
1.188024603153159298e+01
1.188030616615547075e+01
1.188034717424456588e+01
1.188024940231987614e+01
1.188030205587330279e+01
1.188034546451626561e+01
1.188025004284000907e+01
1.188030225047320876e+01
1.188034920577719333e+01
1.188024997601936583e+01
1.188029637064616395e+01
1.188034983507055742e+01
1.188025419950296069e+01
1.188029613028778364e+01
1.188034971762137992e+01
1.188025249376057246e+01
1.188029273910610328e+01
1.188035353283107298e+01
1.188025659658865862e+01
1.188028890848754671e+01
1.188035123735437004e+01
1.188025747977167335e+01
1.188028900447116598e+01
1.188035459700044960e+01
1.188025818307885118e+01
1.188028318101511260e+01
1.188035436758436347e+01
1.188026274046834452e+01
1.188028322844252038e+01
1.188035392659366707e+01
1.188026149057288272e+01
1.188027969729151678e+01
1.188035698057014145e+01
1.188026621617772172e+01
1.188027630157342429e+01
1.188035407263482313e+01
1.188026725326715471e+01
1.188027642246398763e+01
1.188035698536173079e+01
1.188026863488876650e+01
1.188027082388592781e+01
1.188035586572818403e+01
1.188027339995846354e+01
1.188027128013488998e+01
1.188035507715244421e+01
1.188027252101720421e+01
1.188026775620669717e+01
1.188035732437887404e+01
1.188027773392965436e+01
1.188026493940319028e+01
1.188035381100775290e+01
1.188027881463451685e+01
1.188026519936020975e+01
1.188035624425298664e+01
1.188028075817673823e+01
1.188025998190842891e+01
1.188035423934669765e+01
1.188028558489075692e+01
1.188026095301772855e+01
1.188035311152227536e+01
1.188028497206320111e+01
1.188025757036515095e+01
1.188035454256399959e+01
1.188029051712598516e+01
1.188025545763352753e+01
1.188035046532845840e+01
1.188029151614523649e+01
1.188025595418180558e+01
1.188035242006830394e+01
1.188029388739415459e+01
1.188025125439217433e+01
1.188034957145892001e+01
1.188029861707553003e+01
1.188025282450127662e+01
1.188034814491663482e+01
1.188029815258342659e+01
1.188024969708858514e+01
1.188034878604452871e+01
1.188030386250280124e+01
1.188024838803666583e+01
1.188034421995791945e+01
1.188030464698004529e+01
1.188024919578682947e+01
1.188034572959162816e+01
1.188030730154522985e+01
1.188024512411043077e+01
1.188034211371358673e+01
1.188031177081768064e+01
1.188024734971861562e+01
1.188034045910482206e+01
1.188031133165772246e+01
1.188024456568146903e+01
1.188034037001456866e+01
1.188031703517874327e+01
1.188024412898529469e+01
1.188033542055545055e+01
1.188031747266994742e+01
1.188024529470060031e+01
1.188033654794670468e+01
1.188032026408610875e+01
1.188024193055643352e+01
1.188033227250017987e+01
1.188032431315510173e+01
1.188024483627002148e+01
1.188033048674802217e+01
1.188032377907757997e+01
1.188024245369800269e+01
1.188032975650813228e+01
1.188032930933844611e+01
1.188024292332695175e+01
1.188032455492910877e+01
1.188032927584649912e+01
1.188024446261608347e+01
1.188032538777727432e+01
1.188033206368356431e+01
1.188024185113380504e+01
1.188032058648457934e+01
1.188033554450381324e+01
1.188024542714577336e+01
1.188031878737279357e+01
1.188033480580613421e+01
1.188024347161605832e+01
1.188031752883165204e+01
1.188034000841765092e+01
1.188024484487434762e+01
1.188031222600472780e+01
1.188033939604306255e+01
1.188024674069903242e+01
1.188031287081137854e+01
1.188034205357544337e+01
1.188024489132318706e+01
1.188030769681382992e+01
1.188034483745760639e+01
1.188024909277407737e+01
1.188030601631370864e+01
1.188034380215192698e+01
1.188024755676693722e+01
1.188030435928074269e+01
1.188034854256352268e+01
1.188024979426064753e+01
1.188029911841151254e+01
1.188034726634125704e+01
1.188025199734568815e+01
1.188029969338562708e+01
1.188034968735215813e+01
1.188025088437015775e+01
1.188029431164043004e+01
1.188035167159189776e+01
1.188025563263480500e+01
1.188029288834642472e+01
1.188035027154132095e+01
1.188025447685686231e+01
1.188029097192965011e+01
1.188035444129475593e+01
1.188025750438964501e+01
1.188028596053564101e+01
1.188035244483158692e+01
1.188025993551694626e+01
1.188028658783992952e+01
1.188035454917717537e+01
1.188025950051158119e+01
1.188028116693150693e+01
1.188035566234318274e+01
1.188026468634990174e+01
1.188028013802671801e+01
1.188035385801836519e+01
1.188026384288467874e+01
1.188027810255491623e+01
1.188035737955193838e+01
1.188026755517946853e+01
1.188027348414451190e+01
1.188035463914479806e+01
1.188027010924221649e+01
1.188027428192187251e+01
1.188035637677239542e+01
1.188027026522950358e+01
1.188026898573396828e+01
1.188035658236341874e+01
1.188027575363615895e+01
1.188026847893341120e+01
1.188035436594841165e+01
1.188027513073965125e+01
1.188026645791348734e+01
1.188035719569496429e+01
1.188027939678315192e+01
1.188026238381899269e+01
1.188035372269425594e+01
1.188028194837826490e+01
1.188026345845038989e+01
1.188035507589521167e+01
1.188028258552112604e+01
1.188025843815248095e+01
1.188035437416583839e+01
1.188028822201480494e+01
1.188025856407402259e+01
1.188035177083397365e+01
1.188028771028229613e+01
1.188025667663128893e+01
1.188035390045026674e+01
1.188029238000003041e+01
1.188025327844167478e+01
1.188034974172905223e+01
1.188029479025072810e+01
1.188025471747370787e+01
1.188035072550556315e+01
1.188029578272949394e+01
1.188025010425738692e+01
1.188034915336111297e+01
1.188030140074263485e+01
1.188025094964749684e+01
1.188034622064360946e+01
1.188030088029658238e+01
1.188024929386901363e+01
1.188034767631228128e+01
1.188030579219325134e+01
1.188024667687515645e+01
1.188034291280676769e+01
1.188030791642458794e+01
1.188024854301849231e+01
1.188034357333709679e+01
1.188030913011603928e+01
1.188024444197767338e+01
1.188034120230413926e+01
1.188031455908473788e+01
1.188024606417220852e+01
1.188033802758053348e+01
1.188031390737655002e+01
1.188024471172259666e+01
1.188033886743223633e+01
1.188031889672357089e+01
1.188024294973242689e+01
1.188033361082560546e+01
1.188032059256594763e+01
1.188024527627265847e+01
1.188033402211819833e+01
1.188032189309330455e+01
1.188024176175755287e+01
1.188033095450304799e+01
1.188032696680807021e+01
1.188024418469035304e+01
1.188032765074718533e+01
1.188032606659239576e+01
1.188024317699794175e+01
1.188032796055466633e+01
1.188033097371506130e+01
1.188024230880371235e+01
1.188032234827884714e+01
1.188033210918583116e+01
1.188024509668763429e+01
1.188032260720688171e+01
1.188033336988892330e+01
1.188024220938085840e+01
1.188031897065397224e+01
1.188033793465202237e+01
1.188024542136762207e+01
1.188031567066665239e+01
1.188033668168254131e+01
1.188024476759111003e+01
1.188031555805770267e+01
1.188034135989417450e+01
1.188024479528007760e+01
1.188030974688081010e+01
1.188034182100801672e+01
1.188024801204730174e+01
1.188030996687902885e+01
1.188034293038789713e+01
1.188024575791461679e+01
1.188030590762899052e+01
1.188034685253369460e+01
1.188024971134184149e+01
1.188030275707300731e+01
1.188034516254452022e+01
1.188024938822801957e+01
1.188030234459108847e+01
1.188034948529507240e+01
1.188025027742661344e+01
1.188029650313645469e+01
1.188034918277920049e+01
1.188025385805360123e+01
1.188029680691678003e+01
1.188035005100143060e+01
1.188025220921804959e+01
1.188029248213516453e+01
1.188035322337064414e+01
1.188025682216182588e+01
1.188028963175554864e+01
1.188035103794711667e+01
1.188025677579943107e+01
1.188028904916020778e+01
1.188035490479790823e+01
1.188025845783447032e+01
1.188028334976206324e+01
1.188035377953674043e+01
1.188026230745182943e+01
1.188028386145949966e+01
1.188035434363049703e+01
1.188026120493330318e+01
1.188027943105793938e+01
1.188035669064693778e+01
1.188026636462621966e+01
1.188027702851610456e+01
1.188035398165117407e+01
1.188026651399507116e+01
1.188027640475694824e+01
1.188035732275269751e+01
1.188026888985033480e+01
1.188027101509477390e+01
1.188035534965651330e+01
1.188027288818962290e+01
1.188027185228686378e+01
1.188035557711972778e+01
1.188027224634877044e+01
1.188026747068563971e+01
1.188035705819491739e+01
1.188027781431129171e+01
1.188026565245855615e+01
1.188035383049159854e+01
1.188027805642557766e+01
1.188026510777405065e+01
1.188035660932484205e+01
1.188028100227331940e+01
1.188026018273972717e+01
1.188035379940336789e+01
1.188028500960344402e+01
1.188026144879047941e+01
1.188035369001326202e+01
1.188028472203439456e+01
1.188025725707425906e+01
1.188035430109634127e+01
1.188029054059512291e+01
1.188025614086661719e+01
1.188035059341864930e+01
1.188029075695082071e+01
1.188025577945149003e+01
1.188035280765680213e+01
1.188029413095132902e+01
1.188025145369089408e+01
1.188034920817751150e+01
1.188029799518117535e+01
1.188025323085229168e+01
1.188034879390613519e+01
1.188029794171760756e+01
1.188024934974795066e+01
1.188034856709865927e+01
1.188030384157026020e+01
1.188024902783814696e+01
1.188034445099753178e+01
1.188030390553343274e+01
1.188024893149089323e+01
1.188034613144938412e+01
1.188030755552656359e+01
1.188024531302439790e+01
1.188034182416578055e+01
1.188031112008532730e+01
1.188024765668687266e+01
1.188034116720596600e+01
1.188031117452301189e+01
1.188024418074637900e+01
1.188034016846767749e+01
1.188031698291050731e+01
1.188024471463584852e+01
1.188033574539403148e+01
1.188031676763084477e+01
1.188024493774298129e+01
1.188033695309685633e+01
1.188032053929445553e+01
1.188024210300982020e+01
1.188033205063826969e+01
1.188032365135735624e+01
1.188024503742961535e+01
1.188033123965101545e+01
1.188032368945691175e+01
1.188024203073349483e+01
1.188032956472769719e+01
1.188032923853862677e+01
1.188024344739780247e+01
1.188032496140120209e+01
1.188032862494248931e+01
