1.188024147592623159e+01
1.188028114628862753e+01
1.188033654899324176e+01
1.188031885650844011e+01
1.188025645924390084e+01
1.188024944068369138e+01
1.188030909093093257e+01
1.188033980274744827e+01
1.188029238007701238e+01
1.188024292484974431e+01
1.188027080525435863e+01
1.188033138669323030e+01
1.188032760448425940e+01
1.188026560931827014e+01
1.188024490392406918e+01
1.188029878740058365e+01
1.188034095910350629e+01
1.188030390389216606e+01
1.188024715399638254e+01
1.188026182682866150e+01
1.188032451530517797e+01
1.188033482156463272e+01
1.188027634742078931e+01
1.188024298873146378e+01
1.188028837012706695e+01
1.188033985597311215e+01
1.188031502337337564e+01
1.188025382924323026e+01
1.188025453770098849e+01
1.188031615014149267e+01
1.188034000603385643e+01
1.188028798755654236e+01
1.188024364227623586e+01
1.188027821174239307e+01
1.188033639300195965e+01
1.188032501793215623e+01
1.188026245068597575e+01
1.188024914001835342e+01
1.188030654640656891e+01
1.188034272893288801e+01
1.188029977466346132e+01
1.188024666350277236e+01
1.188026865684834021e+01
1.188033057813681559e+01
1.188033321886636173e+01
1.188027242184279686e+01
1.188024574732865446e+01
1.188029603241284882e+01
1.188034270021309347e+01
1.188031096667477549e+01
1.188025175866332894e+01
1.188026005142982555e+01
1.188032257324393370e+01
1.188033908676308137e+01
1.188028312205290504e+01
1.188024442178982554e+01
1.188028503663884550e+01
1.188033982550410883e+01
1.188032091099233156e+01
1.188025859305072984e+01
1.188025276223585536e+01
1.188031272282158923e+01
1.188034227347608329e+01
1.188029396880219579e+01
1.188024519928589662e+01
1.188027409371681387e+01
1.188033423801377353e+01
1.188032910193931180e+01
1.188026682816613011e+01
1.188024717533876284e+01
1.188030155264554644e+01
1.188034265491322294e+01
1.188030445940839286e+01
1.188024809537369997e+01
1.188026382175585205e+01
1.188032629488547087e+01
1.188033520840944135e+01
1.188027613790414705e+01
1.188024367116454449e+01
1.188028973428084178e+01
1.188034032715103550e+01
1.188031418536995432e+01
1.188025309058167345e+01
1.188025487282188664e+01
1.188031653759116502e+01
1.188033906804193407e+01
1.188028620189459161e+01
1.188024257963565411e+01
1.188027802151973944e+01
1.188033556907176624e+01
1.188032281994698991e+01
1.188026009826108798e+01
1.188024786490619000e+01
1.188030562605024976e+01
1.188034065459137523e+01
1.188029668091098223e+01
1.188024412330579516e+01
1.188026717083447181e+01
1.188032878406313841e+01
1.188033008884062980e+01
1.188026892390416123e+01
1.188024330697441755e+01
1.188029426106473707e+01
1.188034003304796471e+01
1.188030718693774901e+01
1.188024836057302736e+01
1.188025785972878445e+01
1.188032043650543379e+01
1.188033573971181411e+01
1.188027923051449974e+01
1.188024153106377412e+01
1.188028310958654288e+01
1.188033731807312066e+01
1.188031726400612165e+01
1.188025514452294296e+01
1.188025061722521336e+01
1.188031099654195977e+01
1.188033952485191058e+01
1.188029052567144817e+01
1.188024264665568630e+01
1.188027274560595892e+01
1.188033264681106083e+01
1.188032639201166418e+01
1.188026411168409524e+01
1.188024577994981712e+01
1.188030090290294183e+01
1.188034120460799770e+01
1.188030217978493752e+01
1.188024652930314673e+01
1.188026361694817012e+01
1.188032617163409377e+01
1.188033401709698467e+01
1.188027470703252497e+01
1.188024348255305185e+01
1.188029054973704568e+01
1.188034057225556595e+01
1.188031347497422452e+01
1.188025284636769996e+01
1.188025604266438862e+01
1.188031807374052740e+01
1.188033960437102721e+01
1.188028624073647244e+01
1.188024368162278321e+01
1.188028029755454362e+01
1.188033749609229872e+01
1.188032367591118899e+01
1.188026111184236555e+01
1.188025023639699640e+01
1.188030859303063380e+01
1.188034270411275450e+01
1.188029796444856245e+01
1.188024620209733051e+01
1.188027050002515494e+01
1.188033196993861651e+01
1.188033211021905089e+01
1.188027075565688229e+01
1.188024634236898969e+01
1.188029806281582701e+01
1.188034301939050685e+01
1.188030915262442200e+01
1.188025079033352327e+01
1.188026153159832532e+01
1.188032415823479759e+01
1.188033824454123177e+01
1.188028119242280489e+01
1.188024446799798284e+01
1.188028693342338116e+01
1.188034046011653899e+01
1.188031917486620870e+01
1.188025715977236807e+01
1.188025380073157677e+01
1.188031441981104308e+01
1.188034174160894807e+01
1.188029187721847535e+01
1.188024470130223698e+01
1.188027577106220356e+01
1.188033516869686146e+01
1.188032754652110334e+01
1.188026501988815475e+01
1.188024773999358352e+01
1.188030329896341186e+01
1.188034248571784346e+01
1.188030233902295230e+01
1.188024710792334737e+01
1.188026522681195374e+01
1.188032750879767541e+01
1.188033394833471945e+01
1.188027408354022363e+01
1.188024377251763752e+01
1.188029148247104416e+01
1.188034057158237289e+01
1.188031218692862723e+01
1.188025170799335761e+01
1.188025597983302184e+01
1.188031801958420708e+01
1.188033821402645174e+01
1.188028405274162758e+01
1.188024226011657092e+01
1.188027973079314847e+01
1.188033626244391172e+01
1.188032109214342569e+01
1.188025843776882517e+01
1.188024866456204265e+01
1.188030734702847191e+01
1.188034029487579524e+01
1.188029458992196297e+01
1.188024344231597595e+01
1.188026879655707901e+01
1.188032993145949945e+01
1.188032875766045748e+01
1.188026710667381991e+01
1.188024379435642963e+01
1.188029616735674132e+01
1.188034021683000319e+01
1.188030528876002201e+01
1.188024737955011823e+01
1.188025934447528975e+01
1.188032200195403476e+01
1.188033489169068346e+01
1.188027736521143396e+01
1.188024169606338099e+01
1.188028511673715393e+01
1.188033804491089285e+01
1.188031566042463183e+01
1.188025391630056937e+01
1.188025188676404476e+01
1.188031289896024845e+01
1.188033919776690972e+01
1.188028869850703728e+01
1.188024247033932035e+01
1.188027473920319821e+01
1.188033386432621263e+01
1.188032514549274232e+01
1.188026267703870609e+01
1.188024674656710644e+01
1.188030302049806686e+01
1.188034138700770193e+01
1.188030045261070455e+01
1.188024598784166308e+01
1.188026546171011510e+01
1.188032778215496954e+01
1.188033315271396972e+01
1.188027309865800341e+01
1.188024405597254507e+01
1.188029273289546772e+01
1.188034121136440824e+01
1.188031189045714342e+01
1.188025192137733299e+01
1.188025759873894316e+01
1.188031994880932629e+01
1.188033911854528313e+01
1.188028449241331863e+01
1.188024378506047185e+01
1.188028238805140901e+01
1.188033851205138092e+01
1.188032226719299445e+01
1.188025980374328761e+01
1.188025137933208697e+01
1.188031059275316004e+01
1.188034257736691224e+01
1.188029612193101414e+01
1.188024578913054796e+01
1.188027235226831735e+01
1.188033327283080887e+01
1.188033091172372657e+01
1.188026909593006586e+01
1.188024698185365402e+01
1.188030005543041234e+01
1.188034322936415954e+01
1.188030728263951907e+01
1.188024985814092460e+01
1.188026303084993529e+01
1.188032566334853612e+01
1.188033730030074864e+01
1.188027925117788897e+01
1.188024456098557202e+01
1.188028881031941708e+01
1.188034099075643013e+01
1.188031736899994684e+01
1.188025575548432045e+01
1.188025487437882255e+01
1.188031605707279503e+01
1.188034110778401420e+01
1.188028976349911758e+01
1.188024425689517649e+01
1.188027745416397885e+01
1.188033601257884087e+01
1.188032591764783774e+01
1.188026323833044806e+01
1.188024836017887864e+01
1.188030501460987942e+01
1.188034222550539631e+01
1.188030019260468251e+01
1.188024618331891347e+01
1.188026666780453233e+01
1.188032866200088833e+01
1.188033261908817906e+01
1.188027205625796157e+01
1.188024395055198568e+01
1.188029323374692758e+01
1.188034074332886547e+01
1.188031016235694359e+01
1.188025039647005521e+01
1.188025715281779071e+01
1.188031947123169374e+01
1.188033729942766747e+01
1.188028193013720646e+01
1.188024203464856576e+01
1.188028147637994358e+01
1.188033690428587974e+01
1.188031933818789554e+01
1.188025685139562349e+01
1.188024955495406410e+01
1.188030906717042612e+01
1.188033988339000047e+01
1.188029252041004291e+01
1.188024286450831646e+01
1.188027048617984427e+01
1.188033104688603281e+01
1.188032739704131657e+01
1.188026535798965710e+01
1.188024438755168433e+01
1.188029809702102746e+01
1.188034035461934579e+01
1.188030339995030715e+01
1.188024649947033140e+01
1.188026091119992955e+01
1.188032355018727770e+01
1.188033400580690824e+01
1.188027555260043222e+01
1.188024196969380952e+01
1.188028716336329538e+01
1.188033872690817816e+01
1.188031404659498058e+01
1.188025277457242801e+01
1.188025324512983794e+01
1.188031479280870961e+01
1.188033881942664038e+01
1.188028689867263488e+01
1.188024239317967101e+01
1.188027677972088192e+01
1.188033503398007262e+01
1.188032386340182889e+01
1.188026130399273050e+01
1.188024779844797685e+01
1.188030513292284596e+01
1.188034150199949757e+01
1.188029872098823603e+01
1.188024552626335328e+01
1.188026735391930266e+01
1.188032933999571128e+01
1.188033222542782674e+01
1.188027152046299584e+01
1.188024470368833363e+01
1.188029491175476693e+01
1.188034176791897423e+01
1.188031026800387302e+01
1.188025105146499172e+01
1.188025919925153850e+01
1.188032176824148145e+01
1.188033854528045907e+01
1.188028274142679130e+01
1.188024394862704014e+01
1.188028447625388395e+01
1.188033943573520190e+01
1.188032079062946877e+01
1.188025852526561899e+01
1.188025256401183682e+01
1.188031253958852496e+01
1.188034234626119101e+01
1.188029424760388686e+01
1.188024542306900244e+01
1.188027420869401496e+01
1.188033448301846384e+01
1.188032962376656521e+01
1.188026744402711365e+01
1.188024766377643360e+01
1.188030200636660716e+01
1.188034332930282488e+01
1.188030535942116828e+01
1.188024896356752613e+01
1.188026454709524593e+01
1.188032708674479920e+01
1.188033625631324952e+01
1.188027730240636792e+01
1.188024470188030612e+01
1.188029066589306737e+01
1.188034141835773028e+01
1.188031549823940836e+01
1.188025438461335703e+01
1.188025598391278947e+01
1.188031763467449409e+01
1.188034037586020020e+01
1.188028763402008181e+01
1.188024386997357773e+01
1.188027914374456806e+01
1.188033677187917547e+01
1.188032422159409229e+01
1.188026149013015420e+01
1.188024903884722683e+01
1.188030670091869823e+01
1.188034187883721060e+01
1.188029802777621846e+01
1.188024532730529614e+01
1.188026814678057086e+01
1.188032975703655403e+01
1.188033122716603707e+01
1.188027006366405125e+01
1.188024420936863024e+01
1.188029498968868580e+01
1.188034084643083332e+01
1.188030811912314988e+01
1.188024916228723882e+01
1.188025839403172768e+01
1.188032089424084248e+01
1.188033632958401498e+01
1.188027984121632841e+01
1.188024190723526985e+01
1.188028325900877213e+01
1.188033749689743068e+01
1.188031756399584182e+01
1.188025534462105526e+01
1.188025053745851700e+01
1.188031078632680071e+01
1.188033942312880775e+01
1.188029047777282798e+01
1.188024239270919935e+01
1.188027223871666749e+01
1.188033213001256705e+01
1.188032601030858615e+01
1.188026368154509171e+01
1.188024508631505682e+01
1.188030004745054669e+01
1.188034044637249842e+01
1.188030152339891465e+01
1.188024572137808832e+01
1.188026255683988275e+01
1.188032507792232018e+01
1.188033308236159158e+01
1.188027379418904417e+01
1.188024234992892225e+01
1.188028924441461776e+01
1.188033936094409171e+01
1.188031242278896293e+01
1.188025171863804985e+01
1.188025468746943325e+01
1.188031667220357335e+01
1.188033838735315584e+01
1.188028512574794782e+01
1.188024241185788377e+01
1.188027886034384650e+01
1.188033615020404099e+01
1.188032254391848141e+01
1.188025999074270800e+01
1.188024892984428860e+01
1.188030723266819777e+01
1.188034154516829233e+01
1.188029698336434947e+01
1.188024514095296702e+01
1.188026928620010381e+01
1.188033083829640191e+01
1.188033123231722854e+01
1.188026997057388989e+01
1.188024542032940190e+01
1.188029707855769068e+01
1.188034223678687695e+01
1.188030860601122995e+01
1.188025023393145752e+01
1.188026083769148578e+01
1.188032352528403734e+01
1.188033788173508398e+01
1.188028098695070156e+01
1.188024416863038901e+01
1.188028655558426649e+01
1.188034026257063935e+01
1.188031924562957897e+01
1.188025727571585222e+01
1.188025378606295135e+01
1.188031442816411598e+01
1.188034200907496185e+01
1.188029234257532885e+01
1.188024510288749447e+01
1.188027606501289490e+01
1.188033559746955881e+01
1.188032824750081318e+01
1.188026580193206527e+01
1.188024838670273908e+01
1.188030391244702955e+01
1.188034331920051834e+01
1.188030338640432504e+01
1.188024810868055425e+01
1.188026607885862340e+01
1.188032842735001182e+01
1.188033511563920364e+01
1.188027535082705022e+01
1.188024489233700365e+01
1.188029249933215681e+01
1.188034174459173009e+01
1.188031356809082340e+01
1.188025305206871884e+01
1.188025713052156362e+01
1.188031915326338783e+01
1.188033955031412958e+01
1.188028549561956027e+01
1.188024354476200273e+01
1.188028084088913161e+01
1.188033744929223978e+01
1.188032246505227896e+01
1.188025978215172351e+01
1.188024977910221125e+01
1.188030835947451358e+01
1.188034145057923396e+01
1.188029585232359153e+01
1.188024454561816334e+01
1.188026966578670418e+01
1.188033079655652102e+01
1.188032977914382471e+01
1.188026811325597087e+01
1.188024455285111713e+01
1.188029675174013278e+01
1.188034088486773143e+01
1.188030606451902038e+01
1.188024801135980013e+01
1.188025970535156617e+01
1.188032229005739282e+01
1.188033530957829242e+01
1.188027779268588091e+01
1.188024188132329506e+01
1.188028507892084740e+01
1.188033804219780443e+01
1.188031577502702518e+01
1.188025392228670007e+01
1.188025161277444575e+01
1.188031250379961179e+01
1.188033891659322983e+01
1.188028846677437045e+01
1.188024202897118364e+01
1.188027405246592672e+01
1.188033317993534155e+01
1.188032460019400460e+01
1.188026208027479491e+01
1.188024588958540484e+01
1.188030201535722341e+01
1.188034049147293381e+01
1.188029966133182924e+01
1.188024504551306038e+01
1.188026427757037595e+01
1.188032658128344110e+01
1.188033212110335235e+01
1.188027209079902313e+01
1.188024283398590342e+01
1.188029135421490068e+01
1.188033994342430688e+01
1.188031078876840674e+01
1.188025074715707419e+01
1.188025620831388807e+01
1.188031853082650713e+01
1.188033789872685020e+01
1.188028337887539188e+01
1.188024252253802437e+01
1.188028097385636705e+01
1.188033720720922304e+01
1.188032118501374512e+01
1.188025873516059150e+01
1.188025013468640978e+01
1.188030931208226093e+01
1.188034151208609757e+01
1.188029523810945065e+01
1.188024482812904381e+01
1.188027125110423299e+01
1.188033227031639782e+01
1.188033017062730501e+01
1.188026844717544073e+01
1.188024620055866087e+01
1.188029922574416730e+01
1.188034261318521700e+01
1.188030690318426785e+01
1.188024946627810863e+01
1.188026250780762716e+01
1.188032521363322402e+01
1.188033712558897825e+01
1.188027922857235730e+01
1.188024444172879868e+01
1.188028861994812857e+01
1.188034098863109733e+01
1.188031763222441128e+01
1.188025605489012548e+01
1.188025504161162260e+01
1.188031625377886868e+01
1.188034156484979675e+01
1.188029040860758911e+01
1.188024482810540405e+01
1.188027791756592677e+01
1.188033661394414686e+01
1.188032678486462856e+01
1.188026417225907672e+01
1.188024914977940583e+01
1.188030577121349651e+01
1.188034319987310639e+01
1.188030136774413847e+01
1.188024729611523966e+01
1.188026762526023639e+01
1.188032968483293850e+01
1.188033388209227148e+01
1.188027340174656032e+01
1.188024513449435204e+01
1.188029431040108008e+01
1.188034197181271523e+01
1.188031158465638271e+01
1.188025176317495735e+01
1.188025831578044667e+01
1.188032061399660755e+01
1.188033863616011665e+01
1.188028335551132209e+01
1.188024328571566990e+01
1.188028254696233965e+01
1.188033804789788839e+01
1.188032065503403878e+01
1.188025812138644000e+01
1.188025058410281964e+01
1.188030999201798465e+01
1.188034094579991695e+01
1.188029367408818615e+01
1.188024384387918175e+01
1.188027122677081948e+01
1.188033178322360328e+01
1.188032828157034082e+01
1.188026621231478330e+01
1.188024498456562483e+01
1.188029852111479734e+01
1.188034086246187115e+01
1.188030400555952149e+01
1.188024694914569146e+01
1.188026108818845472e+01
1.188032365978318339e+01
1.188033424415251815e+01
1.188027579073952467e+01
1.188024195972547048e+01
1.188028693580273121e+01
1.188033854166081937e+01
1.188031397621936414e+01
1.188025258853459221e+01
1.188025278087297387e+01
1.188031421829915502e+01
1.188033836574822644e+01
1.188028649150443528e+01
1.188024177454105157e+01
1.188027592498941942e+01
1.188033419516071021e+01
1.188032316881995420e+01
1.188026055634416522e+01
1.188024679548612461e+01
1.188030399678117455e+01
1.188034048874227899e+01
1.188029781532373796e+01
1.188024447133174277e+01
1.188026606883726188e+01
1.188032805583952367e+01
1.188033112126593771e+01
1.188027044260813092e+01
1.188024341837768993e+01
1.188029348652296591e+01
1.188034047034277663e+01
1.188030914384659553e+01
1.188024985821739854e+01
1.188025780165710366e+01
1.188032036200749531e+01
1.188033735046688300e+01
1.188028165684113091e+01
1.188024272095657885e+01
1.188028311273967397e+01
1.188033819908322286e+01
1.188031978454263360e+01
1.188025753488864211e+01
1.188025140668661273e+01
1.188031136347741956e+01
1.188034139841395032e+01
1.188029348361506266e+01
1.188024458394552951e+01
1.188027324121883588e+01
1.188033362954081085e+01
1.188032903786817585e+01
1.188026694860616495e+01
1.188024703917293223e+01
1.188030134605389954e+01
1.188034289277672784e+01
1.188030515862372027e+01
1.188024874629302019e+01
1.188026420369796377e+01
1.188032682752177394e+01
1.188033627512075796e+01
1.188027746636254456e+01
1.188024476500105919e+01
1.188029066380507182e+01
1.188034161070021355e+01
1.188031595112010486e+01
1.188025486312191958e+01
1.188025632733156911e+01
1.188031801244799013e+01
1.188034101342392290e+01
1.188028844814181184e+01
1.188024459880883121e+01
1.188027976334554658e+01
1.188033753100819112e+01
1.188032523858354850e+01
1.188026255824826904e+01
1.188024995272963125e+01
1.188030758091838734e+01
1.188034297293940433e+01
1.188029930828715663e+01
1.188024652904306144e+01
1.188026918598374415e+01
1.188033085956575263e+01
1.188033256018920270e+01
1.188027146100281861e+01
1.188024543091873397e+01
1.188029609938299735e+01
1.188034210299116111e+01
1.188030955455779214e+01
1.188025052359368239e+01
1.188025954157603792e+01
1.188032201846165847e+01
1.188033763886083882e+01
1.188028122118942065e+01
1.188024309742778328e+01
1.188028426351835520e+01
1.188033857106598390e+01
1.188031879876621488e+01
1.188025651484755940e+01
1.188025145696442486e+01
1.188031160034837974e+01
1.188034036966631035e+01
1.188029150085776031e+01
1.188024322749124551e+01
1.188027283148446678e+01
1.188033271961388770e+01
1.188032674086420570e+01
1.188026436780151052e+01
1.188024550766549758e+01
1.188030029870717641e+01
1.188034078278810313e+01
1.188030194888937885e+01
1.188024598055742942e+01
1.188026254340952548e+01
1.188032500410258940e+01
1.188033313763257759e+01
1.188027384098332284e+01
1.188024214455547067e+01
1.188028882873073044e+01
1.188033899626196188e+01
1.188031217193546318e+01
1.188025134675929806e+01
1.188025404096044291e+01
1.188031592791477031e+01
1.188033777199453844e+01
1.188028455535263106e+01
1.188024162984311793e+01
1.188027785310641526e+01
1.188033517360365465e+01
1.188032171769875411e+01
1.188025911115434496e+01
1.188024780134130332e+01
1.188030598711504204e+01
1.188034043646604943e+01
1.188029598632570050e+01
1.188024399754392668e+01
1.188026792540421717e+01
1.188032949665548621e+01
1.188033008161900916e+01
1.188026884920500947e+01
1.188024409897828093e+01
1.188029563460590232e+01
1.188034093735490693e+01
1.188030748696038685e+01
1.188024904941370785e+01
1.188025946104436592e+01
1.188032215881676734e+01
1.188033673931957601e+01
1.188027995816338311e+01
1.188024300251867871e+01
1.188028526927543993e+01
1.188033911989198721e+01
1.188031834034064715e+01
1.188025638743761903e+01
1.188025273944497684e+01
1.188031337923897368e+01
1.188034120000458671e+01
1.188029171839109743e+01
1.188024440459223818e+01
1.188027524927248457e+01
1.188033490978399698e+01
1.188032783190975117e+01
1.188026547344922612e+01
1.188024793119753397e+01
1.188030343262251165e+01
1.188034307175874282e+01
1.188030337190568453e+01
1.188024807212872780e+01
1.188026591988989011e+01
1.188032836179598917e+01
1.188033532927465785e+01
1.188027570093445107e+01
1.188024513600492504e+01
1.188029268222694590e+01
1.188034212632244468e+01
1.188031420373740232e+01
1.188025370131629188e+01
1.188025764047809574e+01
1.188031970093300593e+01
1.188034035545158495e+01
1.188028646430809587e+01
1.188024441565805311e+01
1.188028160000172129e+01
1.188033834803179545e+01
1.188032361215743293e+01
1.188026096374655616e+01
1.188025079583313648e+01
1.188030934050098963e+01
1.188034264078709690e+01
1.188029721352773826e+01
1.188024581112603428e+01
1.188027076123040793e+01
1.188033195257151142e+01
1.188033115508635440e+01
1.188026953489590731e+01
1.188024578453632429e+01
1.188029786701079260e+01
1.188034214163593205e+01
1.188030748484941945e+01
1.188024933923577819e+01
1.188026081002169754e+01
1.188032336858895199e+01
1.188033656423053586e+01
1.188027910032633727e+01
1.188024298453128047e+01
1.188028599220615789e+01
1.188033902235690320e+01
1.188031690358376480e+01
1.188025496946312387e+01
1.188025240065841359e+01
1.188031318622565280e+01
1.188033972734059773e+01
1.188028934025888717e+01
1.188024270153590400e+01
1.188027448138837450e+01
1.188033360812294070e+01
1.188032516321541898e+01
1.188026258625935228e+01
1.188024612480227482e+01
1.188030208501107765e+01
1.188034064909140142e+01
1.188029990069866493e+01
1.188024510988332239e+01
1.188026407126964479e+01
1.188032632321958104e+01
1.188033199386423888e+01
1.188027194837362366e+01
1.188024243717516448e+01
1.188029075612818986e+01
1.188033940643857100e+01
1.188031036592303380e+01
1.188025019957448336e+01
1.188025539145625231e+01
1.188031763010011232e+01
1.188033713615514841e+01
1.188028266099761154e+01
1.188024159447812167e+01
1.188027983290306722e+01
1.188033611260125433e+01
1.188032024774685524e+01
1.188025774536239254e+01
1.188024890370717834e+01
1.188030798114304787e+01
1.188034033243354592e+01
1.188029417470674964e+01
1.188024362216313179e+01
1.188026984141356124e+01
1.188033089835642997e+01
1.188032900053105045e+01
1.188026730965582800e+01
1.188024487109963268e+01
1.188029779132320662e+01
1.188034133986062457e+01
1.188030581675144504e+01
1.188024831793462965e+01
1.188026117966893480e+01
1.188032391416393274e+01
1.188033606195301672e+01
1.188027828118614693e+01
1.188024336239902468e+01
1.188028743565315182e+01
1.188033996378456258e+01
1.188031685032225759e+01
1.188025529028599081e+01
1.188025412655549573e+01
1.188031535193305466e+01
1.188034091300340833e+01
1.188028994116078607e+01
1.188024428639207564e+01
1.188027726823693797e+01
1.188033610528797190e+01
1.188032655107073055e+01
1.188026402061678866e+01
1.188024887197338231e+01
1.188030547906931034e+01
1.188034314694300875e+01
1.188030154315176468e+01
1.188024744236980901e+01
1.188026765140943652e+01
1.188032981198086979e+01
1.188033428771504063e+01
1.188027393349016236e+01
1.188024555282267158e+01
1.188029467094228764e+01
1.188034253383921879e+01
1.188031239223682078e+01
1.188025257096994380e+01
1.188025897890756966e+01
1.188032131675651648e+01
1.188033959240695303e+01
1.188028446092027579e+01
1.188024427988009712e+01
1.188028342583285912e+01
1.188033906517193827e+01
1.188032190983203940e+01
1.188025939317376789e+01
1.188025167989209052e+01
1.188031104954951722e+01
1.188034220652434492e+01
1.188029508955073155e+01
1.188024514645795371e+01
1.188027235166072870e+01
1.188033296545934725e+01
1.188032967250424754e+01
1.188026763010774722e+01
1.188024619855490194e+01
1.188029961438844317e+01
1.188034209170725930e+01
1.188030538292280980e+01
1.188024821616601656e+01
1.188026212336636078e+01
1.188032466655838171e+01
1.188033541833300433e+01
1.188027700066664671e+01
1.188024295159710242e+01
1.188028773467232391e+01
1.188033940542040590e+01
1.188031497682164428e+01
1.188025349196887959e+01
1.188025341791272282e+01
1.188031475127437275e+01
1.188033902387933693e+01
1.188028719965300795e+01
1.188024227067538163e+01
1.188027617756309340e+01
1.188033445087799578e+01
1.188032355449374045e+01
1.188026087372376693e+01
1.188024683804519555e+01
1.188030388004694871e+01
1.188034046421423540e+01
1.188029786664898602e+01
1.188024434072013591e+01
1.188026567135485578e+01
1.188032761680674554e+01
1.188033081616177888e+01
1.188027011716847348e+01
1.188024283815605919e+01
1.188029271573671508e+01
1.188033977206407776e+01
1.188030856128989576e+01
1.188024914879476945e+01
1.188025682998605959e+01
1.188031932167339555e+01
1.188033645847660225e+01
1.188028081041168349e+01
1.188024166723772623e+01
1.188028185975716333e+01
1.188033700894083644e+01
1.188031875931352310e+01
1.188025645891624293e+01
1.188025009841820179e+01
1.188030997309405556e+01
1.188034017399093045e+01
1.188029238030840418e+01
1.188024334256992098e+01
1.188027181045951153e+01
1.188033225520339542e+01
1.188032787604294960e+01
1.188026582258117259e+01
1.188024572957835012e+01
1.188029994921995680e+01
1.188034167309550782e+01
1.188030413165468246e+01
1.188024766065645288e+01
1.188026295047456316e+01
1.188032562090207911e+01
1.188033531505569940e+01
1.188027662417600006e+01
1.188024379564511079e+01
1.188028960407899248e+01
1.188034072509843142e+01
1.188031531257909279e+01
1.188025424097808447e+01
1.188025556171008823e+01
1.188031727441157948e+01
1.188034053394576972e+01
1.188028815095098700e+01
1.188024422589278473e+01
1.188027929142243622e+01
1.188033721081342975e+01
1.188032519419968303e+01
1.188026258942597835e+01
1.188024985723483340e+01
1.188030747957471078e+01
1.188034311582460312e+01
1.188029967308803947e+01
1.188024685608887765e+01
1.188026939383801661e+01
1.188033117433202079e+01
1.188033315086732244e+01
1.188027216585358836e+01
1.188024601409283854e+01
1.188029662636630412e+01
1.188034283241008993e+01
1.188031051952884631e+01
1.188025147417641847e+01
1.188026034108199802e+01
1.188032285820153433e+01
1.188033872657236323e+01
1.188028244245558085e+01
1.188024419324659497e+01
1.188028523976204198e+01
1.188033968334021218e+01
1.188032013655582730e+01
1.188025785147468660e+01
1.188025260618353229e+01
1.188031270824980368e+01
1.188034167391803031e+01
1.188029294296130445e+01
1.188024453949385872e+01
1.188027395832494726e+01
1.188033390034879488e+01
1.188032811864169958e+01
1.188026575361217496e+01
1.188024667637711573e+01
1.188030134290451656e+01
1.188034195752244671e+01
1.188030325640464469e+01
1.188024716050203367e+01
1.188026348389869291e+01
1.188032591470204835e+01
1.188033420737639645e+01
1.188027492991843914e+01
1.188024300303116298e+01
1.188028949246336730e+01
1.188033972389492732e+01
1.188031302570827741e+01
1.188025208880346639e+01
1.188025451111555242e+01
1.188031629689150037e+01
1.188033826413756699e+01
1.188028508603836997e+01
1.188024193906110781e+01
1.188027792062689336e+01
1.188033524965801391e+01
1.188032192016602373e+01
1.188025923564239150e+01
1.188024764881110684e+01
1.188030568329985037e+01
1.188034023053509891e+01
1.188029585181194037e+01
1.188024367591865271e+01
1.188026734253898020e+01
1.188032888396748099e+01
1.188032960727035459e+01
1.188026835089351074e+01
1.188024334725551334e+01
1.188029470460212877e+01
1.188034009243685851e+01
1.188030676049399936e+01
1.188024819543309007e+01
1.188025835339046488e+01
1.188032099883268877e+01
1.188033573864517578e+01
1.188027900488036082e+01
1.188024184613431622e+01
1.188028392837773772e+01
1.188033785890231542e+01
1.188031725222331758e+01
1.188025525110345626e+01
1.188025138064680242e+01
1.188031195670756901e+01
1.188033995810645926e+01
1.188029060251082569e+01
1.188024315558657307e+01
1.188027382567231349e+01
1.188033356117900752e+01
1.188032670595063500e+01
1.188026438624135039e+01
1.188024666887035075e+01
1.188030210062723313e+01
1.188034193222811474e+01
1.188030242999197661e+01
1.188024707424142967e+01
1.188026476626186678e+01
1.188032727193484384e+01
1.188033449543707931e+01
1.188027498542001759e+01
1.188024429728071141e+01
1.188029176688398181e+01
1.188034139846322823e+01
1.188031372547569475e+01
1.188025323721882565e+01
1.188025703879837458e+01
1.188031913991195054e+01
1.188034005984821029e+01
1.188028634717598209e+01
1.188024421995133117e+01
1.188028131256460007e+01
1.188033822172164555e+01
1.188032376074645136e+01
1.188026117966463069e+01
1.188025088317654543e+01
1.188030942894581088e+01
1.188034297663839567e+01
1.188029776309140750e+01
1.188024631288974575e+01
1.188027114335567447e+01
1.188033244587324155e+01
1.188033191994435711e+01
1.188027040048908312e+01
1.188024651902745887e+01
1.188029854561566800e+01
1.188034302201824843e+01
1.188030858926866884e+01
1.188025041361644440e+01
1.188026172605861497e+01
1.188032432429547747e+01
1.188033776101115713e+01
1.188028041401936719e+01
1.188024415803732303e+01
1.188028704129900603e+01
1.188034020415628511e+01
1.188031829792275218e+01
1.188025634405790676e+01
1.188025357639937063e+01
1.188031431732179222e+01
1.188034104732012608e+01
1.188029078080355916e+01
1.188024399496913119e+01
1.188027558258403182e+01
1.188033475978509124e+01
1.188032650008139157e+01
1.188026391257739434e+01
1.188024722150702850e+01
1.188030305413981758e+01
1.188034174365636098e+01
1.188030111305026182e+01
1.188024617830980745e+01
1.188026489384873230e+01
1.188032711540533981e+01
1.188033293760728881e+01
1.188027289564488775e+01
1.188024314297234518e+01
1.188029126692998005e+01
1.188033998130962487e+01
1.188031105726259540e+01
1.188025076600824725e+01
1.188025568222434281e+01
1.188031782416020832e+01
1.188033745267981800e+01
1.188028300595989428e+01
1.188024171025100983e+01
1.188027971066273558e+01
1.188033600582346949e+01
1.188032026522414597e+01
1.188025767680640854e+01
1.188024855780621358e+01
1.188030749366952499e+01
1.188033994991969955e+01
1.188029386062088477e+01
1.188024311754330320e+01
1.188026908295432094e+01
1.188033012321229265e+01
1.188032836934278080e+01
1.188026665232297496e+01
1.188024396340842515e+01
1.188029671907556306e+01
1.188034036628388534e+01
1.188030496534848268e+01
1.188024733971357705e+01
1.188025995774917654e+01
1.188032265718608826e+01
1.188033497581744236e+01
1.188027724503652749e+01
1.188024212844535121e+01
1.188028603285881601e+01
1.188033865831385683e+01
1.188031572583139095e+01
1.188025412061262287e+01
1.188025274497554840e+01
1.188031392531138053e+01
1.188033968144636354e+01
1.188028884030899945e+01
1.188024305756146326e+01
1.188027587981147093e+01
1.188033481008135084e+01
1.188032548789487919e+01
1.188026299862820068e+01
1.188024768315137436e+01
1.188030423776752897e+01
1.188034211246138305e+01
1.188030071006899746e+01
1.188024655523834028e+01
1.188026661979605336e+01
1.188032886032397428e+01
1.188033360012779127e+01
1.188027336332242001e+01
1.188024486240719568e+01
1.188029391662905709e+01
1.188034197890054244e+01
1.188031208774060232e+01
1.188025227696312669e+01
1.188025855200097780e+01
1.188032094214940670e+01
1.188033948829172814e+01
1.188028452971268578e+01
1.188024426580899906e+01
1.188028332590109493e+01
1.188033913404521869e+01
1.188032225082224258e+01
1.188025979164546975e+01
1.188025194650808558e+01
1.188031132266879553e+01
1.188034272840181238e+01
1.188029581522223666e+01
1.188024581293675297e+01
1.188027289676989717e+01
1.188033362441899321e+01
1.188033059695765381e+01
1.188026864050505438e+01
1.188024706741448711e+01
1.188030042650813378e+01
1.188034310346048628e+01
1.188030660583565634e+01
1.188024939253342360e+01
1.188026313346489182e+01
1.188032571477931043e+01
1.188033669952566562e+01
1.188027838129560187e+01
1.188024417699032398e+01
1.188028883048901996e+01
1.188034062988820416e+01
1.188031640010234113e+01
1.188025487672284797e+01
1.188025459257530692e+01
1.188031587794544386e+01
1.188034033158375458e+01
1.188028861046951867e+01
1.188024351781003851e+01
1.188027722602287461e+01
1.188033554664729330e+01
1.188032482368894094e+01
1.188026211426269896e+01
1.188024783745205859e+01
1.188030474977124129e+01
1.188034145483891102e+01
1.188029896063502022e+01
1.188024527549794840e+01
1.188026635528915342e+01
1.188032827100852451e+01
1.188033161520616687e+01
1.188027090515817186e+01
1.188024337519366469e+01
1.188029305913518208e+01
1.188034018099126676e+01
1.188030907819701021e+01
1.188024952913380972e+01
1.188025693268205529e+01
1.188031933377163440e+01
1.188033659369995831e+01
1.188028096542878131e+01
1.188024158713718137e+01
1.188028154715602902e+01
1.188033672025730780e+01
1.188031859412496516e+01
1.188025620129481119e+01
1.188024956498113305e+01
1.188030930943375907e+01
1.188033962368567309e+01
1.188029189683716247e+01
1.188024266684668895e+01
1.188027088997724867e+01
1.188033133244974238e+01
1.188032710393116531e+01
1.188026502347610425e+01
1.188024468473450668e+01
1.188029875482975406e+01
1.188034059177927304e+01
1.188030317704172134e+01
1.188024658109963028e+01
1.188026163842016203e+01
1.188032429179617289e+01
1.188033416866456271e+01
1.188027553090817889e+01
1.188024251077135851e+01
1.188028816674624899e+01
1.188033940261965959e+01
1.188031417909026288e+01
1.188025306560600214e+01
1.188025418548011558e+01
1.188031587190925720e+01
1.188033934045981432e+01
1.188028709239728720e+01
1.188024304446127921e+01
1.188027796536615810e+01
1.188033599562400155e+01
1.188032421945634987e+01
1.188026165756133778e+01
1.188024876642120553e+01
1.188030635286302505e+01
1.188034220913586125e+01
1.188029897027303505e+01
1.188024610018320892e+01
1.188026850391398881e+01
1.188033037939521286e+01
1.188033262647734389e+01
1.188027175649793499e+01
1.188024548630056820e+01
1.188029604620490076e+01
1.188034246191763899e+01
1.188031039855077964e+01
1.188025135849782643e+01
1.188026009587450105e+01
1.188032267540007858e+01
1.188033881749519516e+01
1.188028269896569356e+01
1.188024436115567539e+01
1.188028532623652467e+01
1.188033994454641551e+01
1.188032066524680630e+01
1.188025842624733386e+01
1.188025304449504382e+01
1.188031315694705370e+01
1.188034237094293211e+01
1.188029383224246516e+01
1.188024535696962758e+01
1.188027465152953610e+01
1.188033470858146678e+01
1.188032918471301613e+01
1.188026688964260202e+01
1.188024765960533635e+01
1.188030226754695740e+01
1.188034307832170811e+01
1.188030457429764475e+01
1.188024841469458792e+01
1.188026456345952298e+01
1.188032703006259894e+01
1.188033554660123947e+01
1.188027635048412201e+01
1.188024425323948918e+01
1.188029060784974433e+01
1.188034096338094692e+01
1.188031444975840145e+01
1.188025345557629286e+01
1.188025565701023467e+01
1.188031739167768208e+01
1.188033953197073522e+01
1.188028643960038266e+01
1.188024311303748348e+01
1.188027889035773477e+01
1.188033626405134058e+01
1.188032309650759899e+01
1.188026036591180912e+01
1.188024852762239902e+01
1.188030643147408227e+01
1.188034109585180609e+01
1.188029680684577372e+01
1.188024445771298332e+01
1.188026787003849805e+01
1.188032938371108749e+01
1.188033024618663092e+01
1.188026896541807353e+01
1.188024370300886723e+01
1.188029486976856219e+01
1.188034032597799339e+01
1.188030709482823966e+01
1.188024838315527631e+01
1.188025826334275692e+01
1.188032082595632311e+01
1.188033569095150810e+01
1.188027896985364329e+01
1.188024157188567997e+01
1.188028342894465972e+01
1.188033739331849858e+01
1.188031691074357354e+01
1.188025481243279380e+01
1.188025066950029363e+01
1.188031112822598523e+01
1.188033925258169354e+01
1.188028996353115474e+01
1.188024232425960847e+01
1.188027276022918421e+01
1.188033250899232662e+01
1.188032581199350979e+01
1.188026346562892677e+01
1.188024550856114558e+01
1.188030080689047452e+01
1.188034076657721982e+01
1.188030139617158376e+01
1.188024591833644195e+01
1.188026339009301680e+01
1.188032589723792043e+01
1.188033331542933979e+01
1.188027386197863500e+01
1.188024298910619514e+01
1.188029032311622579e+01
1.188034008695859711e+01
1.188031261062657506e+01
1.188025208380171804e+01
1.188025569582139163e+01
1.188031778927684456e+01
1.188033893147108166e+01
1.188028535726035706e+01
1.188024311196896754e+01
1.188028007466060743e+01
1.188033711154012906e+01
1.188032289825377674e+01
1.188026036078659331e+01
1.188024991260930108e+01
1.188030843824440197e+01
1.188034221783262723e+01
1.188029720916956400e+01
1.188024570569784721e+01
1.188027041162805908e+01
1.188033182284022971e+01
1.188033157224706748e+01
1.188027016385965418e+01
1.188024616450215554e+01
1.188029814892436775e+01
1.188034284359306803e+01
1.188030865760739196e+01
1.188025048051446397e+01
1.188026166542640283e+01
1.188032433457301096e+01
1.188033804637717594e+01
1.188028085592054950e+01
1.188024450418186895e+01
1.188028730899421248e+01
1.188034065076164403e+01
1.188031900558185150e+01
1.188025708494256882e+01
1.188025417498596603e+01
1.188031492872440076e+01
1.188034190491322128e+01
1.188029181761858055e+01
1.188024494630353267e+01
1.188027640572365229e+01
1.188033569776203180e+01
1.188032768679066820e+01
1.188026515224911606e+01
1.188024829648789193e+01
1.188030406789065907e+01
1.188034294893467369e+01
1.188030250036095836e+01
1.188024748433852018e+01
1.188026601668034488e+01
1.188032827116561130e+01
1.188033430733750073e+01
1.188027432822575413e+01
1.188024439024112056e+01
1.188029237429756790e+01
1.188034120797473570e+01
1.188031245395815105e+01
1.188025208694024037e+01
1.188025677217795639e+01
1.188031886036231555e+01
1.188033865405278178e+01
1.188028427598220915e+01
1.188024278566619074e+01
1.188028057733992071e+01
1.188033691525015811e+01
1.188032132565080801e+01
1.188025867464497765e+01
1.188024929523015594e+01
1.188030810082487321e+01
1.188034067142678119e+01
1.188029465917486505e+01
1.188024373023797864e+01
1.188026943956838899e+01
1.188033045548096034e+01
1.188032883630043379e+01
1.188026708293734757e+01
1.188024412918651151e+01
1.188029669906851638e+01
1.188034041894186821e+01
1.188030511299789183e+01
1.188024733239812569e+01
1.188025967440814767e+01
1.188032230042692206e+01
1.188033474768991660e+01
1.188027702398444418e+01
1.188024166588969699e+01
1.188028535418249021e+01
1.188033802480915568e+01
1.188031521834072102e+01
1.188025351276493780e+01
1.188025186972634550e+01
1.188031294702760832e+01
1.188033883678131808e+01
1.188028806307864116e+01
1.188024208939665449e+01
1.188027468959296584e+01
1.188033364957725446e+01
1.188032449391504741e+01
1.188026197934103578e+01
1.188024643146120241e+01
1.188030286968230165e+01
1.188034088785866693e+01
1.188029962279321161e+01
1.188024534950697664e+01
1.188026520685545862e+01
1.188032746766891812e+01
1.188033241399473106e+01
1.188027223725785930e+01
1.188024355891810124e+01
1.188029249466393900e+01
1.188034070625190708e+01
1.188031101882613072e+01
1.188025117256359131e+01
1.188025726934458248e+01
1.188031967006379119e+01
1.188033845077692341e+01
1.188028363326844428e+01
1.188024325558527927e+01
1.188028219996232515e+01
1.188033815168847163e+01
1.188032152204297986e+01
1.188025910607460034e+01
1.188025111567956849e+01
1.188031048645784260e+01
1.188034213447352982e+01
1.188029542559536722e+01
1.188024536858414848e+01
1.188027233622484680e+01
1.188033318481228129e+01
1.188033043569626912e+01
1.188026858469948799e+01
1.188024689290100078e+01
1.188030021860565100e+01
1.188034312065223475e+01
1.188030686520126622e+01
1.188024964217113677e+01
1.188026325617807011e+01
1.188032591526957660e+01
1.188033717460489314e+01
1.188027900218399324e+01
1.188024469361743485e+01
1.188028927025389869e+01
1.188034125103126115e+01
1.188031727414963434e+01
1.188025576980987452e+01
1.188025533642449005e+01
1.188031663569286600e+01
1.188034133178472374e+01
1.188028977550936460e+01
1.188024458281424245e+01
1.188027815806539955e+01
1.188033659212743665e+01
1.188032610751026219e+01
1.188026343323740264e+01
1.188024897944556635e+01
1.188030582730896256e+01
1.188034271832584210e+01
1.188030039030695306e+01
1.188024660611020344e+01
1.188026749418034100e+01
1.188032943964978116e+01
1.188033298736832322e+01
1.188027232151704560e+01
1.188024459169089297e+01
1.188029413106519527e+01
1.188034136741510949e+01
1.188031042007362537e+01
1.188025077725302836e+01
1.188025794063308815e+01
1.188032028603500301e+01
1.188033770360836527e+01
1.188028212743806478e+01
1.188024254060133167e+01
1.188028228865794489e+01
1.188033750353310225e+01
1.188031951819503362e+01
1.188025704735222376e+01
1.188025014319048900e+01
1.188030975920701415e+01
1.188034018614752796e+01
1.188029252481871190e+01
1.188024309789667754e+01
1.188027106491692209e+01
1.188033148797058125e+01
1.188032739095035772e+01
1.188026526369588431e+01
1.188024465587343492e+01
1.188029854675431096e+01
1.188034046212182560e+01
1.188030313800445370e+01
1.188024638047621018e+01
1.188026116537649735e+01
1.188032375633353865e+01
1.188033376662800045e+01
1.188027513187042672e+01
1.188024186973718521e+01
1.188028732031719947e+01
1.188033861395595991e+01
1.188031351954503023e+01
1.188025230404385724e+01
1.188025316322015712e+01
1.188031476217552473e+01
1.188033837589174979e+01
1.188028619717233170e+01
1.188024196107734554e+01
1.188027667324443470e+01
1.188033475040178821e+01
1.188032314954371671e+01
1.188026056449665191e+01
1.188024744930511289e+01
1.188030493708808066e+01
1.188034095239080301e+01
1.188029785647911218e+01
1.188024487210016034e+01
1.188026708227156902e+01
1.188032899691043198e+01
1.188033146196230128e+01
1.188027065536308058e+01
1.188024421523968854e+01
1.188029467380042448e+01
1.188034125529813423e+01
1.188030940192522777e+01
1.188025032899665945e+01
1.188025889918334599e+01
1.188032150689992861e+01
1.188033789474704882e+01
1.188028191877481632e+01
1.188024347073169906e+01
1.188028433359073510e+01
1.188033911015886090e+01
1.188032008881463852e+01
1.188025789131710042e+01
1.188025236973206766e+01
1.188031249036800574e+01
1.188034195541660232e+01
1.188029361874624179e+01
1.188024508591203876e+01
1.188027427135639158e+01
1.188033446001377591e+01
1.188032921565959477e+01
1.188026701875936020e+01
1.188024766780614527e+01
1.188030224964437842e+01
1.188034329053133575e+01
1.188030502226636997e+01
1.188024884314224217e+01
1.188026486421510519e+01
1.188032741382920499e+01
1.188033620262897649e+01
1.188027714001022872e+01
1.188024492875607940e+01
1.188029120677463801e+01
1.188034174451396652e+01
1.188031547403624266e+01
1.188025448353221591e+01
1.188025652784655151e+01
1.188031827628518577e+01
1.188034065383158833e+01
1.188028771073848056e+01
1.188024426890874885e+01
1.188027990786144450e+01
1.188033739257133625e+01
1.188032445188133579e+01
1.188026173803107355e+01
1.188024971030332999e+01
1.188030754612588780e+01
1.188034239014851501e+01
1.188029825091646607e+01
1.188024578498484907e+01
1.188026899735332798e+01
1.188033053753814983e+01
1.188033159277224016e+01
1.188027033761615492e+01
1.188024486143315528e+01
1.188029587961229083e+01
1.188034144575660633e+01
1.188030835567751353e+01
1.188024953296582531e+01
1.188025916491329426e+01
1.188032167082535651e+01
1.188033668651755370e+01
1.188028000171911103e+01
1.188024238253501430e+01
1.188028402584032861e+01
1.188033803212691097e+01
1.188031768107501129e+01
1.188025549058992070e+01
1.188025107402681435e+01
1.188031140772131167e+01
1.188033964435744494e+01
1.188029041058327451e+01
1.188024256496522213e+01
1.188027274661019561e+01
1.188033248244173556e+01
1.188032591511278468e+01
1.188026351306551831e+01
1.188024528452934803e+01
1.188030041196948794e+01
1.188034045726851495e+01
1.188030117454794876e+01
1.188024553024319907e+01
1.188026273500527630e+01
1.188032519223263961e+01
1.188033274990539567e+01
1.188027329683281863e+01
1.188024218319367975e+01
1.188028932408318994e+01
1.188033915940638607e+01
1.188031181635023259e+01
1.188025118723436258e+01
1.188025454675628545e+01
1.188031656938461111e+01
1.188033786897720567e+01
1.188028436684816214e+01
1.188024193736219480e+01
1.188027870569858457e+01
1.188033580717238280e+01
1.188032177823907709e+01
1.188025922035897963e+01
1.188024855732606788e+01
1.188030700252076421e+01
1.188034095659800649e+01
1.188029609639013628e+01
1.188024448308959435e+01
1.188026900947014752e+01
1.188033047853766710e+01
1.188033045673892829e+01
1.188026911460702628e+01
1.188024495276493653e+01
1.188029685275569491e+01
1.188034172887332929e+01
1.188030775810631035e+01
1.188024955004613936e+01
1.188026057836658111e+01
1.188032329250329866e+01
1.188033725992544198e+01
1.188028021221319719e+01
1.188024375285245426e+01
1.188028646802402655e+01
1.188033998137502678e+01
1.188031859688861402e+01
1.188025671461906185e+01
1.188025366909942449e+01
1.188031444325479313e+01
1.188034167754457293e+01
1.188029178825706822e+01
1.188024485509910910e+01
1.188027621112221865e+01
1.188033564377361628e+01
1.188032791161387181e+01
1.188026546629150815e+01
1.188024848600742800e+01
1.188030423707326300e+01
1.188034335142816289e+01
1.188030313042014718e+01
1.188024808365483054e+01
1.188026648622354919e+01
1.188032882736033891e+01
1.188033513170340605e+01
1.188027527231246694e+01
1.188024520946524376e+01
1.188029311600254623e+01
1.188034213118567806e+01
1.188031360907947764e+01
1.188025322937979844e+01
1.188025774886278185e+01
1.188031984965214782e+01
1.188033987409646386e+01
1.188028562875236638e+01
1.188024400748190068e+01
1.188028165496767663e+01
1.188033810066206541e+01
1.188032272554038293e+01
1.188026007249727556e+01
1.188025049126191135e+01
1.188030922515140020e+01
1.188034196860485281e+01
1.188029608938371950e+01
1.188024502618213596e+01
1.188027052785081850e+01
1.188033156722771544e+01
1.188033012997523663e+01
1.188026838394204177e+01
1.188024520336437106e+01
1.188029762153115954e+01
1.188034144726234587e+01
1.188030626843557158e+01
1.188024836043660315e+01
1.188026044744005638e+01
1.188032301685841219e+01
1.188033560865714122e+01
1.188027790639680958e+01
1.188024231584470414e+01
1.188028579016119046e+01
1.188033850410037395e+01
1.188031582098367345e+01
1.188025401048300012e+01
1.188025208978237224e+01
1.188031304710342972e+01
1.188033905007518420e+01
1.188028832279831448e+01
1.188024213509342530e+01
1.188027448459378199e+01
1.188033343970081646e+01
1.188032441327150046e+01
1.188026183574696049e+01
1.188024601587405016e+01
1.188030229323798537e+01
1.188034040560219395e+01
1.188029922668854432e+01
1.188024478375857562e+01
1.188026438128835238e+01
1.188032660607048285e+01
1.188033169907265751e+01
1.188027152145278187e+01
1.188024260520069753e+01
1.188029136150971432e+01
1.188033965923981228e+01
1.188031011012741978e+01
1.188025016253295441e+01
1.188025601635379047e+01
1.188031836378494432e+01
1.188033731459648301e+01
1.188028257252570796e+01
1.188024201560297399e+01
1.188028078086949790e+01
1.188033681516673745e+01
1.188032037893333737e+01
1.188025794563652404e+01
1.188024975019689222e+01
1.188030905900619061e+01
1.188034089664278170e+01
1.188029434135574292e+01
1.188024417902117946e+01
1.188027098124126724e+01
1.188033190597732158e+01
1.188032939562978463e+01
1.188026761309168755e+01
1.188024576595100612e+01
1.188029902368582569e+01
1.188034212183428906e+01
1.188030608559569146e+01
1.188024883259772579e+01
1.188026229992568439e+01
1.188032501978763200e+01
1.188033654313035825e+01
1.188027851219303699e+01
1.188024409751341892e+01
1.188028859600195020e+01
1.188034076019250662e+01
1.188031704500256680e+01
1.188025557438436230e+01
1.188025500843590443e+01
1.188031633890180494e+01
1.188034129834438879e+01
1.188028993427262492e+01
1.188024467398034467e+01
1.188027815014044286e+01
1.188033673211289987e+01
1.188032652373285281e+01
1.188026392810654563e+01
1.188024934482335127e+01
1.188030617660801447e+01
1.188034330233873170e+01
1.188030119198968393e+01
1.188024736451081687e+01
1.188026811951150563e+01
1.188033015375619250e+01
1.188033396388994767e+01
1.188027340265942478e+01
1.188024553618108037e+01
1.188029499606333061e+01
1.188034241182277029e+01
1.188031168384139136e+01
1.188025201117835650e+01
1.188025899962656595e+01
1.188032135562543345e+01
1.188033899634236512e+01
1.188028353556427419e+01
1.188024380185995987e+01
1.188028339973226188e+01
1.188033871857787993e+01
1.188032093467572459e+01
1.188025844286812394e+01
1.188025132482157176e+01
1.188031086560327942e+01
1.188034145835837663e+01
1.188029391322141670e+01
1.188024433507268185e+01
1.188027208749205954e+01
1.188033253139546730e+01
1.188032860564799975e+01
1.188026646796894781e+01
1.188024562133297479e+01
1.188029935844974894e+01
1.188034137630157261e+01
1.188030416599801597e+01
1.188024726582398927e+01
1.188026179042003250e+01
1.188032432615765899e+01
1.188033447579817903e+01
1.188027584875861287e+01
1.188024234449599348e+01
1.188028758255088846e+01
1.188033892227477928e+01
1.188031394427897247e+01
1.188025261263487842e+01
1.188025319193999252e+01
1.188031467765012117e+01
1.188033840691976906e+01
1.188028626724218739e+01
1.188024181123729583e+01
1.188027627817569432e+01
1.188033436004591614e+01
1.188032288936416769e+01
1.188026023572018808e+01
1.188024684984847212e+01
1.188030418843408675e+01
1.188034030778462125e+01
1.188029729781966637e+01
1.188024414226880054e+01
1.188026610144839701e+01
1.188032799518128435e+01
1.188033061509027632e+01
1.188026980757475215e+01
1.188024313388972075e+01
1.188029342794426846e+01
1.188034011099331089e+01
1.188030840165190050e+01
1.188024922940224748e+01
1.188025756732178451e+01
1.188032013997302627e+01
1.188033671085380583e+01
1.188028081406168646e+01
1.188024219250594093e+01
1.188028289214274835e+01
1.188033776930740970e+01
1.188031895020331064e+01
1.188025673855986852e+01
1.188025102211697615e+01
1.188031109927516304e+01
1.188034076851498710e+01
1.188029258996172999e+01
1.188024395610753459e+01
1.188027299013900873e+01
1.188033327261039851e+01
1.188032827593561080e+01
1.188026614880542908e+01
1.188024664912275696e+01
1.188030117878189884e+01
1.188034242922264028e+01
1.188030438276130418e+01
1.188024817357695184e+01
1.188026405699992516e+01
1.188032668196710873e+01
1.188033574155072358e+01
1.188027681759041343e+01
1.188024450049576863e+01
1.188029071062227793e+01
1.188034144198944553e+01
1.188031543239303289e+01
1.188025446939327701e+01
1.188025638279738594e+01
1.188031817167469129e+01
1.188034081597610836e+01
1.188028805750737860e+01
1.188024454086624537e+01
1.188028008360641508e+01
1.188033772179735514e+01
1.188032505292860286e+01
1.188026240560808944e+01
1.188025024213524539e+01
1.188030806467872935e+01
1.188034314307886774e+01
1.188029921002290834e+01
1.188024668709448051e+01
1.188026976201584084e+01
1.188033139169491470e+01
1.188033270204701175e+01
1.188027153525668034e+01
1.188024590988870166e+01
1.188029684573993805e+01
1.188034258797019227e+01
