1.188024147592622981e+01
1.188022971544720008e+01
1.188019443405714526e+01
1.188013563189719335e+01
1.188005330920255709e+01
1.187994746630252152e+01
1.187981810362046531e+01
1.187966522167383410e+01
1.187948882107415649e+01
1.187928890252702807e+01
1.187906546683213449e+01
1.187881851488320351e+01
1.187854804766806005e+01
1.187825406626856228e+01
1.187793657186063534e+01
1.187759556571425890e+01
1.187723104919345829e+01
1.187684302375629741e+01
1.187643149095486983e+01
1.187599645243532187e+01
1.187553790993779401e+01
1.187505586529646173e+01
1.187455032043949998e+01
1.187402127738909563e+01
1.187346873826140659e+01
1.187289270526660623e+01
1.187229318070880346e+01
1.187167016698610666e+01
1.187102366659058283e+01
1.187035368210821140e+01
1.186966021621894640e+01
1.186894327169663477e+01
1.186820285140906428e+01
1.186743895831791384e+01
1.186665159547875348e+01
1.186584076604103011e+01
1.186500647324806579e+01
1.186414872043702751e+01
1.186326751103892896e+01
1.186236284857860035e+01
1.186143473667469728e+01
1.186048317903966343e+01
1.185950817947971991e+01
1.185850974189488127e+01
1.185748787027888085e+01
1.185644256871920810e+01
1.185537384139707306e+01
1.185428169258737796e+01
1.185316612665871716e+01
1.185202714807335589e+01
1.185086476138720357e+01
1.184967897124980674e+01
1.184846978240432414e+01
1.184723719968751077e+01
1.184598122802969300e+01
1.184470187245476325e+01
1.184339913808013378e+01
1.184207303011674206e+01
1.184072355386901876e+01
1.183935071473486822e+01
1.183795451820564182e+01
1.183653496986613085e+01
1.183509207539452390e+01
1.183362584056239264e+01
1.183213627123467759e+01
1.183062337336965264e+01
1.182908715301890901e+01
1.182752761632732152e+01
1.182594476953304508e+01
1.182433861896745952e+01
1.182270917105515906e+01
1.182105643231393977e+01
1.181938040935475343e+01
1.181768110888168621e+01
1.181595853769194449e+01
1.181421270267580326e+01
1.181244361081660088e+01
1.181065126919071240e+01
1.180883568496749092e+01
1.180699686540927118e+01
1.180513481787133756e+01
1.180324954980186902e+01
1.180134106874194444e+01
1.179940938232547509e+01
1.179745449827921000e+01
1.179547642442268618e+01
1.179347516866818424e+01
1.179145073902073371e+01
1.178940314357805619e+01
1.178733239053051562e+01
1.178523848816113606e+01
1.178312144484550927e+01
1.178098126905182319e+01
1.177881796934076419e+01
1.177663155436553133e+01
1.177442203287178479e+01
1.177218941369760685e+01
1.176993370577346809e+01
1.176765491812220255e+01
1.176535305985895086e+01
1.176302814019115139e+01
1.176068016841847097e+01
1.175830915393280485e+01
1.175591510621818792e+01
1.175349803485083378e+01
1.175105794949900329e+01
1.174859485992304720e+01
1.174610877597531733e+01
1.174359970760014349e+01
1.174106766483379261e+01
1.173851265780444031e+01
1.173593469673211054e+01
1.173333379192864001e+01
1.173070995379764980e+01
1.172806319283447962e+01
1.172539351962617538e+01
1.172270094485142877e+01
1.171998547928053291e+01
1.171724713377534854e+01
1.171448591928924898e+01
1.171170184686709170e+01
1.170889492764516682e+01
1.170606517285113846e+01
1.170321259380402523e+01
1.170033720191414517e+01
1.169743900868305886e+01
1.169451802570353394e+01
1.169157426465949534e+01
1.168860773732598979e+01
1.168561845556912004e+01
1.168260643134600585e+01
1.167957167670474483e+01
1.167651420378435390e+01
1.167343402481470882e+01
1.167033115211653360e+01
1.166720559810130986e+01
1.166405737527124664e+01
1.166088649621923956e+01
1.165769297362879442e+01
1.165447682027399523e+01
1.165123804901945803e+01
1.164797667282025628e+01
1.164469270472189422e+01
1.164138615786023934e+01
1.163805704546147979e+01
1.163470538084205330e+01
1.163133117740861522e+01
1.162793444865797632e+01
1.162451520817704598e+01
1.162107346964278065e+01
1.161760924682213414e+01
1.161412255357199186e+01
1.161061340383911755e+01
1.160708181166011244e+01
1.160352779116133171e+01
1.159995135655886145e+01
1.159635252215842982e+01
1.159273130235537153e+01
1.158908771163456386e+01
1.158542176457035922e+01
1.158173347582654067e+01
1.157802286015626692e+01
1.157428993240198878e+01
1.157053470749541013e+01
1.156675720045743105e+01
1.156295742639807500e+01
1.155913540051642485e+01
1.155529113810058561e+01
1.155142465452760625e+01
1.154753596526340509e+01
1.154362508586274139e+01
1.153969203196912829e+01
1.153573681931476713e+01
1.153175946372051541e+01
1.152775998109578381e+01
1.152373838743849710e+01
1.151969469883502484e+01
1.151562893146011923e+01
1.151154110157684052e+01
1.150743122553650544e+01
1.150329931977860909e+01
1.149914540083076986e+01
1.149496948530866547e+01
1.149077158991594771e+01
1.148655173144418207e+01
1.148230992677281037e+01
1.147804619286904426e+01
1.147376054678780655e+01
1.146945300567168147e+01
1.146512358675082766e+01
1.146077230734291419e+01
1.145639918485304776e+01
1.145200423677372115e+01
1.144758748068471554e+01
1.144314893425304902e+01
1.143868861523290548e+01
1.143420654146555293e+01
1.142970273087927779e+01
1.142517720148932270e+01
1.142062997139779412e+01
1.141606105879360378e+01
1.141147048195240288e+01
1.140685825923648622e+01
1.140222440909474422e+01
1.139756895006257054e+01
1.139289190076179281e+01
1.138819327990060160e+01
1.138347310627347042e+01
1.137873139876109896e+01
1.137396817633030111e+01
1.136918345803396058e+01
1.136437726301095452e+01
1.135954961048604517e+01
1.135470051976983719e+01
1.134983001025868887e+01
1.134493810143463755e+01
1.134002481286530539e+01
1.133509016420383908e+01
1.133013417518883337e+01
1.132515686564422985e+01
1.132015825547926724e+01
1.131513836468837653e+01
1.131009721335111173e+01
1.130503482163207352e+01
1.129995120978082390e+01
1.129484639813179925e+01
1.128972040710424629e+01
1.128457325720211202e+01
1.127940496901400280e+01
1.127421556321304941e+01
1.126900506055687678e+01
1.126377348188748861e+01
1.125852084813119269e+01
1.125324718029851390e+01
1.124795249948412135e+01
1.124263682686672183e+01
1.123730018370900652e+01
1.123194259135754436e+01
1.122656407124269151e+01
1.122116464487851673e+01
1.121574433386272851e+01
1.121030315987655790e+01
1.120484114468469627e+01
1.119935831013519589e+01
1.119385467815938640e+01
1.118833027077178954e+01
1.118278511007002862e+01
1.117721921823473608e+01
1.117163261752947179e+01
1.116602533030063427e+01
1.116039737897736650e+01
1.115474878607145826e+01
1.114907957417728568e+01
1.114338976597167630e+01
1.113767938421386106e+01
1.113194845174536063e+01
1.112619699148989660e+01
1.112042502645330089e+01
1.111463257972342689e+01
1.110881967447005181e+01
1.110298633394479140e+01
1.109713258148099868e+01
1.109125844049367693e+01
1.108536393447938551e+01
1.107944908701613151e+01
1.107351392176330229e+01
1.106755846246155528e+01
1.106158273293270788e+01
1.105558675707968419e+01
1.104957055888637107e+01
1.104353416241755426e+01
1.103747759181881172e+01
1.103140087131641778e+01
1.102530402521725073e+01
1.101918707790868091e+01
1.101305005385848901e+01
1.100689297761477015e+01
1.100071587380581661e+01
1.099451876714003085e+01
1.098830168240584193e+01
1.098206464447157238e+01
1.097580767828536707e+01
1.096953080887508136e+01
1.096323406134818690e+01
1.095691746089166685e+01
1.095058103277191108e+01
1.094422480233462380e+01
1.093784879500472229e+01
1.093145303628622322e+01
1.092503755176215208e+01
1.091860236709444365e+01
1.091214750802382483e+01
1.090567300036972220e+01
1.089917887003015728e+01
1.089266514298164701e+01
1.088613184527908828e+01
1.087957900305566206e+01
1.087300664252273208e+01
1.086641478996972410e+01
1.085980347176404948e+01
1.085317271435096842e+01
1.084652254425349938e+01
1.083985298807231246e+01
1.083316407248563173e+01
1.082645582424910025e+01
1.081972827019571071e+01
1.081298143723566696e+01
1.080621535235628627e+01
1.079943004262190698e+01
1.079262553517375878e+01
1.078580185722986151e+01
1.077895903608491324e+01
1.077209709911019253e+01
1.076521607375343770e+01
1.075831598753874196e+01
1.075139686806643979e+01
1.074445874301300208e+01
1.073750164013091890e+01
1.073052558724859118e+01
1.072353061227022408e+01
1.071651674317569913e+01
1.070948400802049427e+01
1.070243243493553464e+01
1.069536205212711266e+01
1.068827288787673524e+01
1.068116497054105807e+01
1.067403832855173818e+01
1.066689299041534156e+01
1.065972898471320640e+01
1.065254634010134360e+01
1.064534508531032131e+01
1.063812524914515123e+01
1.063088686048517140e+01
1.062362994828392360e+01
1.061635454156904856e+01
1.060906066944216164e+01
1.060174836107874086e+01
1.059441764572801148e+01
1.058706855271282699e+01
1.057970111142954828e+01
1.057231535134792821e+01
1.056491130201099793e+01
1.055748899303494959e+01
1.055004845410900316e+01
1.054258971499530873e+01
1.053511280552880791e+01
1.052761775561713620e+01
1.052010459524047548e+01
1.051257335445145991e+01
1.050502406337504624e+01
1.049745675220838592e+01
1.048987145122071141e+01
1.048226819075322069e+01
1.047464700121894055e+01
1.046700791310262169e+01
1.045935095696060912e+01
1.045167616342071248e+01
1.044398356318209764e+01
1.043627318701515883e+01
1.042854506576138363e+01
1.042079923033325173e+01
1.041303571171409281e+01
1.040525454095796931e+01
1.039745574918955739e+01
1.038963936760401197e+01
1.038180542746684587e+01
1.037395396011381443e+01
1.036608499695077334e+01
1.035819856945357031e+01
1.035029470916789407e+01
1.034237344770918732e+01
1.033443481676247622e+01
1.032647884808227801e+01
1.031850557349245534e+01
1.031051502488609906e+01
1.030250723422539139e+01
1.029448223354147984e+01
1.028644005493436175e+01
1.027838073057273682e+01
1.027030429269389344e+01
1.026221077360357903e+01
1.025410020567585079e+01
1.024597262135296916e+01
1.023782805314526456e+01
1.022966653363100242e+01
1.022148809545624104e+01
1.021329277133472679e+01
1.020508059404774492e+01
1.019685159644399342e+01
1.018860581143945154e+01
1.018034327201725020e+01
1.017206401122753157e+01
1.016376806218733719e+01
1.015545545808044103e+01
1.014712623215725351e+01
1.013878041773466521e+01
1.013041804819592784e+01
1.012203915699050327e+01
1.011364377763394806e+01
1.010523194370776601e+01
1.009680368885928026e+01
1.008835904680150364e+01
1.007989805131299121e+01
1.007142073623771417e+01
1.006292713548492124e+01
1.005441728302900017e+01
1.004589121290935694e+01
1.003734895923025583e+01
1.002879055616070048e+01
1.002021603793428994e+01
1.001162543884909084e+01
1.000301879326748278e+01
9.994396135616039345e+00
9.985757500385380681e+00
9.977102922130034912e+00
9.968432435468303154e+00
9.959746075082119177e+00
9.951043875716917952e+00
9.942325872181477564e+00
9.933592099347807292e+00
9.924842592150982412e+00
9.916077385589026960e+00
9.907296514722744973e+00
9.898500014675617464e+00
9.889687920633628337e+00
9.880860267845141820e+00
9.872017091620760354e+00
9.863158427333171829e+00
9.854284310417028792e+00
9.845394776368781464e+00
9.836489860746553404e+00
9.827569599170002945e+00
9.818634027320156221e+00
9.809683180939289926e+00
9.800717095830783876e+00
9.791735807858957585e+00
9.782739352948960132e+00
9.773727767086588969e+00
9.764701086318183343e+00
9.755659346750451988e+00
9.746602584550343451e+00
9.737530835944889773e+00
9.728444137221076815e+00
9.719342524725687937e+00
9.710226034865154787e+00
9.701094704105432953e+00
9.691948568971829658e+00
9.682787666048870534e+00
9.673612031980157511e+00
9.664421703468217828e+00
9.655216717274349492e+00
9.645997110218480941e+00
9.636762919179039599e+00
9.627514181092765355e+00
9.618250932954605759e+00
9.608973211817538385e+00
9.599681054792435830e+00
9.590374499047912948e+00
9.581053581810181186e+00
9.571718340362897592e+00
9.562368812047013833e+00
9.553005034260632300e+00
9.543627044458851572e+00
9.534234880153617198e+00
9.524828578913576038e+00
9.515408178363918168e+00
9.505973716186231215e+00
9.496525230118356475e+00
9.487062757954223713e+00
9.477586337543709050e+00
9.468096006792480424e+00
9.458591803661848374e+00
9.449073766168611499e+00
9.439541932384912570e+00
9.429996340438066227e+00
9.420437028510431077e+00
9.410864034839248049e+00
9.401277397716469864e+00
9.391677155488636686e+00
9.382063346556700267e+00
9.372436009375892496e+00
9.362795182455538878e+00
9.353140904358943075e+00
9.343473213703198610e+00
9.333792149159059193e+00
9.324097749450766415e+00
9.314390053355907639e+00
9.304669099705256130e+00
9.294934927382609402e+00
9.285187575324648890e+00
9.275427082520767641e+00
9.265653488012924655e+00
9.255866830895477904e+00
9.246067150315054661e+00
9.236254485470356101e+00
9.226428875612029401e+00
9.216590360042506092e+00
9.206738978115827976e+00
9.196874769237513902e+00
9.186997772864383904e+00
9.177108028504413539e+00
9.167205575716565136e+00
9.157290454110635025e+00
9.147362703347100776e+00
9.137422363136948888e+00
9.127469473241527353e+00
9.117504073472384007e+00
9.107526203691101330e+00
9.097535903809149005e+00
9.087533213787711617e+00
9.077518173637532328e+00
9.067490823418763668e+00
9.057451203240793447e+00
9.047399353262086663e+00
9.037335313690029182e+00
9.027259124780766086e+00
9.017170826839040032e+00
9.007070460218029595e+00
8.996958065319187625e+00
8.986833682592081374e+00
8.976697352534227292e+00
8.966549115690931160e+00
8.956389012655126436e+00
8.946217084067216163e+00
8.936033370614897109e+00
8.925837913033008775e+00
8.915630752103369971e+00
8.905411928654610065e+00
8.895181483562009106e+00
8.884939457747336178e+00
8.874685892178675317e+00
8.864420827870283404e+00
8.854144305882392985e+00
8.843856367321091483e+00
8.833557053338108034e+00
8.823246405130689141e+00
8.812924463941415709e+00
8.802591271058036071e+00
8.792246867813309663e+00
8.781891295584834722e+00
8.771524595794888413e+00
8.761146809910250965e+00
8.750757979442060019e+00
8.740358145945611668e+00
8.729947351020239665e+00
8.719525636309098715e+00
8.709093043499041897e+00
8.698649614320423495e+00
8.688195390546946228e+00
8.677730413995490721e+00
8.667254726525946751e+00
8.656768370041056926e+00
8.646271386486228394e+00
8.635763817849381851e+00
8.625245706160777459e+00
8.614717093492849642e+00
8.604178021960031231e+00
8.593628533718598916e+00
8.583068670966492064e+00
8.572498475943145735e+00
8.561917990929321931e+00
8.551327258246951502e+00
8.540726320258951176e+00
8.530115219369056589e+00
8.519493998021657077e+00
8.508862698701626925e+00
8.498221363934147732e+00
8.487570036284541430e+00
8.476908758358108642e+00
8.466237572799943933e+00
8.455556522294775945e+00
8.444865649566791532e+00
8.434164997379470563e+00
8.423454608535406507e+00
8.412734525876137681e+00
8.402004792281983825e+00
8.391265450671863135e+00
8.380516544003127066e+00
8.369758115271391574e+00
8.358990207510352377e+00
8.348212863791626859e+00
8.337426127224579986e+00
8.326630040956139567e+00
8.315824648170638156e+00
8.305009992089631865e+00
8.294186115971729834e+00
8.283353063112423698e+00
8.272510876843908179e+00
8.261659600534917658e+00
8.250799277590537883e+00
8.239929951452053203e+00
8.229051665596742282e+00
8.218164463537746656e+00
8.207268388823854011e+00
8.196363485039347196e+00
8.185449795803828366e+00
8.174527364772041338e+00
8.163596235633693965e+00
8.152656452113291152e+00
8.141708057969946566e+00
8.130751096997228089e+00
8.119785613022962423e+00
8.108811649909071662e+00
8.097829251551388552e+00
8.086838461879500173e+00
8.075839324856545431e+00
8.064831884479062296e+00
8.053816184776790621e+00
8.042792269812519379e+00
8.031760183681893039e+00
8.020719970513241037e+00
8.009671674467401914e+00
7.998615339737543017e+00
7.987551010548989971e+00
7.976478731159044600e+00
7.965398545856810841e+00
7.954310498963015341e+00
7.943214634829828036e+00
7.932110997840692512e+00
7.920999632410140379e+00
7.909880582983622510e+00
7.898753894037318091e+00
7.887619610077970300e+00
7.876477775642697132e+00
7.865328435298824417e+00
7.854171633643697525e+00
7.843007415304508179e+00
7.831835824938115920e+00
7.820656907230866928e+00
7.809470706898412828e+00
7.798277268685546382e+00
7.787076637366002529e+00
7.775868857742291418e+00
7.764653974645518986e+00
7.753432032935200446e+00
7.742203077499086206e+00
7.730967153252986002e+00
7.719724305140579723e+00
7.708474578133245991e+00
7.697218017229880083e+00
7.685954667456706524e+00
7.674684573867110338e+00
7.663407781541451413e+00
7.652124335586887760e+00
7.640834281137180106e+00
7.629537663352538246e+00
7.618234527419415869e+00
7.606924918550339143e+00
7.595608881983733518e+00
7.584286462983724775e+00
7.572957706839979153e+00
7.561622658867502622e+00
7.550281364406472129e+00
7.538933868822051743e+00
7.527580217504207027e+00
7.516220455867528294e+00
7.504854629351048523e+00
7.493482783418058624e+00
7.482104963555927135e+00
7.470721215275916371e+00
7.459331584113007452e+00
7.447936115625704012e+00
7.436534855395869670e+00
7.425127849028531735e+00
7.413715142151694693e+00
7.402296780416177668e+00
7.390872809495404816e+00
7.379443275085249887e+00
7.368008222903831950e+00
7.356567698691352852e+00
7.345121748209882284e+00
7.333670417243213002e+00
7.322213751596653886e+00
7.310751797096849636e+00
7.299284599591607581e+00
7.287812204949697836e+00
7.276334659060685439e+00
7.264852007834737613e+00
7.253364297202447908e+00
7.241871573114638139e+00
7.230373881542193182e+00
7.218871268475862024e+00
7.207363779926079239e+00
7.195851461922790016e+00
7.184334360515245876e+00
7.172812521771841254e+00
7.161285991779910098e+00
7.149754816645560673e+00
7.138219042493479272e+00
7.126678715466745473e+00
7.115133881726651843e+00
7.103584587452518306e+00
7.092030878841503849e+00
7.080472802108433328e+00
7.068910403485593186e+00
7.057343729222564477e+00
7.045772825586028354e+00
7.034197738859586657e+00
7.022618515343566514e+00
7.011035201354848923e+00
6.999447843226672461e+00
6.987856487308458320e+00
6.976261179965611348e+00
6.964661967579344193e+00
6.953058896546495227e+00
6.941452013279331368e+00
6.929841364205366894e+00
6.918226995767187582e+00
6.906608954422248203e+00
6.894987286642701996e+00
6.883362038915199932e+00
6.871733257740719303e+00
6.860100989634372759e+00
6.848465281125212911e+00
6.836826178756060912e+00
6.825183729083310169e+00
6.813537978676742490e+00
6.801888974119342457e+00
6.790236762007118010e+00
6.778581388948900610e+00
6.766922901566162274e+00
6.755261346492842378e+00
6.743596770375140714e+00
6.731929219871351400e+00
6.720258741651658596e+00
6.708585382397958874e+00
6.696909188803673807e+00
6.685230207573562566e+00
6.673548485423535404e+00
6.661864069080466244e+00
6.650177005282000842e+00
6.638487340776382695e+00
6.626795122322249654e+00
6.615100396688467832e+00
6.603403210653915778e+00
6.591703611007327268e+00
6.580001644547082584e+00
6.568297358081034432e+00
6.556590798426311650e+00
6.544882012409134475e+00
6.533171046864636899e+00
6.521457948636662394e+00
6.509742764577589824e+00
6.498025541548136275e+00
6.486306326417181189e+00
6.474585166061569197e+00
6.462862107365925368e+00
6.451137197222468700e+00
6.439410482530826485e+00
6.427682010197838025e+00
6.415951827137380548e+00
6.404219980270168477e+00
6.392486516523574913e+00
6.380751482831438004e+00
6.369014926133878873e+00
6.357276893377104443e+00
6.345537431513235127e+00
6.333796587500098774e+00
6.322054408301059247e+00
6.310310940884813036e+00
6.298566232225219608e+00
6.286820329301096244e+00
6.275073279096034184e+00
6.263325128598226321e+00
6.251575924800254924e+00
6.239825714698917558e+00
6.228074545295041453e+00
6.216322463593288994e+00
6.204569516601972090e+00
6.192815751332859442e+00
6.181061214800998016e+00
6.169305954024519423e+00
6.157550016024452511e+00
6.145793447824530631e+00
6.134036296451010450e+00
6.122278608932486321e+00
6.110520432299684224e+00
6.098761813585303670e+00
6.087002799823800991e+00
6.075243438051213474e+00
6.063483775304976398e+00
6.051723858623718755e+00
6.039963735047098936e+00
6.028203451615592456e+00
6.016443055370313431e+00
6.004682593352837827e+00
5.992922112604993856e+00
5.981161660168691441e+00
5.969401283085722376e+00
5.957641028397580030e+00
5.945880943145266606e+00
5.934121074369111959e+00
5.922361469108568421e+00
5.910602174402047382e+00
5.898843237286707009e+00
5.887084704798284385e+00
5.875326623970893003e+00
5.863569041836838025e+00
5.851812005426431540e+00
5.840055561767807824e+00
5.828299757886724386e+00
5.816544640806379896e+00
5.804790257547226773e+00
5.793036655126786449e+00
5.781283880559445976e+00
5.769531980856291931e+00
5.757781003024910582e+00
5.746030994069191600e+00
5.734282000989157524e+00
5.722534070780765703e+00
5.710787250435719997e+00
5.699041586941288706e+00
5.687297127280107389e+00
5.675553918429999456e+00
5.663812007363786982e+00
5.652071441049096201e+00
5.640332266448175425e+00
5.628594530517710304e+00
5.616858280208628429e+00
5.605123562465915477e+00
5.593390424228424251e+00
5.581658912428694386e+00
5.569929073992759605e+00
5.558200955839951440e+00
5.546474604882733139e+00
5.534750068026489167e+00
5.523027392169356453e+00
5.511306624202015669e+00
5.499587811007526916e+00
5.487870999461127219e+00
5.476156236430047564e+00
5.464443568773323712e+00
5.452733043341608798e+00
5.441024706976993919e+00
5.429318606512803846e+00
5.417614788773427392e+00
5.405913300574120228e+00
5.394214188720814818e+00
5.382517500009949885e+00
5.370823281228261692e+00
5.359131579152609959e+00
5.347442440549786014e+00
5.335755912176329829e+00
5.324072040778339954e+00
5.312390873091285215e+00
5.300712455839819093e+00
5.289036835737600306e+00
5.277364059487090309e+00
5.265694173779378318e+00
5.254027225293992132e+00
5.242363260698709837e+00
5.230702326649375067e+00
5.219044469789708707e+00
5.207389736751120601e+00
5.195738174152529254e+00
5.184089828600168204e+00
5.172444746687407502e+00
5.160802974994552095e+00
5.149164560088681064e+00
5.137529548523435352e+00
5.125897986838844567e+00
5.114269921561139576e+00
5.102645399202570431e+00
5.091024466261205639e+00
5.079407169220764295e+00
5.067793554550418911e+00
5.056183668704613332e+00
5.044577558122874450e+00
5.032975269229626569e+00
5.021376848434014661e+00
5.009782342129702748e+00
4.998191796694704259e+00
4.986605258491182191e+00
4.975022773865274139e+00
4.963444389146905777e+00
4.951870150649596347e+00
4.940300104670289016e+00
4.928734297489148375e+00
4.917172775369389903e+00
4.905615584557085462e+00
4.894062771280986546e+00
4.882514381752326216e+00
4.870970462164647685e+00
4.859431058693615135e+00
4.847896217496828974e+00
4.836365984713635768e+00
4.824840406464953269e+00
4.813319528853076790e+00
4.801803397961501574e+00
4.790292059854738937e+00
4.778785560578122649e+00
4.767283946157635732e+00
4.755787262599721288e+00
4.744295555891097749e+00
4.732808871998575029e+00
4.721327256868875999e+00
4.709850756428443752e+00
4.698379416583266632e+00
4.686913283218687276e+00
4.675452402199224089e+00
4.663996819368384728e+00
4.652546580548489352e+00
4.641101731540473452e+00
4.629662318123718201e+00
4.618228386055866608e+00
4.606799981072624561e+00
4.595377148887603624e+00
4.583959935192113200e+00
4.572548385654995329e+00
4.561142545922429292e+00
4.549742461617762856e+00
4.538348178341315986e+00
4.526959741670205872e+00
4.515577197158167522e+00
4.504200590335358356e+00
4.492829966708193012e+00
4.481465371759153271e+00
4.470106850946602428e+00
4.458754449704607659e+00
4.447408213442756164e+00
4.436068187545982866e+00
4.424734417374375894e+00
4.413406948262997176e+00
4.402085825521710127e+00
4.390771094434988697e+00
4.379462800261746835e+00
4.368160988235141318e+00
4.356865703562409209e+00
4.345576991424669799e+00
4.334294896976759404e+00
4.323019465347040402e+00
4.311750741637222717e+00
4.300488770922190618e+00
4.289233598249806434e+00
4.277985268640748906e+00
4.266743827088319563e+00
4.255509318558272192e+00
4.244281787988624544e+00
4.233061280289483364e+00
4.221847840342866753e+00
4.210641513002515879e+00
4.199442343093728880e+00
4.188250375413167248e+00
4.177065654728688848e+00
4.165888225779160514e+00
4.154718133274283964e+00
4.143555421894414614e+00
4.132400136290381276e+00
4.121252321083312964e+00
4.110112020864455040e+00
4.098979280194995134e+00
4.087854143605879287e+00
4.076736655597639647e+00
4.065626860640212392e+00
4.054524803172762759e+00
4.043430527603507407e+00
4.032344078309533231e+00
4.021265499636621499e+00
4.010194835899075549e+00
3.999132131379529831e+00
3.988077430328791806e+00
3.977030776965649661e+00
3.965992215476703997e+00
3.954961790016182199e+00
3.943939544705774569e+00
3.932925523634446474e+00
3.921919770858267373e+00
3.910922330400235403e+00
3.899933246250093966e+00
3.888952562364170973e+00
3.877980322665180335e+00
3.867016571042070971e+00
3.856061351349833632e+00
3.845114707409333032e+00
3.834176683007128439e+00
3.823247321895305362e+00
3.812326667791290813e+00
3.801414764377688105e+00
3.790511655302097882e+00
3.779617384176940043e+00
3.768731994579284539e+00
3.757855530050675075e+00
3.746988034096956799e+00
3.736129550188098669e+00
3.725280121758020258e+00
3.714439792204423441e+00
3.703608604888607214e+00
3.692786603135312706e+00
3.681973830232528222e+00
3.671170329431331147e+00
3.660376143945712091e+00
3.649591316952398135e+00
3.638815891590682305e+00
3.628049910962252156e+00
3.617293418131015237e+00
3.606546456122928568e+00
3.595809067925827218e+00
3.585081296489246672e+00
3.574363184724261622e+00
3.563654775503303895e+00
3.552956111659995031e+00
3.542267235988975305e+00
3.531588191245736752e+00
3.520919020146441092e+00
3.510259765367759854e+00
3.499610469546695857e+00
3.488971175280423331e+00
3.478341925126098744e+00
3.467722761600712911e+00
3.457113727180902707e+00
3.446514864302795189e+00
3.435926215361823299e+00
3.425347822712573986e+00
3.414779728668599024e+00
3.404221975502263575e+00
3.393674605444564563e+00
3.383137660684969461e+00
3.372611183371240884e+00
3.362095215609277155e+00
3.351589799462932451e+00
3.341094976953860485e+00
3.330610790061333759e+00
3.320137280722087691e+00
3.309674490830146087e+00
3.299222462236655051e+00
3.288781236749713344e+00
3.278350856134209401e+00
3.267931362111652138e+00
3.257522796360003081e+00
3.247125200513513388e+00
3.236738616162549320e+00
3.226363084853437257e+00
3.215998648088286949e+00
3.205645347324833416e+00
3.195303223976263762e+00
3.184972319411059960e+00
3.174652674952823883e+00
3.164344331880120542e+00
3.154047331426310219e+00
3.143761714779378824e+00
3.133487523081778914e+00
3.123224797430266264e+00
3.112973578875727565e+00
3.102733908423024989e+00
3.092505827030824328e+00
3.082289375611438675e+00
3.072084595030661003e+00
3.061891526107600736e+00
3.051710209614515890e+00
3.041540686276663408e+00
3.031382996772121086e+00
3.021237181731633470e+00
3.011103281738444881e+00
3.000981337328146648e+00
2.990871388988499913e+00
2.980773477159285978e+00
2.970687642232135772e+00
2.960613924550378862e+00
2.950552364408870698e+00
2.940503002053839854e+00
2.930465877682720599e+00
2.920441031443998803e+00
2.910428503437043180e+00
2.900428333711955631e+00
2.890440562269399383e+00
2.880465229060451549e+00
2.870502373986424605e+00
2.860552036898730499e+00
2.850614257598702572e+00
2.840689075837444566e+00
2.830776531315671196e+00
2.820876663683547392e+00
2.810989512540528867e+00
2.801115117435208468e+00
2.791253517865153633e+00
2.781404753276749631e+00
2.771568863065040134e+00
2.761745886573574005e+00
2.751935863094243651e+00
2.742138831867131366e+00
2.732354832080344575e+00
2.722583902869876837e+00
2.712826083319424875e+00
2.703081412460257571e+00
2.693349929271044996e+00
2.683631672677706970e+00
2.673926681553254969e+00
2.664234994717642468e+00
2.654556650937603290e+00
2.644891688926500617e+00
2.635240147344167116e+00
2.625602064796759727e+00
2.615977479836592234e+00
2.606366430961994496e+00
2.596768956617147683e+00
2.587185095191936401e+00
2.577614885021794144e+00
2.568058364387549641e+00
2.558515571515270981e+00
2.548986544576117730e+00
2.539471321686183725e+00
2.529969940906350967e+00
2.520482440242126643e+00
2.511008857643502790e+00
2.501549231004793761e+00
2.492103598164499445e+00
2.482671996905133849e+00
2.473254464953091425e+00
2.463851039978485424e+00
2.454461759595006232e+00
2.445086661359760161e+00
2.435725782773129122e+00
2.426379161278614749e+00
2.417046834262690957e+00
2.407728839054651626e+00
2.398425212926467154e+00
2.389135993092628585e+00
2.379861216710004168e+00
2.370600920877684814e+00
2.361355142636842874e+00
2.352123918970578931e+00
2.342907286803776579e+00
2.333705283002948772e+00
2.324517944376101486e+00
2.315345307672576070e+00
2.306187409582908465e+00
2.297044286738675556e+00
2.287915975712358829e+00
2.278802513017190723e+00
2.269703935107008519e+00
2.260620278376110459e+00
2.251551579159115857e+00
2.242497873730804336e+00
2.233459198305988824e+00
2.224435589039358341e+00
2.215427082025338112e+00
2.206433713297942134e+00
2.197455518830635501e+00
2.188492534536183420e+00
2.179544796266511320e+00
2.170612339812560077e+00
2.161695200904144798e+00
2.152793415209807826e+00
2.143907018336678849e+00
2.135036045830336793e+00
2.126180533174657494e+00
2.117340515791680033e+00
2.108516029041463291e+00
2.099707108221940288e+00
2.090913788568786291e+00
2.082136105255264269e+00
2.073374093392097883e+00
2.064627788027323163e+00
2.055897224146146840e+00
2.047182436670818007e+00
2.038483460460470020e+00
2.029800330310999712e+00
2.021133080954912842e+00
2.012481747061198423e+00
2.003846363235177286e+00
1.995226964018377291e+00
1.986623583888379896e+00
1.978036257258696473e+00
1.969465018478621099e+00
1.960909901833098434e+00
1.952370941542582061e+00
1.943848171762903476e+00
1.935341626585128649e+00
1.926851340035428795e+00
1.918377346074937151e+00
1.909919678599620418e+00
1.901478371440134207e+00
1.893053458361699359e+00
1.884644973063954065e+00
1.876252949180829521e+00
1.867877420280408707e+00
1.859518419864799155e+00
1.851175981369988399e+00
1.842850138165721630e+00
1.834540923555358471e+00
1.826248370775746421e+00
1.817972512997087176e+00
1.809713383322799407e+00
1.801471014789391756e+00
1.793245440366326937e+00
1.785036692955891624e+00
1.776844805393063664e+00
1.768669810445384405e+00
1.760511740812821246e+00
1.752370629127641521e+00
1.744246507954282155e+00
1.736139409789216881e+00
1.728049367060827679e+00
1.719976412129273324e+00
1.711920577286364820e+00
1.703881894755429283e+00
1.695860396691186489e+00
1.687856115179617422e+00
1.679869082237839040e+00
1.671899329813971491e+00
1.663946889787013772e+00
1.656011793966714496e+00
1.648094074093449324e+00
1.640193761838084185e+00
1.632310888801858484e+00
1.624445486516253645e+00
1.616597586442869439e+00
1.608767219973294971e+00
1.600954418428985448e+00
1.593159213061136503e+00
1.585381635050559179e+00
1.577621715507555811e+00
1.569879485471794567e+00
1.562154975912184218e+00
1.554448217726752901e+00
1.546759241742523328e+00
1.539088078715389107e+00
1.531434759329992179e+00
1.523799314199600241e+00
1.516181773865982629e+00
1.508582168799292633e+00
1.501000529397936267e+00
1.493436885988465246e+00
1.485891268825441314e+00
1.478363708091323891e+00
1.470854233896343954e+00
1.463362876278390345e+00
1.455889665202882544e+00
1.448434630562654979e+00
1.440997802177837350e+00
1.433579209795731391e+00
1.426178883090698291e+00
1.418796851664033465e+00
1.411433145043854642e+00
1.404087792684977742e+00
1.396760823968801191e+00
1.389452268203191787e+00
1.382162154622361694e+00
1.374890512386756969e+00
1.367637370582934997e+00
1.360402758223454578e+00
1.353186704246754468e+00
1.345989237517042358e+00
1.338810386824174747e+00
1.331650180883544810e+00
1.324508648335966265e+00
1.317385817747561916e+00
1.310281717609641294e+00
1.303196376338598750e+00
1.296129822275787991e+00
1.289082083687416169e+00
1.282053188764427976e+00
1.275043165622394836e+00
1.268052042301399007e+00
1.261079846765924550e+00
1.254126606904744312e+00
1.247192350530809124e+00
1.240277105381134115e+00
1.233380899116691687e+00
1.226503759322297604e+00
1.219645713506501306e+00
1.212806789101476879e+00
1.205987013462913815e+00
1.199186413869904211e+00
1.192405017524837962e+00
1.185642851553291743e+00
1.178899943003920647e+00
1.172176318848348497e+00
1.165472005981064374e+00
1.158787031219310482e+00
1.152121421302976900e+00
1.145475202894493449e+00
1.138848402578726215e+00
1.132241046862867417e+00
1.125653162176330602e+00
1.119084774870646060e+00
1.112535911219352913e+00
1.106006597417899640e+00
1.099496859583531272e+00
1.093006723755190146e+00
1.086536215893411761e+00
1.080085361880218420e+00
1.073654187519017533e+00
1.067242718534498147e+00
1.060850980572527247e+00
1.054478999200049172e+00
1.048126799904979256e+00
1.041794408096108571e+00
1.035481849102993568e+00
1.029189148175863489e+00
1.022916330485512004e+00
1.016663421123204181e+00
1.010430445100565677e+00
1.004217427349494818e+00
9.980243927220532330e-01
9.918513659903717139e-01
9.856983718465485156e-01
9.795654349025526564e-01
9.734525796901218886e-01
9.673598306606716601e-01
9.612872121851876450e-01
9.552347485541378136e-01
9.492024639773664063e-01
9.431903825840054489e-01
9.371985284223710577e-01
9.312269254598734003e-01
9.252755975829145552e-01
9.193445685967996939e-01
9.134338622256356066e-01
9.075435021122416623e-01
9.016735118180483344e-01
8.958239148230104920e-01
8.899947345255070363e-01
8.841859942422534147e-01
8.783977172082004792e-01
8.726299265764506652e-01
8.668826454181571828e-01
8.611558967224396399e-01
8.554497033962815689e-01
8.497640882644518223e-01
8.440990740694009897e-01
8.384546834711805730e-01
8.328309390473428442e-01
8.272278632928601327e-01
8.216454786200267923e-01
8.160838073583756014e-01
8.105428717545815065e-01
8.050226939723821307e-01
7.995232960924797405e-01
7.940447001124597559e-01
7.885869279466970472e-01
7.831500014262749998e-01
7.777339422988904793e-01
7.723387722287745616e-01
7.669645127965989406e-01
7.616111854993949937e-01
7.562788117504644081e-01
7.509674128792954706e-01
7.456770101314763588e-01
7.404076246686106533e-01
7.351592775682332936e-01
7.299319898237263127e-01
7.247257823442331270e-01
7.195406759545768249e-01
7.143766913951760111e-01
7.092338493219623174e-01
7.041121703062969139e-01
6.990116748348894626e-01
6.939323833097140737e-01
6.888743160479309235e-01
6.838374932818015450e-01
6.788219351586119998e-01
6.738276617405857261e-01
6.688546930048114847e-01
6.639030488431572063e-01
6.589727490621928307e-01
6.540638133831103707e-01
6.491762614416467514e-01
6.443101127880027645e-01
6.394653868867670177e-01
6.346421031168357763e-01
6.298402807713384677e-01
6.250599390575584113e-01
6.203010970968555471e-01
6.155637739245903850e-01
6.108479884900510637e-01
6.061537596563717489e-01
6.014811062004623565e-01
5.968300468129299485e-01
5.922006000980063467e-01
5.875927845734721933e-01
5.830066186705827880e-01
5.784421207339958126e-01
5.738993090216976123e-01
5.693782017049278110e-01
5.648788168681111443e-01
5.604011725087797435e-01
5.559452865375059671e-01
5.515111767778272389e-01
5.470988609661765478e-01
5.427083567518110607e-01
5.383396816967427334e-01
5.339928532756649249e-01
5.296678888758864501e-01
5.253648057972583052e-01
5.210836212521081645e-01
5.168243523651669946e-01
5.125870161735059938e-01
5.083716296264636503e-01
5.041782095855807944e-01
5.000067728245310983e-01
4.958573360290573495e-01
4.917299157969005630e-01
4.876245286377365318e-01
4.835411909731076041e-01
4.794799191363597890e-01
4.754407293725745887e-01
4.714236378385061044e-01
4.674286606025141455e-01
4.634558136445035004e-01
4.595051128558561016e-01
4.555765740393705188e-01
4.516702129091954010e-01
4.477860450907713563e-01
4.439240861207638944e-01
4.400843514470037521e-01
4.362668564284244987e-01
4.324716163350014186e-01
4.286986463476897824e-01
4.249479615583641734e-01
4.212195769697590908e-01
4.175135074954074987e-01
4.138297679595827061e-01
4.101683730972376929e-01
4.065293375539474896e-01
4.029126758858486701e-01
3.993184025595839515e-01
3.957465319522412983e-01
3.921970783512985226e-01
3.886700559545651634e-01
3.851654788701264209e-01
3.816833611162854245e-01
3.782237166215092206e-01
3.747865592243702637e-01
3.713719026734947359e-01
3.679797606275037603e-01
3.646101466549605541e-01
3.612630742343169166e-01
3.579385567538579394e-01
3.546366075116493821e-01
3.513572397154837157e-01
3.481004664828272754e-01
3.448663008407691910e-01
3.416547557259677625e-01
3.384658439845991129e-01
3.352995783723053402e-01
3.321559715541454461e-01
3.290350361045421002e-01
3.259367845072331238e-01
3.228612291552205305e-01
3.198083823507222312e-01
3.167782563051205202e-01
3.137708631389161673e-01
3.107862148816774583e-01
3.078243234719936217e-01
3.048852007574263112e-01
3.019688584944625886e-01
2.990753083484673502e-01
2.962045618936378633e-01
2.933566306129555268e-01
2.905315258981417403e-01
2.877292590496119407e-01
2.849498412764294164e-01
2.821932836962616764e-01
2.794595973353356522e-01
2.767487931283927893e-01
2.740608819186466372e-01
2.713958744577379401e-01
2.687537814056931151e-01
2.661346133308812312e-01
2.635383807099708764e-01
2.609650939278891357e-01
2.584147632777794579e-01
2.558873989609612432e-01
2.533830110868885988e-01
2.509016096731094270e-01
2.484432046452258736e-01
2.460078058368550813e-01
2.435954229895889722e-01
2.412060657529556118e-01
2.388397436843808785e-01
2.364964662491499670e-01
2.341762428203695012e-01
2.318790826789298154e-01
2.296049950134686213e-01
2.273539889203333719e-01
2.251260734035457067e-01
2.229212573747644810e-01
2.207395496532512102e-01
2.185809589658333774e-01
2.164454939468714867e-01
2.143331631382222047e-01
2.122439749892060801e-01
2.101779378565730161e-01
2.081350600044688248e-01
2.061153496044020594e-01
2.041188147352117066e-01
2.021454633830347403e-01
2.001953034412735644e-01
1.982683427105655094e-01
1.963645888987511912e-01
1.944840496208429526e-01
1.926267323989955815e-01
1.907926446624754468e-01
1.889817937476310217e-01
1.871941868978636847e-01
1.854298312635983270e-01
1.836887339022550969e-01
1.819709017782211724e-01
1.802763417628227838e-01
1.786050606342976244e-01
1.769570650777681498e-01
1.753323616852143496e-01
1.737309569554477406e-01
1.721528572940847768e-01
1.705980690135220634e-01
1.690665983329108224e-01
1.675584513781316898e-01
1.660736341817704853e-01
1.646121526830939541e-01
1.631740127280261743e-01
1.617592200691251869e-01
1.603677803655595979e-01
1.589996991830861239e-01
1.576549819940281094e-01
1.563336341772522398e-01
1.550356610181481687e-01
1.537610677086065913e-01
1.525098593469993435e-01
1.512820409381581688e-01
1.500776173933547342e-01
1.488965935302819510e-01
1.477389740730335188e-01
1.466047636520858011e-01
1.454939668042788958e-01
1.444065879727987889e-01
1.433426315071594237e-01
1.423021016631850766e-01
1.412850026029938422e-01
1.402913383949805914e-01
1.393211130138007903e-01
1.383743303403546510e-01
1.374509941617716724e-01
1.365511081713954022e-01
1.356746759687684212e-01
1.348217010596184928e-01
1.339921868558441864e-01
1.331861366755010267e-01
1.324035537427887266e-01
1.316444411880380028e-01
1.309088020476980030e-01
1.301966392643243708e-01
1.295079556865674497e-01
1.288427540691603479e-01
1.282010370729086690e-01
1.275828072646797429e-01
1.269880671173918008e-01
1.264168190100047606e-01
1.258690652275101518e-01
1.253448079609226218e-01
1.248440493072702911e-01
1.243667912695872180e-01
1.239130357569048491e-01
1.234827845842446092e-01
1.230760394726107404e-01
1.226928020489830851e-01
1.223330738463108969e-01
1.219968563035062764e-01
1.216841507654392723e-01
1.213949584829314005e-01
1.211292806127513694e-01
1.208871182176104453e-01
1.206684722661578446e-01
1.204733436329770563e-01
1.203017330985824695e-01
1.201536413494158212e-01
1.200290689778439335e-01
1.199280164821562022e-01
1.198504842665624459e-01
1.197964726411914205e-01
1.197659818220895844e-01
1.197590119312201967e-01
1.197755629964626922e-01
1.198156349516129177e-01
1.198792276363830761e-01
1.199663407964025041e-01
1.200769740832187404e-01
1.202111270542987609e-01
1.203687991730308521e-01
1.205499898087267069e-01
1.207546982366240196e-01
1.209829236378895251e-01
1.212346650996217190e-01
1.215099216148551736e-01
1.218086920825641739e-01
1.221309753076672416e-01
1.224767700010319371e-01
1.228460747794799246e-01
1.232388881657925928e-01
1.236552085887168695e-01
1.240950343829717584e-01
1.245583637892545142e-01
1.250451949542482621e-01
1.255555259306288529e-01
1.260893546770730789e-01
1.266466790582668756e-01
1.272274968449132460e-01
1.278318057137417529e-01
1.284596032475179284e-01
1.291108869350524047e-01
1.297856541712113787e-01
1.304839022569265761e-01
1.312056283992067418e-01
1.319508297111483264e-01
1.327195032119469764e-01
1.335116458269096085e-01
1.343272543874671487e-01
1.351663256311860517e-01
1.360288562017828717e-01
1.369148426491361703e-01
1.378242814293013652e-01
1.387571689045245804e-01
1.397135013432573847e-01
1.406932749201709187e-01
1.416964857161723823e-01
1.427231297184199388e-01
1.437732028203389523e-01
1.448467008216383911e-01
1.459436194283276478e-01
1.470639542527337473e-01
1.482077008135189999e-01
1.493748545356984037e-01
1.505654107506591011e-01
1.517793646961773935e-01
1.530167115164393632e-01
1.542774462620591924e-01
1.555615638900998132e-01
1.568690592640921699e-01
1.581999271540567575e-01
1.595541622365234391e-01
1.609317590945540388e-01
1.623327122177629089e-01
1.637570160023392452e-01
1.652046647510700128e-01
1.666756526733619848e-01
1.681699738852656112e-01
1.696876224094977792e-01
1.712285921754664597e-01
1.727928770192949381e-01
1.743804706838456564e-01
1.759913668187463309e-01
1.776255589804141000e-01
1.792830406320829462e-01
1.809638051438282880e-01
1.826678457925942634e-01
1.843951557622206527e-01
1.861457281434699684e-01
1.879195559340547939e-01
1.897166320386664551e-01
1.915369492690029984e-01
1.933805003437979175e-01
1.952472778888492133e-01
1.971372744370491203e-01
1.990504824284141383e-01
2.009868942101151190e-01
2.029465020365071037e-01
2.049292980691615473e-01
2.069352743768968494e-01
2.089644229358108285e-01
2.110167356293113916e-01
2.130922042481508683e-01
2.151908204904573740e-01
2.173125759617691166e-01
2.194574621750666477e-01
2.216254705508080847e-01
2.238165924169628063e-01
2.260308190090461189e-01
2.282681414701551170e-01
2.305285508510020454e-01
2.328120381099534342e-01
2.351185941130626011e-01
2.374482096341090087e-01
2.398008753546333471e-01
2.421765818639761425e-01
2.445753196593141165e-01
2.469970791456997383e-01
2.494418506360978061e-01
2.519096243514263311e-01
2.544003904205930922e-01
2.569141388805374904e-01
2.594508596762688524e-01
2.620105426609076194e-01
2.645931775957248711e-01
2.671987541501847363e-01
2.698272619019836394e-01
2.724786903370954860e-01
2.751530288498088561e-01
2.778502667427741324e-01
2.805703932270425249e-01
2.833133974221122564e-01
2.860792683559699179e-01
2.888679949651355439e-01
2.916795660947065771e-01
2.945139704984022222e-01
2.973711968386084092e-01
3.002512336864239240e-01
3.031540695217049275e-01
3.060796927331123074e-01
3.090280916181563642e-01
3.119992543832460496e-01
3.149931691437343750e-01
3.180098239239662616e-01
3.210492066573261694e-01
3.241113051862878902e-01
3.271961072624607336e-01
3.303036005466409852e-01
3.334337726088593135e-01
3.365866109284316732e-01
3.397621028940091548e-01
3.429602358036281662e-01
3.461809968647611147e-01
3.494243731943684761e-01
3.526903518189486442e-01
3.559789196745921647e-01
3.592900636070312514e-01
3.626237703716949645e-01
3.659800266337606689e-01
3.693588189682082135e-01
3.727601338598720004e-01
3.761839577034977733e-01
3.796302768037936870e-01
3.830990773754890943e-01
3.865903455433856717e-01
3.901040673424152616e-01
3.936402287176956616e-01
3.971988155245863572e-01
4.007798135287443109e-01
4.043832084061829146e-01
4.080089857433266132e-01
4.116571310370715220e-01
4.153276296948411606e-01
4.190204670346456828e-01
4.227356282851406077e-01
4.264730985856864387e-01
4.302328629864062282e-01
4.340149064482484165e-01
4.378192138430426206e-01
4.416457699535656922e-01
4.454945594735977288e-01
4.493655670079856335e-01
4.532587770727047327e-01
4.571741740949202826e-01
4.611117424130485309e-01
4.650714662768226093e-01
4.690533298473509860e-01
4.730573171971857449e-01
4.770834123103817048e-01
4.811315990825654199e-01
4.852018613209939102e-01
4.892941827446245506e-01
4.934085469841759664e-01
4.975449375821979769e-01
5.017033379931322701e-01
5.058837315833846215e-01
5.100861016313835705e-01
5.143104313276574135e-01
5.185567037748912700e-01
5.228249019880016890e-01
5.271150088942010425e-01
5.314270073330678024e-01
5.357608800566132645e-01
5.401166097293534918e-01
5.444941789283739286e-01
5.488935701434061176e-01
5.533147657768884287e-01
5.577577481440462170e-01
5.622224994729544401e-01
5.667090019046153726e-01
5.712172374930230001e-01
5.757471882052433987e-01
5.802988359214770187e-01
5.848721624351423953e-01
5.894671494529371003e-01
5.940837785949203420e-01
5.987220313945808003e-01
6.033818892989143423e-01
6.080633336684952983e-01
6.127663457775522904e-01
6.174909068140425061e-01
6.222369978797295254e-01
6.270045999902542633e-01
6.317936940752159058e-01
6.366042609782422979e-01
6.414362814570749860e-01
6.462897361836359433e-01
6.511646057441146107e-01
6.560608706390378408e-01
6.609785112833539422e-01
6.659175080065059538e-01
6.708778410525139124e-01
6.758594905800519026e-01
6.808624366625293245e-01
6.858866592881673885e-01
6.909321383600823818e-01
6.959988536963658268e-01
7.010867850301619741e-01
7.061959120097535125e-01
7.113262141986385068e-01
7.164776710756148859e-01
7.216502620348622665e-01
7.268439663860241096e-01
7.320587633542885442e-01
7.372946320804764087e-01
7.425515516211187439e-01
7.478295009485449452e-01
7.531284589509641414e-01
7.584484044325521257e-01
7.637893161135334008e-01
7.691511726302687757e-01
7.745339525353385213e-01
7.799376342976311882e-01
7.853621963024266517e-01
7.908076168514841520e-01
7.962738741631287809e-01
8.017609463723384122e-01
8.072688115308316315e-01
8.127974476071548882e-01
8.183468324867709809e-01
8.239169439721483190e-01
8.295077597828490745e-01
8.351192575556163344e-01
8.407514148444672486e-01
8.464042091207796270e-01
8.520776177733835333e-01
8.577716181086529890e-01
8.634861873505930152e-01
8.692213026409357779e-01
8.749769410392262969e-01
8.807530795229195908e-01
8.865496949874693833e-01
8.923667642464212513e-01
8.982042640315057724e-01
9.040621709927316729e-01
9.099404616984787530e-01
9.158391126355925893e-01
9.217581002094772380e-01
9.276974007441898262e-01
9.336569904825366972e-01
9.396368455861661140e-01
9.456369421356662919e-01
9.516572561306591016e-01
9.576977634898947711e-01
9.637584400513548033e-01
9.698392615723393506e-01
9.759402037295709098e-01
9.820612421192880248e-01
9.882023522573472052e-01
9.943635095793140755e-01
1.000544689440568735e+00
1.006745867116399573e+00
1.012967017802104852e+00
1.019208116613088633e+00
1.025469138584965467e+00
1.031750058673655435e+00
1.038050851755486281e+00
1.044371492627293341e+00
1.050711956006523229e+00
1.057072216531329767e+00
1.063452248760680119e+00
1.069852027174452491e+00
1.076271526173543602e+00
1.082710720079964162e+00
1.089169583136948782e+00
1.095648089509052348e+00
1.102146213282258813e+00
1.108663928464082016e+00
1.115201208983669590e+00
1.121758028691908216e+00
1.128334361361527760e+00
1.134930180687206303e+00
1.141545460285675384e+00
1.148180173695825035e+00
1.154834294378810799e+00
1.161507795718158986e+00
1.168200651019873026e+00
1.174912833512540500e+00
1.181644316347440604e+00
1.188395072598650515e+00
1.195165075263155519e+00
1.201954297260952265e+00
1.208762711435162229e+00
1.215590290552138297e+00
1.222437007301573342e+00
1.229302834296609248e+00
1.236187744073946826e+00
1.243091709093956387e+00
1.250014701740786549e+00
1.256956694322477253e+00
1.263917659071065458e+00
1.270897568142703049e+00
1.277896393617763193e+00
1.284914107500952696e+00
1.291950681721425243e+00
1.299006088132892867e+00
1.306080298513741189e+00
1.313173284567135335e+00
1.320285017921143389e+00
1.327415470128839647e+00
1.334564612668425410e+00
1.341732416943339778e+00
1.348918854282375790e+00
1.356123895939792989e+00
1.363347513095434893e+00
1.370589676854840899e+00
1.377850358249367746e+00
1.385129528236298757e+00
1.392427157698964191e+00
1.399743217446854482e+00
1.407077678215742589e+00
1.414430510667792795e+00
1.421801685391686609e+00
1.429191172902733786e+00
1.436598943642995785e+00
1.444024967981398344e+00
1.451469216213854940e+00
1.458931658563381806e+00
1.466412265180219610e+00
1.473911006141952029e+00
1.481427851453624767e+00
1.488962771047866340e+00
1.496515734785009100e+00
1.504086712453209573e+00
1.511675673768564376e+00
1.519282588375240550e+00
1.526907425845588140e+00
1.534550155680268757e+00
1.542210747308372598e+00
1.549889170087542345e+00
1.557585393304099286e+00
1.565299386173160334e+00
1.573031117838762816e+00
1.580780557373992368e+00
1.588547673781099512e+00
1.596332435991629772e+00
1.604134812866543580e+00
1.611954773196345503e+00
1.619792285701203483e+00
1.627647319031079620e+00
1.635519841765848303e+00
1.643409822415432098e+00
1.651317229419916766e+00
1.659242031149685603e+00
1.667184195905541788e+00
1.675143691918836719e+00
1.683120487351598582e+00
1.691114550296655139e+00
1.699125848777764514e+00
1.707154350749745086e+00
1.715200024098598730e+00
1.723262836641643814e+00
1.731342756127637328e+00
1.739439750236917215e+00
1.747553786581514057e+00
1.755684832705295628e+00
1.763832856084086131e+00
1.771997824125805643e+00
1.780179704170589794e+00
1.788378463490932324e+00
1.796594069291803875e+00
1.804826488710794985e+00
1.813075688818236886e+00
1.821341636617341830e+00
1.829624299044327662e+00
1.837923642968558369e+00
1.846239635192665762e+00
1.854572242452695585e+00
1.862921431418226748e+00
1.871287168692517433e+00
1.879669420812627445e+00
1.888068154249562536e+00
1.896483335408395421e+00
1.904914930628417880e+00
1.913362906183255108e+00
1.921827228281020927e+00
1.930307863064434137e+00
1.938804776610970393e+00
1.947317934932984107e+00
1.955847303977855667e+00
1.964392849628118443e+00
1.972954537701602673e+00
1.981532333951565805e+00
1.990126204066836157e+00
1.998736113671941261e+00
2.007362028327259296e+00
2.016003913529139435e+00
2.024661734710053729e+00
2.033335457238727884e+00
2.042025046420286039e+00
2.050730467496378218e+00
2.059451685645338870e+00
2.068188665982298780e+00
2.076941373559355153e+00
2.085709773365685304e+00
2.094493830327703865e+00
2.103293509309192899e+00
2.112108775111449788e+00
2.120939592473421342e+00
2.129785926071851687e+00
2.138647740521416818e+00
2.147525000374872484e+00
2.156417670123188746e+00
